"BUSSTAT_BSNM_ID","BUS_STOP_NAME","BUSSTAT_BSNM_ROUTEID","BUSSTAT_PATH_NUMBER","BUSSTAT_DT","BUSSTAT_TKCAR_ALL_ATTEND","BUSSTAT_TKCAR_ALL_WKDAY_NOON","BUSSTAT_TKCAR_ALL_LVFFC","BUSSTAT_TKCAR_ALL_RESTDE_NOON","BUSSTAT_TKCAR_PEPL_ATTEND","BUSSTAT_TKCAR_PEPL_WKDAY_NOON","BUSSTAT_TKCAR_PEPL_LVFFC","BUSSTAT_TKCAR_PEPL_RESTDE_NOON","BUSSTAT_TKCAR_CHILD_ATTEND","BUSSTAT_TKCAR_CHILD_WKDAY_NOON","BUSSTAT_TKCAR_CHILD_LVFFC","BUSSTAT_TKCAR_CHILD_RESTDE_NOON","BUSSTAT_TKCAR_YNGBGS_ATTEND","BUSSTAT_TKCAR_YNGBGS_WKDAY_NOON","BUSSTAT_TKCAR_YNGBGS_LVFFC","BUSSTAT_TKCAR_YNGBGS_RESTDE_NOON","BUSSTAT_GFF_ALL_ATTEND","BUSSTAT_GFF_ALL_WKDAY_NOON","BUSSTAT_GFF_ALL_LVFFC","BUSSTAT_GFF_ALL_RESTDE_NOON","BUSSTAT_GFF_PEPL_ATTEND","BUSSTAT_GFF_PEPL_WKDAY_NOON","BUSSTAT_GFF_PEPL_LVFFC","BUSSTAT_GFF_PEPL_RESTDE_NOON","BUSSTAT_GFF_CHILD_ATTEND","BUSSTAT_GFF_CHILD_WKDAY_NOON","BUSSTAT_GFF_CHILD_LVFFC","BUSSTAT_GFF_CHILD_RESTDE_NOON","BUSSTAT_GFF_YNGBGS_ATTEND","BUSSTAT_GFF_YNGBGS_WKDAY_NOON","BUSSTAT_GFF_YNGBGS_LVFFC","BUSSTAT_GFF_YNGBGS_RESTDE_NOON","BUSSTAT_TRNSIT_ALL_ATTEND","BUSSTAT_TRNSIT_ALL_WKDAY_NOON","BUSSTAT_TRNSIT_ALL_LVFFC","BUSSTAT_TRNSIT_ALL_RESTDE_NOON","BUSSTAT_TRNSIT_PEPL_ATTEND","BUSSTAT_TRNSIT_PEPL_WKDAY_NOON","BUSSTAT_TRNSIT_PEPL_LVFFC","BUSSTAT_TRNSIT_PEPL_RESTDE_NOON","BUSSTAT_TRNSIT_CHILD_ATTEND","BUSSTAT_TRNSIT_CHILD_WKDAY_NOON","BUSSTAT_TRNSIT_CHILD_LVFFC","BUSSTAT_TRNSIT_CHILD_RESTDE_NOON","BUSSTAT_TRNSIT_YNGBGS_ATTEND","BUSSTAT_TRNSIT_YNGBGS_WKDAY_NOON","BUSSTAT_TRNSIT_YNGBGS_LVFFC","BUSSTAT_TRNSIT_YNGBGS_RESTDE_NOON"
"00000006","4수원지","00000087","1187","20221003","0","2","0","2","0","2","0","2","0","0","0","0","0","0","0","0","0","0","0","0","0","0","0","0","0","0","0","0","0","0","0","0","0","0","0","0","0","0","0","0","0","0","0","0","0","0","0","0"
"00000006","4수원지","00000097","1187-1","20221003","0","0","2","0","0","0","1","0","0","0","0","0","0","0","1","0","0","0","0","0","0","0","0","0","0","0","0","0","0","0","0","0","0","0","0","0","0","0","0","0","0","0","0","0","0","0","0","0"
"00000008","4수원지위","00000078","충효187","20221003","0","0","0","0","0","0","0","0","0","0","0","0","0","0","0","0","0","0","0","0","0","0","0","0","0","0","0","0","0","0","0","0","0","0","0","0","0","0","0","0","0","0","0","0","0","0","0","0"
"00000008","4수원지위","00000087","1187","20221003","0","0","0","0","0","0","0","0","0","0","0","0","0","0","0","0","0","0","1","0","0","0","1","0","0","0","0","0","0","0","0","0","0","0","0","0","0","0","0","0","0","0","0","0","0","0","0","0"
"00000008","4수원지위","00000097","1187-1","20221003","0","0","0","0","0","0","0","0","0","0","0","0","0","0","0","0","0","0","0","0","0","0","0","0","0","0","0","0","0","0","0","0","0","0","0","0","0","0","0","0","0","0","0","0","0","0","0","0"
"00000009","4수원지위","00000078","충효187","20221003","0","0","0","0","0","0","0","0","0","0","0","0","0","0","0","0","0","0","0","0","0","0","0","0","0","0","0","0","0","0","0","0","0","0","0","0","0","0","0","0","0","0","0","0","0","0","0","0"
"00000009","4수원지위","00000087","1187","20221003","0","0","2","0","0","0","2","0","0","0","0","0","0","0","0","0","0","0","0","0","0","0","0","0","0","0","0","0","0","0","0","0","0","0","0","0","0","0","0","0","0","0","0","0","0","0","0","0"
"00000011","5.18기념문화센터","00000036","상무62(상무역행)","20221003","0","0","2","0","0","0","2","0","0","0","0","0","0","0","0","0","0","0","0","0","0","0","0","0","0","0","0","0","0","0","0","0","0","0","0","0","0","0","0","0","0","0","0","0","0","0","0","0"
"00000011","5.18기념문화센터","00000037","상무63","20221003","1","0","0","0","1","0","0","0","0","0","0","0","0","0","0","0","0","0","1","0","0","0","1","0","0","0","0","0","0","0","0","0","0","0","0","0","0","0","0","0","0","0","0","0","0","0","0","0"
"00000011","5.18기념문화센터","00000038","상무64","20221003","1","1","3","1","1","1","3","1","0","0","0","0","0","0","0","0","0","0","0","0","0","0","0","0","0","0","0","0","0","0","0","0","0","0","0","0","0","0","0","0","0","0","0","0","0","0","0","0"
"00000011","5.18기념문화센터","00000059","임곡89","20221003","0","0","1","0","0","0","0","0","0","0","0","0","0","0","1","0","0","0","0","0","0","0","0","0","0","0","0","0","0","0","0","0","0","0","0","0","0","0","0","0","0","0","0","0","0","0","0","0"
"00000011","5.18기념문화센터","00000086","518","20221003","0","2","0","2","0","2","0","2","0","0","0","0","0","0","0","0","0","0","0","0","0","0","0","0","0","0","0","0","0","0","0","0","0","0","0","0","0","0","0","0","0","0","0","0","0","0","0","0"
"00000011","5.18기념문화센터","00000095","금호46","20221003","2","0","2","0","2","0","2","0","0","0","0","0","0","0","0","0","0","2","0","2","0","1","0","1","0","1","0","1","0","0","0","0","0","0","0","0","0","0","0","0","0","0","0","0","0","0","0","0"
"00000011","5.18기념문화센터","00000115","선운14","20221003","2","4","2","4","2","2","1","2","0","2","0","2","0","0","1","0","1","0","1","0","1","0","1","0","0","0","0","0","0","0","0","0","0","0","0","0","0","0","0","0","0","0","0","0","0","0","0","0"
"00000011","5.18기념문화센터","00000116","첨단22","20221003","0","1","0","1","0","1","0","1","0","0","0","0","0","0","0","0","0","0","2","0","0","0","2","0","0","0","0","0","0","0","0","0","1","0","0","0","1","0","0","0","0","0","0","0","0","0","0","0"
"00000012","5.18기념문화센터","00000037","상무63","20221003","0","0","0","0","0","0","0","0","0","0","0","0","0","0","0","0","0","1","1","1","0","1","1","1","0","0","0","0","0","0","0","0","0","0","0","0","0","0","0","0","0","0","0","0","0","0","0","0"
"00000012","5.18기념문화센터","00000038","상무64","20221003","1","6","4","6","1","2","4","2","0","3","0","3","0","1","0","1","0","1","0","1","0","1","0","1","0","0","0","0","0","0","0","0","0","0","0","0","0","0","0","0","0","0","0","0","0","0","0","0"
"00000012","5.18기념문화센터","00000086","518","20221003","0","1","0","1","0","0","0","0","0","0","0","0","0","1","0","1","1","0","0","0","1","0","0","0","0","0","0","0","0","0","0","0","0","0","0","0","0","0","0","0","0","0","0","0","0","0","0","0"
"00000012","5.18기념문화센터","00000095","금호46","20221003","0","4","2","4","0","4","0","4","0","0","0","0","0","0","2","0","4","0","1","0","4","0","1","0","0","0","0","0","0","0","0","0","0","0","0","0","0","0","0","0","0","0","0","0","0","0","0","0"
"00000012","5.18기념문화센터","00000115","선운14","20221003","1","1","0","1","1","1","0","1","0","0","0","0","0","0","0","0","0","1","0","1","0","0","0","0","0","1","0","1","0","0","0","0","0","0","0","0","0","0","0","0","0","0","0","0","0","0","0","0"
"00000012","5.18기념문화센터","00000116","첨단22","20221003","0","3","1","3","0","2","1","2","0","0","0","0","0","1","0","1","0","1","2","1","0","1","2","1","0","0","0","0","0","0","0","0","0","0","0","0","0","0","0","0","0","0","0","0","0","0","0","0"
"00000012","5.18기념문화센터","00000127","상무62","20221003","0","0","1","0","0","0","0","0","0","0","0","0","0","0","1","0","1","0","1","0","1","0","1","0","0","0","0","0","0","0","0","0","0","0","0","0","0","0","0","0","0","0","0","0","0","0","0","0"
"00000012","5.18기념문화센터","00000214","마을799","20221003","0","0","0","0","0","0","0","0","0","0","0","0","0","0","0","0","0","1","0","1","0","1","0","1","0","0","0","0","0","0","0","0","0","0","0","0","0","0","0","0","0","0","0","0","0","0","0","0"
"00000015","각화초교","00000030","금남55","20221003","0","0","0","0","0","0","0","0","0","0","0","0","0","0","0","0","1","0","0","0","1","0","0","0","0","0","0","0","0","0","0","0","0","0","0","0","0","0","0","0","0","0","0","0","0","0","0","0"
"00000015","각화초교","00000052","두암81(각화초교)","20221003","3","0","0","0","3","0","0","0","0","0","0","0","0","0","0","0","0","0","0","0","0","0","0","0","0","0","0","0","0","0","0","0","0","0","0","0","0","0","0","0","0","0","0","0","0","0","0","0"
"00000015","각화초교","00000057","용전86","20221003","0","1","0","1","0","0","0","0","0","0","0","0","0","1","0","1","0","0","0","0","0","0","0","0","0","0","0","0","0","0","0","0","0","0","0","0","0","0","0","0","0","0","0","0","0","0","0","0"
"00000015","각화초교","00000088","금호36","20221003","1","0","0","0","1","0","0","0","0","0","0","0","0","0","0","0","2","1","1","1","2","1","1","1","0","0","0","0","0","0","0","0","0","0","0","0","0","0","0","0","0","0","0","0","0","0","0","0"
"00000015","각화초교","00000091","송암74","20221003","0","0","0","0","0","0","0","0","0","0","0","0","0","0","0","0","0","1","1","1","0","1","1","1","0","0","0","0","0","0","0","0","0","0","0","0","0","0","0","0","0","0","0","0","0","0","0","0"
"00000015","각화초교","00000117","첨단23","20221003","3","2","3","2","2","1","3","1","0","0","0","0","1","1","0","1","0","0","0","0","0","0","0","0","0","0","0","0","0","0","0","0","0","0","0","0","0","0","0","0","0","0","0","0","0","0","0","0"
"00000015","각화초교","00000129","두암81(장등동)","20221003","1","0","0","0","1","0","0","0","0","0","0","0","0","0","0","0","0","1","0","1","0","1","0","1","0","0","0","0","0","0","0","0","0","0","0","0","0","0","0","0","0","0","0","0","0","0","0","0"
"00000017","거진","00000055","용전84","20221003","2","1","1","1","2","1","1","1","0","0","0","0","0","0","0","0","0","0","2","0","0","0","2","0","0","0","0","0","0","0","0","0","2","0","0","0","2","0","0","0","0","0","0","0","0","0","0","0"
"00000017","거진","00000065","첨단95","20221003","3","1","4","1","3","1","4","1","0","0","0","0","0","0","0","0","1","2","3","2","1","1","3","1","0","0","0","0","0","1","0","1","0","1","0","1","0","1","0","1","0","0","0","0","0","0","0","0"
"00000017","거진","00000203","마을700","20221003","0","0","1","0","0","0","1","0","0","0","0","0","0","0","0","0","3","3","2","3","3","2","2","2","0","0","0","0","0","1","0","1","0","0","0","0","0","0","0","0","0","0","0","0","0","0","0","0"
"00000018","거진","00000055","용전84","20221003","13","6","2","6","13","6","2","6","0","0","0","0","0","0","0","0","1","1","1","1","1","1","1","1","0","0","0","0","0","0","0","0","0","0","0","0","0","0","0","0","0","0","0","0","0","0","0","0"
"00000018","거진","00000065","첨단95","20221003","26","30","28","30","23","21","27","21","0","3","0","3","3","6","1","6","1","1","0","1","1","1","0","1","0","0","0","0","0","0","0","0","3","1","0","1","2","1","0","1","0","0","0","0","1","0","0","0"
"00000019","건강협회(남)","00000044","송암73","20221003","4","3","1","3","4","3","1","3","0","0","0","0","0","0","0","0","0","4","1","4","0","4","1","4","0","0","0","0","0","0","0","0","1","0","0","0","1","0","0","0","0","0","0","0","0","0","0","0"
"00000020","건강협회","00000012","지원25","20221003","1","1","6","1","1","1","6","1","0","0","0","0","0","0","0","0","1","0","0","0","1","0","0","0","0","0","0","0","0","0","0","0","0","0","1","0","0","0","1","0","0","0","0","0","0","0","0","0"
"00000020","건강협회","00000102","수완12","20221003","4","1","7","1","4","1","5","1","0","0","0","0","0","0","2","0","1","0","1","0","1","0","1","0","0","0","0","0","0","0","0","0","0","3","1","3","0","3","1","3","0","0","0","0","0","0","0","0"
"00000020","건강협회","00000119","지원56","20221003","0","2","0","2","0","2","0","2","0","0","0","0","0","0","0","0","1","0","0","0","1","0","0","0","0","0","0","0","0","0","0","0","0","0","0","0","0","0","0","0","0","0","0","0","0","0","0","0"
"00000021","건강협회","00000012","지원25","20221003","7","5","6","5","7","5","6","5","0","0","0","0","0","0","0","0","1","1","2","1","1","1","2","1","0","0","0","0","0","0","0","0","1","0","0","0","1","0","0","0","0","0","0","0","0","0","0","0"
"00000021","건강협회","00000044","송암73","20221003","1","5","3","5","1","5","3","5","0","0","0","0","0","0","0","0","1","1","1","1","1","1","1","1","0","0","0","0","0","0","0","0","0","1","1","1","0","1","0","1","0","0","0","0","0","0","1","0"
"00000021","건강협회","00000102","수완12","20221003","0","2","0","2","0","2","0","2","0","0","0","0","0","0","0","0","0","0","2","0","0","0","2","0","0","0","0","0","0","0","0","0","0","0","1","0","0","0","1","0","0","0","0","0","0","0","0","0"
"00000021","건강협회","00000119","지원56","20221003","2","1","1","1","2","1","1","1","0","0","0","0","0","0","0","0","0","0","2","0","0","0","2","0","0","0","0","0","0","0","0","0","0","1","0","1","0","1","0","1","0","0","0","0","0","0","0","0"
"00000022","건국동행정복지센터","00000032","금남57","20221003","0","0","4","0","0","0","4","0","0","0","0","0","0","0","0","0","0","1","0","1","0","1","0","1","0","0","0","0","0","0","0","0","0","0","0","0","0","0","0","0","0","0","0","0","0","0","0","0"
"00000022","건국동행정복지센터","00000065","첨단95","20221003","0","0","1","0","0","0","1","0","0","0","0","0","0","0","0","0","0","0","0","0","0","0","0","0","0","0","0","0","0","0","0","0","0","0","0","0","0","0","0","0","0","0","0","0","0","0","0","0"
"00000024","경방","00000011","첨단20","20221003","0","0","0","0","0","0","0","0","0","0","0","0","0","0","0","0","1","0","0","0","1","0","0","0","0","0","0","0","0","0","0","0","0","0","0","0","0","0","0","0","0","0","0","0","0","0","0","0"
"00000025","경신여고","00000001","순환01(시청행)","20221003","6","12","7","12","6","11","7","11","0","1","0","1","0","0","0","0","4","8","12","8","4","8","12","8","0","0","0","0","0","0","0","0","11","11","17","11","11","11","16","11","0","0","0","0","0","0","1","0"
"00000025","경신여고","00000007","매월16","20221003","0","3","0","3","0","3","0","3","0","0","0","0","0","0","0","0","8","5","6","5","8","4","6","4","0","1","0","1","0","0","0","0","0","4","1","4","0","4","1","4","0","0","0","0","0","0","0","0"
"00000025","경신여고","00000009","문흥18","20221003","6","10","5","10","6","7","3","7","0","1","0","1","0","2","2","2","5","7","6","7","5","7","5","7","0","0","0","0","0","0","1","0","15","27","36","27","15","23","36","23","0","1","0","1","0","3","0","3"
"00000025","경신여고","00000013","매월26","20221003","7","7","2","7","7","7","2","7","0","0","0","0","0","0","0","0","8","11","20","11","8","8","18","8","0","0","1","0","0","3","1","3","8","15","16","15","8","15","13","15","0","0","0","0","0","0","3","0"
"00000025","경신여고","00000014","봉선27","20221003","2","11","10","11","1","9","9","9","0","1","0","1","1","1","1","1","2","4","5","4","2","4","5","4","0","0","0","0","0","0","0","0","9","10","33","10","9","10","31","10","0","0","1","0","0","0","1","0"
"00000025","경신여고","00000024","송암47","20221003","1","3","2","3","1","3","2","3","0","0","0","0","0","0","0","0","3","4","6","4","3","4","6","4","0","0","0","0","0","0","0","0","5","4","3","4","5","4","3","4","0","0","0","0","0","0","0","0"
"00000025","경신여고","00000026","운림51","20221003","20","24","6","24","20","20","6","20","0","1","0","1","0","3","0","3","2","8","8","8","2","7","8","7","0","0","0","0","0","1","0","1","6","6","7","6","6","6","7","6","0","0","0","0","0","0","0","0"
"00000025","경신여고","00000033","금남58","20221003","8","21","4","21","8","17","4","17","0","1","0","1","0","3","0","3","2","6","1","6","2","5","0","5","0","0","0","0","0","1","1","1","3","10","1","10","3","9","1","9","0","0","0","0","0","1","0","1"
"00000025","경신여고","00000038","상무64","20221003","0","0","0","0","0","0","0","0","0","0","0","0","0","0","0","0","2","1","3","1","2","1","3","1","0","0","0","0","0","0","0","0","4","2","7","2","4","2","6","2","0","0","1","0","0","0","0","0"
"00000025","경신여고","00000043","송암72","20221003","6","6","1","6","6","5","1","5","0","0","0","0","0","1","0","1","1","6","4","6","1","6","3","6","0","0","0","0","0","0","1","0","0","3","1","3","0","3","1","3","0","0","0","0","0","0","0","0"
"00000025","경신여고","00000054","용봉83","20221003","3","7","8","7","3","7","5","7","0","0","2","0","0","0","1","0","5","6","4","6","5","6","4","6","0","0","0","0","0","0","0","0","1","4","5","4","1","4","5","4","0","0","0","0","0","0","0","0"
"00000025","경신여고","00000065","첨단95","20221003","4","11","8","11","4","11","8","11","0","0","0","0","0","0","0","0","5","6","4","6","5","6","4","6","0","0","0","0","0","0","0","0","2","2","6","2","2","2","4","2","0","0","0","0","0","0","2","0"
"00000025","경신여고","00000098","수완49","20221003","4","4","2","4","4","2","2","2","0","1","0","1","0","1","0","1","1","2","2","2","1","2","2","2","0","0","0","0","0","0","0","0","2","2","2","2","2","2","2","2","0","0","0","0","0","0","0","0"
"00000025","경신여고","00000109","좌석02","20221003","9","5","0","5","9","5","0","5","0","0","0","0","0","0","0","0","5","16","17","16","5","16","17","16","0","0","0","0","0","0","0","0","5","2","0","2","5","2","0","2","0","0","0","0","0","0","0","0"
"00000025","경신여고","00000114","수완03","20221003","2","10","12","10","2","10","12","10","0","0","0","0","0","0","0","0","11","24","47","24","11","18","44","18","0","2","0","2","0","4","3","4","12","23","15","23","12","21","15","21","0","0","0","0","0","2","0","2"
"00000025","경신여고","00000211","마을777(우치공원)","20221003","0","0","3","0","0","0","3","0","0","0","0","0","0","0","0","0","1","1","1","1","1","1","1","1","0","0","0","0","0","0","0","0","1","2","2","2","1","2","2","2","0","0","0","0","0","0","0","0"
"00000026","경신여고(일방로)","00000026","운림51","20221003","3","6","3","6","3","4","3","4","0","1","0","1","0","1","0","1","2","5","19","5","2","5","19","5","0","0","0","0","0","0","0","0","4","9","10","9","4","8","9","8","0","0","0","0","0","1","1","1"
"00000026","경신여고(일방로)","00000033","금남58","20221003","1","0","2","0","1","0","1","0","0","0","0","0","0","0","1","0","0","2","4","2","0","2","3","2","0","0","0","0","0","0","1","0","0","0","1","0","0","0","1","0","0","0","0","0","0","0","0","0"
"00000026","경신여고(일방로)","00000054","용봉83","20221003","0","2","1","2","0","2","0","2","0","0","0","0","0","0","1","0","1","3","1","3","1","3","1","3","0","0","0","0","0","0","0","0","2","3","8","3","2","3","8","3","0","0","0","0","0","0","0","0"
"00000026","경신여고(일방로)","00000056","용전85","20221003","3","1","1","1","3","1","1","1","0","0","0","0","0","0","0","0","0","3","2","3","0","3","2","3","0","0","0","0","0","0","0","0","0","7","13","7","0","6","13","6","0","1","0","1","0","0","0","0"
"00000026","경신여고(일방로)","00000211","마을777(우치공원)","20221003","1","0","6","0","1","0","3","0","0","0","0","0","0","0","3","0","0","0","0","0","0","0","0","0","0","0","0","0","0","0","0","0","1","3","8","3","1","3","8","3","0","0","0","0","0","0","0","0"
"00000027","계림초교후문","00000030","금남55","20221003","4","0","2","0","4","0","1","0","0","0","1","0","0","0","0","0","0","0","0","0","0","0","0","0","0","0","0","0","0","0","0","0","0","0","0","0","0","0","0","0","0","0","0","0","0","0","0","0"
"00000029","계수","00000007","매월16","20221003","2","3","5","3","1","2","4","2","1","0","0","0","0","1","1","1","0","0","3","0","0","0","2","0","0","0","1","0","0","0","0","0","0","0","0","0","0","0","0","0","0","0","0","0","0","0","0","0"
"00000029","계수","00000012","지원25","20221003","3","7","6","7","3","7","3","7","0","0","0","0","0","0","3","0","0","1","2","1","0","1","2","1","0","0","0","0","0","0","0","0","0","0","0","0","0","0","0","0","0","0","0","0","0","0","0","0"
"00000029","계수","00000020","일곡38","20221003","5","0","3","0","5","0","3","0","0","0","0","0","0","0","0","0","1","0","4","0","1","0","4","0","0","0","0","0","0","0","0","0","0","0","0","0","0","0","0","0","0","0","0","0","0","0","0","0"
"00000029","계수","00000095","금호46","20221003","1","2","0","2","1","2","0","2","0","0","0","0","0","0","0","0","0","1","0","1","0","1","0","1","0","0","0","0","0","0","0","0","0","0","0","0","0","0","0","0","0","0","0","0","0","0","0","0"
"00000029","계수","00000111","송암68","20221003","1","0","0","0","1","0","0","0","0","0","0","0","0","0","0","0","0","0","0","0","0","0","0","0","0","0","0","0","0","0","0","0","0","0","0","0","0","0","0","0","0","0","0","0","0","0","0","0"
"00000030","계수","00000007","매월16","20221003","0","3","0","3","0","2","0","2","0","1","0","1","0","0","0","0","0","0","0","0","0","0","0","0","0","0","0","0","0","0","0","0","0","0","1","0","0","0","1","0","0","0","0","0","0","0","0","0"
"00000030","계수","00000020","일곡38","20221003","4","2","2","2","4","2","2","2","0","0","0","0","0","0","0","0","0","0","2","0","0","0","2","0","0","0","0","0","0","0","0","0","0","0","0","0","0","0","0","0","0","0","0","0","0","0","0","0"
"00000030","계수","00000095","금호46","20221003","0","0","0","0","0","0","0","0","0","0","0","0","0","0","0","0","2","4","2","4","2","4","2","4","0","0","0","0","0","0","0","0","0","0","0","0","0","0","0","0","0","0","0","0","0","0","0","0"
"00000030","계수","00000111","송암68","20221003","0","4","0","4","0","4","0","4","0","0","0","0","0","0","0","0","0","0","0","0","0","0","0","0","0","0","0","0","0","0","0","0","0","0","0","0","0","0","0","0","0","0","0","0","0","0","0","0"
"00000037","31사단","00000006","지원15","20221003","0","0","1","0","0","0","1","0","0","0","0","0","0","0","0","0","0","0","0","0","0","0","0","0","0","0","0","0","0","0","0","0","0","0","0","0","0","0","0","0","0","0","0","0","0","0","0","0"
"00000037","31사단","00000015","일곡28","20221003","0","0","0","0","0","0","0","0","0","0","0","0","0","0","0","0","0","2","1","2","0","2","1","2","0","0","0","0","0","0","0","0","0","0","0","0","0","0","0","0","0","0","0","0","0","0","0","0"
"00000037","31사단","00000077","용전184","20221003","1","0","0","0","1","0","0","0","0","0","0","0","0","0","0","0","0","0","0","0","0","0","0","0","0","0","0","0","0","0","0","0","0","0","0","0","0","0","0","0","0","0","0","0","0","0","0","0"
"00000039","고려고","00000004","진월07","20221003","5","7","6","7","4","5","5","5","0","0","0","0","1","2","1","2","3","2","8","2","3","2","7","2","0","0","1","0","0","0","0","0","1","0","0","0","1","0","0","0","0","0","0","0","0","0","0","0"
"00000039","고려고","00000013","매월26","20221003","0","4","0","4","0","2","0","2","0","1","0","1","0","1","0","1","1","3","2","3","1","3","2","3","0","0","0","0","0","0","0","0","1","0","0","0","1","0","0","0","0","0","0","0","0","0","0","0"
"00000039","고려고","00000016","송정29","20221003","1","3","2","3","1","0","2","0","0","1","0","1","0","2","0","2","0","0","0","0","0","0","0","0","0","0","0","0","0","0","0","0","0","0","0","0","0","0","0","0","0","0","0","0","0","0","0","0"
"00000039","고려고","00000017","첨단30","20221003","3","6","4","6","3","5","2","5","0","0","0","0","0","1","2","1","0","0","2","0","0","0","2","0","0","0","0","0","0","0","0","0","0","1","0","1","0","1","0","1","0","0","0","0","0","0","0","0"
"00000039","고려고","00000020","일곡38","20221003","0","1","1","1","0","0","1","0","0","0","0","0","0","1","0","1","1","1","0","1","1","1","0","1","0","0","0","0","0","0","0","0","1","0","0","0","0","0","0","0","0","0","0","0","1","0","0","0"
"00000039","고려고","00000031","419","20221003","1","0","1","0","1","0","1","0","0","0","0","0","0","0","0","0","0","0","0","0","0","0","0","0","0","0","0","0","0","0","0","0","0","0","1","0","0","0","1","0","0","0","0","0","0","0","0","0"
"00000039","고려고","00000032","금남57","20221003","2","8","3","8","2","4","3","4","0","0","0","0","0","4","0","4","0","1","1","1","0","1","1","1","0","0","0","0","0","0","0","0","1","0","0","0","1","0","0","0","0","0","0","0","0","0","0","0"
"00000039","고려고","00000057","용전86","20221003","0","1","8","1","0","1","2","1","0","0","0","0","0","0","6","0","1","1","0","1","1","1","0","1","0","0","0","0","0","0","0","0","0","0","0","0","0","0","0","0","0","0","0","0","0","0","0","0"
"00000039","고려고","00000117","첨단23","20221003","5","5","2","5","5","5","0","5","0","0","1","0","0","0","1","0","1","1","3","1","1","1","2","1","0","0","0","0","0","0","1","0","0","0","1","0","0","0","1","0","0","0","0","0","0","0","0","0"
"00000039","고려고","00000213","마을788","20221003","0","0","3","0","0","0","0","0","0","0","0","0","0","0","3","0","0","0","0","0","0","0","0","0","0","0","0","0","0","0","0","0","0","0","2","0","0","0","2","0","0","0","0","0","0","0","0","0"
"00000040","고려고","00000004","진월07","20221003","22","32","31","32","19","28","21","28","1","1","1","1","2","3","9","3","0","3","2","3","0","2","0","2","0","0","0","0","0","1","2","1","2","0","4","0","2","0","3","0","0","0","0","0","0","0","1","0"
"00000040","고려고","00000013","매월26","20221003","4","7","7","7","4","6","7","6","0","0","0","0","0","1","0","1","3","1","2","1","3","0","2","0","0","0","0","0","0","1","0","1","0","0","0","0","0","0","0","0","0","0","0","0","0","0","0","0"
"00000040","고려고","00000016","송정29","20221003","8","5","2","5","7","2","2","2","1","0","0","0","0","3","0","3","2","4","1","4","2","3","1","3","0","0","0","0","0","1","0","1","3","0","0","0","3","0","0","0","0","0","0","0","0","0","0","0"
"00000040","고려고","00000017","첨단30","20221003","7","7","4","7","7","7","4","7","0","0","0","0","0","0","0","0","2","3","2","3","2","3","1","3","0","0","0","0","0","0","1","0","1","0","0","0","0","0","0","0","0","0","0","0","1","0","0","0"
"00000040","고려고","00000020","일곡38","20221003","8","6","2","6","8","5","2","5","0","1","0","1","0","0","0","0","1","0","0","0","1","0","0","0","0","0","0","0","0","0","0","0","2","0","0","0","2","0","0","0","0","0","0","0","0","0","0","0"
"00000040","고려고","00000031","419","20221003","1","0","1","0","1","0","1","0","0","0","0","0","0","0","0","0","0","0","1","0","0","0","1","0","0","0","0","0","0","0","0","0","0","0","0","0","0","0","0","0","0","0","0","0","0","0","0","0"
"00000040","고려고","00000032","금남57","20221003","3","5","4","5","3","5","4","5","0","0","0","0","0","0","0","0","1","3","4","3","1","3","4","3","0","0","0","0","0","0","0","0","0","0","0","0","0","0","0","0","0","0","0","0","0","0","0","0"
"00000040","고려고","00000117","첨단23","20221003","0","3","6","3","0","3","5","3","0","0","0","0","0","0","1","0","1","2","0","2","1","2","0","2","0","0","0","0","0","0","0","0","0","1","0","1","0","1","0","1","0","0","0","0","0","0","0","0"
"00000040","고려고","00000213","마을788","20221003","0","5","0","5","0","5","0","5","0","0","0","0","0","0","0","0","0","1","1","1","0","0","1","0","0","0","0","0","0","1","0","1","0","1","0","1","0","1","0","1","0","0","0","0","0","0","0","0"
"00000041","고려병원","00000071","228(구151화순사평)","20221003","0","0","0","0","0","0","0","0","0","0","0","0","0","0","0","0","0","0","0","0","0","0","0","0","0","0","0","0","0","0","0","0","0","0","0","0","0","0","0","0","0","0","0","0","0","0","0","0"
"00000041","고려병원","00000122","228(화순전대병원)","20221003","0","0","0","0","0","0","0","0","0","0","0","0","0","0","0","0","0","0","0","0","0","0","0","0","0","0","0","0","0","0","0","0","0","0","0","0","0","0","0","0","0","0","0","0","0","0","0","0"
"00000042","고려병원","00000071","228(구151화순사평)","20221003","0","0","0","0","0","0","0","0","0","0","0","0","0","0","0","0","0","0","0","0","0","0","0","0","0","0","0","0","0","0","0","0","0","0","0","0","0","0","0","0","0","0","0","0","0","0","0","0"
"00000042","고려병원","00000122","228(화순전대병원)","20221003","0","0","0","0","0","0","0","0","0","0","0","0","0","0","0","0","0","0","0","0","0","0","0","0","0","0","0","0","0","0","0","0","0","0","0","0","0","0","0","0","0","0","0","0","0","0","0","0"
"00000044","공군부대","00000060","임곡90","20221003","0","1","0","1","0","1","0","1","0","0","0","0","0","0","0","0","0","0","2","0","0","0","2","0","0","0","0","0","0","0","0","0","0","0","0","0","0","0","0","0","0","0","0","0","0","0","0","0"
"00000044","공군부대","00000125","선운101","20221003","0","0","0","0","0","0","0","0","0","0","0","0","0","0","0","0","0","0","1","0","0","0","0","0","0","0","0","0","0","0","1","0","0","0","0","0","0","0","0","0","0","0","0","0","0","0","0","0"
"00000045","공군부대","00000010","송정19","20221003","0","0","0","0","0","0","0","0","0","0","0","0","0","0","0","0","0","0","0","0","0","0","0","0","0","0","0","0","0","0","0","0","1","1","0","1","1","1","0","1","0","0","0","0","0","0","0","0"
"00000045","공군부대","00000023","지원45","20221003","0","0","0","0","0","0","0","0","0","0","0","0","0","0","0","0","0","0","0","0","0","0","0","0","0","0","0","0","0","0","0","0","0","0","2","0","0","0","2","0","0","0","0","0","0","0","0","0"
"00000045","공군부대","00000044","송암73","20221003","0","2","0","2","0","2","0","2","0","0","0","0","0","0","0","0","0","0","0","0","0","0","0","0","0","0","0","0","0","0","0","0","0","0","0","0","0","0","0","0","0","0","0","0","0","0","0","0"
"00000045","공군부대","00000060","임곡90","20221003","0","0","0","0","0","0","0","0","0","0","0","0","0","0","0","0","0","1","0","1","0","1","0","1","0","0","0","0","0","0","0","0","0","0","0","0","0","0","0","0","0","0","0","0","0","0","0","0"
"00000045","공군부대","00000092","첨단40","20221003","0","0","0","0","0","0","0","0","0","0","0","0","0","0","0","0","0","0","0","0","0","0","0","0","0","0","0","0","0","0","0","0","0","0","0","0","0","0","0","0","0","0","0","0","0","0","0","0"
"00000045","공군부대","00000125","선운101","20221003","0","0","0","0","0","0","0","0","0","0","0","0","0","0","0","0","0","0","0","0","0","0","0","0","0","0","0","0","0","0","0","0","0","0","0","0","0","0","0","0","0","0","0","0","0","0","0","0"
"00000046","농협공판장","00000027","지원52","20221003","0","0","1","0","0","0","1","0","0","0","0","0","0","0","0","0","0","0","0","0","0","0","0","0","0","0","0","0","0","0","0","0","0","0","0","0","0","0","0","0","0","0","0","0","0","0","0","0"
"00000047","공항역","00000010","송정19","20221003","3","3","0","3","3","3","0","3","0","0","0","0","0","0","0","0","0","1","0","1","0","1","0","1","0","0","0","0","0","0","0","0","1","2","1","2","1","2","1","2","0","0","0","0","0","0","0","0"
"00000047","공항역","00000011","첨단20","20221003","2","1","0","1","2","1","0","1","0","0","0","0","0","0","0","0","4","8","6","8","4","8","6","8","0","0","0","0","0","0","0","0","3","0","1","0","3","0","1","0","0","0","0","0","0","0","0","0"
"00000047","공항역","00000020","일곡38","20221003","0","6","3","6","0","5","3","5","0","0","0","0","0","1","0","1","0","0","0","0","0","0","0","0","0","0","0","0","0","0","0","0","1","1","0","1","1","1","0","1","0","0","0","0","0","0","0","0"
"00000047","공항역","00000023","지원45","20221003","2","4","1","4","2","4","1","4","0","0","0","0","0","0","0","0","3","3","2","3","3","2","2","2","0","1","0","1","0","0","0","0","0","5","1","5","0","5","1","5","0","0","0","0","0","0","0","0"
"00000047","공항역","00000036","상무62(상무역행)","20221003","0","1","0","1","0","0","0","0","0","1","0","1","0","0","0","0","0","0","0","0","0","0","0","0","0","0","0","0","0","0","0","0","0","0","1","0","0","0","1","0","0","0","0","0","0","0","0","0"
"00000047","공항역","00000044","송암73","20221003","0","2","4","2","0","2","4","2","0","0","0","0","0","0","0","0","1","3","1","3","1","3","1","3","0","0","0","0","0","0","0","0","0","3","2","3","0","3","2","3","0","0","0","0","0","0","0","0"
"00000047","공항역","00000093","송정97","20221003","0","0","0","0","0","0","0","0","0","0","0","0","0","0","0","0","0","1","0","1","0","1","0","1","0","0","0","0","0","0","0","0","0","0","0","0","0","0","0","0","0","0","0","0","0","0","0","0"
"00000047","공항역","00000100","진월75","20221003","1","1","2","1","1","1","2","1","0","0","0","0","0","0","0","0","0","0","0","0","0","0","0","0","0","0","0","0","0","0","0","0","3","0","1","0","3","0","1","0","0","0","0","0","0","0","0","0"
"00000047","공항역","00000109","좌석02","20221003","0","3","4","3","0","3","4","3","0","0","0","0","0","0","0","0","1","3","0","3","0","3","0","3","0","0","0","0","1","0","0","0","2","0","0","0","2","0","0","0","0","0","0","0","0","0","0","0"
"00000048","공항역","00000010","송정19","20221003","0","0","0","0","0","0","0","0","0","0","0","0","0","0","0","0","1","1","1","1","1","0","1","0","0","0","0","0","0","1","0","1","0","0","0","0","0","0","0","0","0","0","0","0","0","0","0","0"
"00000048","공항역","00000011","첨단20","20221003","0","0","0","0","0","0","0","0","0","0","0","0","0","0","0","0","0","0","0","0","0","0","0","0","0","0","0","0","0","0","0","0","0","0","0","0","0","0","0","0","0","0","0","0","0","0","0","0"
"00000048","공항역","00000023","지원45","20221003","0","0","0","0","0","0","0","0","0","0","0","0","0","0","0","0","2","0","1","0","2","0","1","0","0","0","0","0","0","0","0","0","0","0","0","0","0","0","0","0","0","0","0","0","0","0","0","0"
"00000048","공항역","00000044","송암73","20221003","0","0","0","0","0","0","0","0","0","0","0","0","0","0","0","0","0","0","0","0","0","0","0","0","0","0","0","0","0","0","0","0","0","0","0","0","0","0","0","0","0","0","0","0","0","0","0","0"
"00000048","공항역","00000100","진월75","20221003","0","0","0","0","0","0","0","0","0","0","0","0","0","0","0","0","5","2","3","2","1","2","3","2","0","0","0","0","4","0","0","0","0","0","0","0","0","0","0","0","0","0","0","0","0","0","0","0"
"00000048","공항역","00000109","좌석02","20221003","1","0","0","0","1","0","0","0","0","0","0","0","0","0","0","0","0","2","6","2","0","2","6","2","0","0","0","0","0","0","0","0","1","0","5","0","1","0","5","0","0","0","0","0","0","0","0","0"
"00000048","공항역","00000127","상무62","20221003","0","0","0","0","0","0","0","0","0","0","0","0","0","0","0","0","0","0","1","0","0","0","1","0","0","0","0","0","0","0","0","0","0","0","0","0","0","0","0","0","0","0","0","0","0","0","0","0"
"00000051","과기원","00000007","매월16","20221003","0","0","0","0","0","0","0","0","0","0","0","0","0","0","0","0","0","0","0","0","0","0","0","0","0","0","0","0","0","0","0","0","0","0","0","0","0","0","0","0","0","0","0","0","0","0","0","0"
"00000051","과기원","00000017","첨단30","20221003","0","0","0","0","0","0","0","0","0","0","0","0","0","0","0","0","0","1","0","1","0","1","0","1","0","0","0","0","0","0","0","0","0","0","0","0","0","0","0","0","0","0","0","0","0","0","0","0"
"00000051","과기원","00000026","운림51","20221003","0","0","0","0","0","0","0","0","0","0","0","0","0","0","0","0","0","0","0","0","0","0","0","0","0","0","0","0","0","0","0","0","1","0","0","0","1","0","0","0","0","0","0","0","0","0","0","0"
"00000051","과기원","00000108","송정33","20221003","0","0","0","0","0","0","0","0","0","0","0","0","0","0","0","0","0","1","0","1","0","1","0","1","0","0","0","0","0","0","0","0","0","0","0","0","0","0","0","0","0","0","0","0","0","0","0","0"
"00000051","과기원","00000117","첨단23","20221003","0","0","0","0","0","0","0","0","0","0","0","0","0","0","0","0","0","0","0","0","0","0","0","0","0","0","0","0","0","0","0","0","0","0","0","0","0","0","0","0","0","0","0","0","0","0","0","0"
"00000052","광주광역시교육청(광덕고)","00000013","매월26","20221003","3","6","5","6","3","5","3","5","0","0","0","0","0","1","2","1","3","2","1","2","3","2","1","2","0","0","0","0","0","0","0","0","0","0","0","0","0","0","0","0","0","0","0","0","0","0","0","0"
"00000052","광주광역시교육청(광덕고)","00000101","송암31","20221003","0","3","0","3","0","1","0","1","0","0","0","0","0","2","0","2","0","0","1","0","0","0","1","0","0","0","0","0","0","0","0","0","0","0","0","0","0","0","0","0","0","0","0","0","0","0","0","0"
"00000053","광주광역시교육청(광덕고)","00000013","매월26","20221003","11","17","13","17","11","14","10","14","0","1","0","1","0","2","3","2","7","7","3","7","7","7","2","7","0","0","1","0","0","0","0","0","0","0","1","0","0","0","1","0","0","0","0","0","0","0","0","0"
"00000053","광주광역시교육청(광덕고)","00000101","송암31","20221003","5","2","1","2","5","1","1","1","0","0","0","0","0","1","0","1","4","0","1","0","3","0","0","0","0","0","1","0","1","0","0","0","0","0","0","0","0","0","0","0","0","0","0","0","0","0","0","0"
"00000054","염주맨션","00000013","매월26","20221003","4","5","6","5","4","1","3","1","0","2","0","2","0","2","3","2","1","2","4","2","1","2","3","2","0","0","1","0","0","0","0","0","0","1","1","1","0","1","1","1","0","0","0","0","0","0","0","0"
"00000054","염주맨션","00000025","운림50","20221003","2","1","9","1","1","1","2","1","0","0","0","0","1","0","7","0","7","4","4","4","7","3","4","3","0","0","0","0","0","1","0","1","0","1","2","1","0","1","2","1","0","0","0","0","0","0","0","0"
"00000054","염주맨션","00000034","금남59","20221003","0","3","4","3","0","3","2","3","0","0","0","0","0","0","2","0","1","1","2","1","1","1","2","1","0","0","0","0","0","0","0","0","0","2","0","2","0","2","0","2","0","0","0","0","0","0","0","0"
"00000054","염주맨션","00000035","매월61(칠석)","20221003","1","2","1","2","1","2","1","2","0","0","0","0","0","0","0","0","1","1","1","1","1","1","1","1","0","0","0","0","0","0","0","0","0","0","0","0","0","0","0","0","0","0","0","0","0","0","0","0"
"00000054","염주맨션","00000044","송암73","20221003","4","9","5","9","4","7","4","7","0","0","0","0","0","2","1","2","3","5","0","5","3","4","0","4","0","1","0","1","0","0","0","0","0","1","1","1","0","1","1","1","0","0","0","0","0","0","0","0"
"00000054","염주맨션","00000048","진월77","20221003","0","0","1","0","0","0","1","0","0","0","0","0","0","0","0","0","1","0","1","0","1","0","1","0","0","0","0","0","0","0","0","0","0","2","0","2","0","2","0","2","0","0","0","0","0","0","0","0"
"00000054","염주맨션","00000091","송암74","20221003","1","5","3","5","1","5","1","5","0","0","0","0","0","0","2","0","0","7","3","7","0","6","3","6","0","0","0","0","0","1","0","1","5","6","0","6","5","6","0","6","0","0","0","0","0","0","0","0"
"00000057","광명하이츠후문","00000005","첨단09","20221003","1","1","3","1","1","1","3","1","0","0","0","0","0","0","0","0","3","3","5","3","3","3","4","3","0","0","1","0","0","0","0","0","0","0","0","0","0","0","0","0","0","0","0","0","0","0","0","0"
"00000057","광명하이츠후문","00000007","매월16","20221003","0","0","0","0","0","0","0","0","0","0","0","0","0","0","0","0","1","1","1","1","1","0","1","0","0","0","0","0","0","1","0","1","0","0","0","0","0","0","0","0","0","0","0","0","0","0","0","0"
"00000057","광명하이츠후문","00000020","일곡38","20221003","0","0","0","0","0","0","0","0","0","0","0","0","0","0","0","0","1","0","0","0","1","0","0","0","0","0","0","0","0","0","0","0","1","0","0","0","1","0","0","0","0","0","0","0","0","0","0","0"
"00000057","광명하이츠후문","00000090","문흥39","20221003","1","4","0","4","1","4","0","4","0","0","0","0","0","0","0","0","1","3","3","3","1","3","2","3","0","0","0","0","0","0","1","0","0","0","1","0","0","0","1","0","0","0","0","0","0","0","0","0"
"00000057","광명하이츠후문","00000111","송암68","20221003","0","0","1","0","0","0","1","0","0","0","0","0","0","0","0","0","1","0","1","0","1","0","1","0","0","0","0","0","0","0","0","0","0","0","0","0","0","0","0","0","0","0","0","0","0","0","0","0"
"00000058","광명하이츠후문","00000005","첨단09","20221003","15","15","5","15","13","14","3","14","0","0","1","0","2","1","1","1","15","24","17","24","15","22","16","22","0","1","0","1","0","1","1","1","2","0","0","0","2","0","0","0","0","0","0","0","0","0","0","0"
"00000058","광명하이츠후문","00000007","매월16","20221003","0","3","0","3","0","3","0","3","0","0","0","0","0","0","0","0","0","0","0","0","0","0","0","0","0","0","0","0","0","0","0","0","0","0","0","0","0","0","0","0","0","0","0","0","0","0","0","0"
"00000058","광명하이츠후문","00000020","일곡38","20221003","3","2","5","2","3","2","5","2","0","0","0","0","0","0","0","0","1","0","0","0","0","0","0","0","0","0","0","0","1","0","0","0","0","0","0","0","0","0","0","0","0","0","0","0","0","0","0","0"
"00000058","광명하이츠후문","00000086","518","20221003","0","4","1","4","0","4","1","4","0","0","0","0","0","0","0","0","0","0","0","0","0","0","0","0","0","0","0","0","0","0","0","0","0","0","0","0","0","0","0","0","0","0","0","0","0","0","0","0"
"00000058","광명하이츠후문","00000090","문흥39","20221003","2","5","2","5","2","4","2","4","0","0","0","0","0","1","0","1","0","0","0","0","0","0","0","0","0","0","0","0","0","0","0","0","0","0","0","0","0","0","0","0","0","0","0","0","0","0","0","0"
"00000058","광명하이츠후문","00000111","송암68","20221003","0","1","1","1","0","1","1","1","0","0","0","0","0","0","0","0","0","0","0","0","0","0","0","0","0","0","0","0","0","0","0","0","0","0","0","0","0","0","0","0","0","0","0","0","0","0","0","0"
"00000058","광명하이츠후문","00000201","마을760","20221003","0","0","0","0","0","0","0","0","0","0","0","0","0","0","0","0","0","0","1","0","0","0","1","0","0","0","0","0","0","0","0","0","0","0","0","0","0","0","0","0","0","0","0","0","0","0","0","0"
"00000059","광산구청","00000010","송정19","20221003","0","0","0","0","0","0","0","0","0","0","0","0","0","0","0","0","3","2","2","2","3","2","2","2","0","0","0","0","0","0","0","0","1","0","2","0","1","0","2","0","0","0","0","0","0","0","0","0"
"00000059","광산구청","00000016","송정29","20221003","0","0","0","0","0","0","0","0","0","0","0","0","0","0","0","0","6","10","13","10","6","10","12","10","0","0","0","0","0","0","1","0","0","0","0","0","0","0","0","0","0","0","0","0","0","0","0","0"
"00000059","광산구청","00000060","임곡90","20221003","3","6","2","6","3","6","2","6","0","0","0","0","0","0","0","0","4","6","3","6","4","6","3","6","0","0","0","0","0","0","0","0","1","0","0","0","1","0","0","0","0","0","0","0","0","0","0","0"
"00000059","광산구청","00000066","송정96","20221003","0","1","0","1","0","1","0","1","0","0","0","0","0","0","0","0","0","0","1","0","0","0","1","0","0","0","0","0","0","0","0","0","2","0","0","0","2","0","0","0","0","0","0","0","0","0","0","0"
"00000059","광산구청","00000068","송정98","20221003","0","0","0","0","0","0","0","0","0","0","0","0","0","0","0","0","5","8","8","8","5","8","7","8","0","0","0","0","0","0","1","0","0","0","0","0","0","0","0","0","0","0","0","0","0","0","0","0"
"00000059","광산구청","00000069","송정99","20221003","0","0","0","0","0","0","0","0","0","0","0","0","0","0","0","0","0","0","0","0","0","0","0","0","0","0","0","0","0","0","0","0","0","0","0","0","0","0","0","0","0","0","0","0","0","0","0","0"
"00000059","광산구청","00000081","진곡196","20221003","1","2","0","2","1","2","0","2","0","0","0","0","0","0","0","0","6","5","2","5","6","5","2","5","0","0","0","0","0","0","0","0","2","0","1","0","2","0","1","0","0","0","0","0","0","0","0","0"
"00000059","광산구청","00000082","송정197","20221003","0","0","0","0","0","0","0","0","0","0","0","0","0","0","0","0","0","0","1","0","0","0","1","0","0","0","0","0","0","0","0","0","0","0","0","0","0","0","0","0","0","0","0","0","0","0","0","0"
"00000059","광산구청","00000084","임곡290","20221003","0","0","0","0","0","0","0","0","0","0","0","0","0","0","0","0","0","1","0","1","0","1","0","1","0","0","0","0","0","0","0","0","0","0","0","0","0","0","0","0","0","0","0","0","0","0","0","0"
"00000059","광산구청","00000085","송정296","20221003","0","0","0","0","0","0","0","0","0","0","0","0","0","0","0","0","4","4","4","4","4","4","4","4","0","0","0","0","0","0","0","0","0","0","0","0","0","0","0","0","0","0","0","0","0","0","0","0"
"00000059","광산구청","00000093","송정97","20221003","2","3","1","3","2","3","1","3","0","0","0","0","0","0","0","0","1","0","0","0","1","0","0","0","0","0","0","0","0","0","0","0","1","0","1","0","1","0","0","0","0","0","0","0","0","0","1","0"
"00000059","광산구청","00000094","송정93","20221003","0","0","0","0","0","0","0","0","0","0","0","0","0","0","0","0","3","1","0","1","3","1","0","1","0","0","0","0","0","0","0","0","0","0","0","0","0","0","0","0","0","0","0","0","0","0","0","0"
"00000059","광산구청","00000100","진월75","20221003","0","0","0","0","0","0","0","0","0","0","0","0","0","0","0","0","4","1","2","1","4","1","2","1","0","0","0","0","0","0","0","0","0","0","0","0","0","0","0","0","0","0","0","0","0","0","0","0"
"00000059","광산구청","00000108","송정33","20221003","0","0","0","0","0","0","0","0","0","0","0","0","0","0","0","0","4","5","6","5","4","5","6","5","0","0","0","0","0","0","0","0","0","0","0","0","0","0","0","0","0","0","0","0","0","0","0","0"
"00000059","광산구청","00000125","선운101","20221003","0","0","0","0","0","0","0","0","0","0","0","0","0","0","0","0","9","3","1","3","9","3","1","3","0","0","0","0","0","0","0","0","0","0","0","0","0","0","0","0","0","0","0","0","0","0","0","0"
"00000060","광산구청","00000010","송정19","20221003","2","7","3","7","2","7","3","7","0","0","0","0","0","0","0","0","0","0","1","0","0","0","1","0","0","0","0","0","0","0","0","0","2","1","1","1","2","1","1","1","0","0","0","0","0","0","0","0"
"00000060","광산구청","00000016","송정29","20221003","1","18","10","18","1","17","10","17","0","1","0","1","0","0","0","0","0","0","1","0","0","0","1","0","0","0","0","0","0","0","0","0","1","2","4","2","1","2","4","2","0","0","0","0","0","0","0","0"
"00000060","광산구청","00000060","임곡90","20221003","2","9","0","9","2","9","0","9","0","0","0","0","0","0","0","0","2","1","0","1","2","1","0","1","0","0","0","0","0","0","0","0","1","1","1","1","1","1","1","1","0","0","0","0","0","0","0","0"
"00000060","광산구청","00000066","송정96","20221003","0","0","0","0","0","0","0","0","0","0","0","0","0","0","0","0","1","2","0","2","1","2","0","2","0","0","0","0","0","0","0","0","0","0","0","0","0","0","0","0","0","0","0","0","0","0","0","0"
"00000060","광산구청","00000068","송정98","20221003","3","10","7","10","3","10","6","10","0","0","0","0","0","0","1","0","0","1","1","1","0","1","0","1","0","0","0","0","0","0","1","0","2","1","1","1","2","1","1","1","0","0","0","0","0","0","0","0"
"00000060","광산구청","00000069","송정99","20221003","0","0","0","0","0","0","0","0","0","0","0","0","0","0","0","0","0","1","0","1","0","1","0","1","0","0","0","0","0","0","0","0","0","0","0","0","0","0","0","0","0","0","0","0","0","0","0","0"
"00000060","광산구청","00000081","진곡196","20221003","4","2","4","2","4","2","4","2","0","0","0","0","0","0","0","0","1","0","2","0","1","0","2","0","0","0","0","0","0","0","0","0","0","0","0","0","0","0","0","0","0","0","0","0","0","0","0","0"
"00000060","광산구청","00000082","송정197","20221003","2","2","5","2","2","2","4","2","0","0","1","0","0","0","0","0","0","0","0","0","0","0","0","0","0","0","0","0","0","0","0","0","0","0","0","0","0","0","0","0","0","0","0","0","0","0","0","0"
"00000060","광산구청","00000084","임곡290","20221003","0","1","0","1","0","1","0","1","0","0","0","0","0","0","0","0","0","0","0","0","0","0","0","0","0","0","0","0","0","0","0","0","0","0","0","0","0","0","0","0","0","0","0","0","0","0","0","0"
"00000060","광산구청","00000085","송정296","20221003","5","4","2","4","5","4","2","4","0","0","0","0","0","0","0","0","0","0","0","0","0","0","0","0","0","0","0","0","0","0","0","0","0","0","0","0","0","0","0","0","0","0","0","0","0","0","0","0"
"00000060","광산구청","00000093","송정97","20221003","0","0","0","0","0","0","0","0","0","0","0","0","0","0","0","0","1","1","2","1","1","1","2","1","0","0","0","0","0","0","0","0","0","0","0","0","0","0","0","0","0","0","0","0","0","0","0","0"
"00000060","광산구청","00000094","송정93","20221003","0","3","0","3","0","3","0","3","0","0","0","0","0","0","0","0","0","0","0","0","0","0","0","0","0","0","0","0","0","0","0","0","0","0","0","0","0","0","0","0","0","0","0","0","0","0","0","0"
"00000060","광산구청","00000100","진월75","20221003","0","3","1","3","0","3","1","3","0","0","0","0","0","0","0","0","0","0","0","0","0","0","0","0","0","0","0","0","0","0","0","0","2","0","3","0","2","0","3","0","0","0","0","0","0","0","0","0"
"00000060","광산구청","00000103","송정100","20221003","0","0","0","0","0","0","0","0","0","0","0","0","0","0","0","0","0","0","1","0","0","0","1","0","0","0","0","0","0","0","0","0","0","0","0","0","0","0","0","0","0","0","0","0","0","0","0","0"
"00000060","광산구청","00000108","송정33","20221003","1","13","12","13","1","12","11","12","0","0","1","0","0","1","0","1","0","0","0","0","0","0","0","0","0","0","0","0","0","0","0","0","0","2","2","2","0","2","2","2","0","0","0","0","0","0","0","0"
"00000060","광산구청","00000125","선운101","20221003","3","12","6","12","3","11","6","11","0","0","0","0","0","1","0","1","1","1","2","1","1","1","2","1","0","0","0","0","0","0","0","0","1","1","1","1","1","1","1","1","0","0","0","0","0","0","0","0"
"00000061","영광통","00000010","송정19","20221003","0","0","1","0","0","0","1","0","0","0","0","0","0","0","0","0","1","2","0","2","1","2","0","2","0","0","0","0","0","0","0","0","0","0","0","0","0","0","0","0","0","0","0","0","0","0","0","0"
"00000061","영광통","00000016","송정29","20221003","0","0","0","0","0","0","0","0","0","0","0","0","0","0","0","0","17","10","3","10","17","10","2","10","0","0","0","0","0","0","1","0","0","1","0","1","0","1","0","1","0","0","0","0","0","0","0","0"
"00000061","영광통","00000020","일곡38","20221003","3","14","3","14","3","13","3","13","0","1","0","1","0","0","0","0","0","4","1","4","0","3","1","3","0","1","0","1","0","0","0","0","1","1","2","1","1","1","2","1","0","0","0","0","0","0","0","0"
"00000061","영광통","00000068","송정98","20221003","1","0","0","0","1","0","0","0","0","0","0","0","0","0","0","0","7","12","1","12","7","11","1","11","0","0","0","0","0","1","0","1","0","2","0","2","0","2","0","2","0","0","0","0","0","0","0","0"
"00000061","영광통","00000069","송정99","20221003","0","0","0","0","0","0","0","0","0","0","0","0","0","0","0","0","0","1","0","1","0","1","0","1","0","0","0","0","0","0","0","0","0","0","0","0","0","0","0","0","0","0","0","0","0","0","0","0"
"00000061","영광통","00000081","진곡196","20221003","2","2","0","2","2","2","0","2","0","0","0","0","0","0","0","0","3","4","0","4","3","3","0","3","0","0","0","0","0","1","0","1","1","0","0","0","1","0","0","0","0","0","0","0","0","0","0","0"
"00000061","영광통","00000084","임곡290","20221003","0","0","0","0","0","0","0","0","0","0","0","0","0","0","0","0","1","1","0","1","1","1","0","1","0","0","0","0","0","0","0","0","0","0","0","0","0","0","0","0","0","0","0","0","0","0","0","0"
"00000061","영광통","00000093","송정97","20221003","0","2","0","2","0","2","0","2","0","0","0","0","0","0","0","0","0","0","0","0","0","0","0","0","0","0","0","0","0","0","0","0","1","0","0","0","1","0","0","0","0","0","0","0","0","0","0","0"
"00000061","영광통","00000100","진월75","20221003","0","0","1","0","0","0","1","0","0","0","0","0","0","0","0","0","3","5","1","5","3","5","1","5","0","0","0","0","0","0","0","0","0","0","0","0","0","0","0","0","0","0","0","0","0","0","0","0"
"00000061","영광통","00000103","송정100","20221003","0","2","1","2","0","2","1","2","0","0","0","0","0","0","0","0","0","0","0","0","0","0","0","0","0","0","0","0","0","0","0","0","0","0","0","0","0","0","0","0","0","0","0","0","0","0","0","0"
"00000061","영광통","00000108","송정33","20221003","1","0","2","0","1","0","2","0","0","0","0","0","0","0","0","0","5","7","1","7","5","7","1","7","0","0","0","0","0","0","0","0","0","3","0","3","0","3","0","3","0","0","0","0","0","0","0","0"
"00000061","영광통","00000109","좌석02","20221003","1","1","2","1","1","1","2","1","0","0","0","0","0","0","0","0","5","6","4","6","5","6","4","6","0","0","0","0","0","0","0","0","3","1","2","1","3","1","1","1","0","0","0","0","0","0","1","0"
"00000061","영광통","00000127","상무62","20221003","1","3","1","3","1","3","1","3","0","0","0","0","0","0","0","0","0","0","0","0","0","0","0","0","0","0","0","0","0","0","0","0","0","3","2","3","0","3","0","3","0","0","0","0","0","0","2","0"
"00000061","영광통","00000195","마을720","20221003","7","26","5","26","7","24","5","24","0","2","0","2","0","0","0","0","13","17","0","17","13","17","0","17","0","0","0","0","0","0","0","0","3","4","2","4","3","4","2","4","0","0","0","0","0","0","0","0"
"00000062","신동사거리","00000016","송정29","20221003","5","0","8","0","5","0","8","0","0","0","0","0","0","0","0","0","0","0","0","0","0","0","0","0","0","0","0","0","0","0","0","0","1","0","0","0","1","0","0","0","0","0","0","0","0","0","0","0"
"00000062","신동사거리","00000060","임곡90","20221003","0","0","0","0","0","0","0","0","0","0","0","0","0","0","0","0","0","0","0","0","0","0","0","0","0","0","0","0","0","0","0","0","1","0","0","0","1","0","0","0","0","0","0","0","0","0","0","0"
"00000062","신동사거리","00000068","송정98","20221003","3","0","2","0","3","0","2","0","0","0","0","0","0","0","0","0","0","0","0","0","0","0","0","0","0","0","0","0","0","0","0","0","0","0","1","0","0","0","1","0","0","0","0","0","0","0","0","0"
"00000062","신동사거리","00000084","임곡290","20221003","0","0","1","0","0","0","1","0","0","0","0","0","0","0","0","0","0","0","0","0","0","0","0","0","0","0","0","0","0","0","0","0","0","0","0","0","0","0","0","0","0","0","0","0","0","0","0","0"
"00000062","신동사거리","00000085","송정296","20221003","0","1","0","1","0","1","0","1","0","0","0","0","0","0","0","0","0","0","0","0","0","0","0","0","0","0","0","0","0","0","0","0","0","0","1","0","0","0","1","0","0","0","0","0","0","0","0","0"
"00000062","신동사거리","00000100","진월75","20221003","0","1","0","1","0","1","0","1","0","0","0","0","0","0","0","0","0","0","0","0","0","0","0","0","0","0","0","0","0","0","0","0","0","0","1","0","0","0","1","0","0","0","0","0","0","0","0","0"
"00000062","신동사거리","00000108","송정33","20221003","0","1","3","1","0","1","3","1","0","0","0","0","0","0","0","0","0","1","0","1","0","1","0","1","0","0","0","0","0","0","0","0","0","0","0","0","0","0","0","0","0","0","0","0","0","0","0","0"
"00000062","신동사거리","00000109","좌석02","20221003","0","7","1","7","0","6","1","6","0","0","0","0","0","1","0","1","1","4","2","4","1","4","2","4","0","0","0","0","0","0","0","0","0","0","0","0","0","0","0","0","0","0","0","0","0","0","0","0"
"00000062","신동사거리","00000125","선운101","20221003","0","3","0","3","0","3","0","3","0","0","0","0","0","0","0","0","0","2","0","2","0","1","0","1","0","0","0","0","0","1","0","1","0","0","0","0","0","0","0","0","0","0","0","0","0","0","0","0"
"00000063","광산중","00000011","첨단20","20221003","4","7","6","7","4","5","6","5","0","0","0","0","0","2","0","2","3","0","1","0","3","0","1","0","0","0","0","0","0","0","0","0","0","1","1","1","0","1","1","1","0","0","0","0","0","0","0","0"
"00000063","광산중","00000016","송정29","20221003","10","15","11","15","9","15","11","15","0","0","0","0","1","0","0","0","2","3","2","3","2","3","1","3","0","0","0","0","0","0","1","0","1","0","1","0","1","0","1","0","0","0","0","0","0","0","0","0"
"00000063","광산중","00000019","봉선37","20221003","3","6","12","6","3","6","8","6","0","0","0","0","0","0","4","0","0","5","1","5","0","2","1","2","0","2","0","2","0","1","0","1","1","0","0","0","1","0","0","0","0","0","0","0","0","0","0","0"
"00000063","광산중","00000081","진곡196","20221003","4","3","7","3","4","2","4","2","0","0","3","0","0","1","0","1","1","5","5","5","1","4","5","4","0","1","0","1","0","0","0","0","0","1","0","1","0","1","0","1","0","0","0","0","0","0","0","0"
"00000063","광산중","00000195","마을720","20221003","6","4","7","4","6","4","7","4","0","0","0","0","0","0","0","0","0","2","0","2","0","2","0","2","0","0","0","0","0","0","0","0","0","0","2","0","0","0","2","0","0","0","0","0","0","0","0","0"
"00000064","광산중","00000011","첨단20","20221003","4","4","3","4","4","3","3","3","0","0","0","0","0","1","0","1","0","0","1","0","0","0","1","0","0","0","0","0","0","0","0","0","1","0","0","0","1","0","0","0","0","0","0","0","0","0","0","0"
"00000064","광산중","00000016","송정29","20221003","8","12","11","12","8","12","10","12","0","0","0","0","0","0","1","0","1","3","4","3","1","3","3","3","0","0","1","0","0","0","0","0","0","0","0","0","0","0","0","0","0","0","0","0","0","0","0","0"
"00000064","광산중","00000019","봉선37","20221003","11","3","7","3","11","3","6","3","0","0","0","0","0","0","1","0","0","1","6","1","0","1","6","1","0","0","0","0","0","0","0","0","0","0","1","0","0","0","0","0","0","0","1","0","0","0","0","0"
"00000064","광산중","00000081","진곡196","20221003","5","4","3","4","5","4","3","4","0","0","0","0","0","0","0","0","0","0","1","0","0","0","1","0","0","0","0","0","0","0","0","0","0","0","1","0","0","0","1","0","0","0","0","0","0","0","0","0"
"00000064","광산중","00000195","마을720","20221003","5","9","9","9","5","9","7","9","0","0","0","0","0","0","2","0","0","2","1","2","0","2","1","2","0","0","0","0","0","0","0","0","0","0","0","0","0","0","0","0","0","0","0","0","0","0","0","0"
"00000065","풍영정입구","00000005","첨단09","20221003","9","7","1","7","9","6","1","6","0","0","0","0","0","1","0","1","5","7","6","7","4","6","5","6","0","1","0","1","1","0","1","0","16","11","0","11","16","11","0","11","0","0","0","0","0","0","0","0"
"00000065","풍영정입구","00000009","문흥18","20221003","1","5","1","5","1","4","1","4","0","0","0","0","0","1","0","1","1","0","0","0","1","0","0","0","0","0","0","0","0","0","0","0","0","2","1","2","0","2","1","2","0","0","0","0","0","0","0","0"
"00000065","풍영정입구","00000019","봉선37","20221003","3","0","2","0","3","0","2","0","0","0","0","0","0","0","0","0","2","1","0","1","2","1","0","1","0","0","0","0","0","0","0","0","1","0","1","0","1","0","1","0","0","0","0","0","0","0","0","0"
"00000065","풍영정입구","00000059","임곡89","20221003","0","0","0","0","0","0","0","0","0","0","0","0","0","0","0","0","0","0","0","0","0","0","0","0","0","0","0","0","0","0","0","0","0","0","0","0","0","0","0","0","0","0","0","0","0","0","0","0"
"00000065","풍영정입구","00000068","송정98","20221003","2","5","0","5","2","3","0","3","0","0","0","0","0","2","0","2","4","2","1","2","4","1","0","1","0","0","0","0","0","1","1","1","0","4","0","4","0","3","0","3","0","0","0","0","0","1","0","1"
"00000065","풍영정입구","00000090","문흥39","20221003","1","0","2","0","1","0","2","0","0","0","0","0","0","0","0","0","1","0","0","0","1","0","0","0","0","0","0","0","0","0","0","0","0","0","0","0","0","0","0","0","0","0","0","0","0","0","0","0"
"00000065","풍영정입구","00000098","수완49","20221003","0","2","0","2","0","2","0","2","0","0","0","0","0","0","0","0","0","1","0","1","0","1","0","1","0","0","0","0","0","0","0","0","0","0","0","0","0","0","0","0","0","0","0","0","0","0","0","0"
"00000065","풍영정입구","00000127","상무62","20221003","0","0","0","0","0","0","0","0","0","0","0","0","0","0","0","0","0","0","0","0","0","0","0","0","0","0","0","0","0","0","0","0","0","0","0","0","0","0","0","0","0","0","0","0","0","0","0","0"
"00000066","광신대교","00000009","문흥18","20221003","0","0","0","0","0","0","0","0","0","0","0","0","0","0","0","0","0","0","2","0","0","0","0","0","0","0","0","0","0","0","2","0","0","0","0","0","0","0","0","0","0","0","0","0","0","0","0","0"
"00000066","광신대교","00000019","봉선37","20221003","0","1","0","1","0","1","0","1","0","0","0","0","0","0","0","0","1","1","0","1","1","1","0","1","0","0","0","0","0","0","0","0","0","0","0","0","0","0","0","0","0","0","0","0","0","0","0","0"
"00000066","광신대교","00000059","임곡89","20221003","0","0","0","0","0","0","0","0","0","0","0","0","0","0","0","0","0","0","0","0","0","0","0","0","0","0","0","0","0","0","0","0","0","0","0","0","0","0","0","0","0","0","0","0","0","0","0","0"
"00000066","광신대교","00000068","송정98","20221003","0","1","0","1","0","1","0","1","0","0","0","0","0","0","0","0","0","0","2","0","0","0","2","0","0","0","0","0","0","0","0","0","0","0","0","0","0","0","0","0","0","0","0","0","0","0","0","0"
"00000066","광신대교","00000090","문흥39","20221003","0","0","0","0","0","0","0","0","0","0","0","0","0","0","0","0","1","0","0","0","1","0","0","0","0","0","0","0","0","0","0","0","0","0","0","0","0","0","0","0","0","0","0","0","0","0","0","0"
"00000066","광신대교","00000098","수완49","20221003","0","0","0","0","0","0","0","0","0","0","0","0","0","0","0","0","0","2","0","2","0","2","0","2","0","0","0","0","0","0","0","0","0","0","0","0","0","0","0","0","0","0","0","0","0","0","0","0"
"00000067","광신대교","00000009","문흥18","20221003","0","2","0","2","0","2","0","2","0","0","0","0","0","0","0","0","0","0","0","0","0","0","0","0","0","0","0","0","0","0","0","0","0","0","0","0","0","0","0","0","0","0","0","0","0","0","0","0"
"00000067","광신대교","00000019","봉선37","20221003","0","0","1","0","0","0","1","0","0","0","0","0","0","0","0","0","0","0","0","0","0","0","0","0","0","0","0","0","0","0","0","0","0","0","0","0","0","0","0","0","0","0","0","0","0","0","0","0"
"00000067","광신대교","00000068","송정98","20221003","0","1","0","1","0","1","0","1","0","0","0","0","0","0","0","0","1","0","1","0","1","0","1","0","0","0","0","0","0","0","0","0","0","0","0","0","0","0","0","0","0","0","0","0","0","0","0","0"
"00000067","광신대교","00000090","문흥39","20221003","0","2","0","2","0","2","0","2","0","0","0","0","0","0","0","0","0","0","0","0","0","0","0","0","0","0","0","0","0","0","0","0","0","0","0","0","0","0","0","0","0","0","0","0","0","0","0","0"
"00000067","광신대교","00000127","상무62","20221003","0","0","1","0","0","0","1","0","0","0","0","0","0","0","0","0","1","0","0","0","1","0","0","0","0","0","0","0","0","0","0","0","0","0","0","0","0","0","0","0","0","0","0","0","0","0","0","0"
"00000068","광신아파트","00000008","진월17","20221003","0","2","3","2","0","2","3","2","0","0","0","0","0","0","0","0","0","1","0","1","0","1","0","1","0","0","0","0","0","0","0","0","0","1","1","1","0","1","0","1","0","0","0","0","0","0","1","0"
"00000069","광신아파트","00000008","진월17","20221003","0","2","1","2","0","2","1","2","0","0","0","0","0","0","0","0","11","9","2","9","11","7","2","7","0","0","0","0","0","2","0","2","0","0","0","0","0","0","0","0","0","0","0","0","0","0","0","0"
"00000071","동원촌","00000011","첨단20","20221003","0","1","0","1","0","1","0","1","0","0","0","0","0","0","0","0","1","0","0","0","1","0","0","0","0","0","0","0","0","0","0","0","0","0","0","0","0","0","0","0","0","0","0","0","0","0","0","0"
"00000071","동원촌","00000203","마을700","20221003","1","0","0","0","1","0","0","0","0","0","0","0","0","0","0","0","0","0","0","0","0","0","0","0","0","0","0","0","0","0","0","0","0","0","0","0","0","0","0","0","0","0","0","0","0","0","0","0"
"00000072","광주고/419역사관","00000003","매월06","20221003","6","15","10","15","6","14","8","14","0","0","0","0","0","1","2","1","3","2","0","2","3","2","0","2","0","0","0","0","0","0","0","0","0","1","0","1","0","1","0","1","0","0","0","0","0","0","0","0"
"00000072","광주고/419역사관","00000029","운림54","20221003","16","6","9","6","16","4","6","4","0","1","0","1","0","1","3","1","7","9","9","9","7","9","8","9","0","0","0","0","0","0","1","0","0","6","1","6","0","6","1","6","0","0","0","0","0","0","0","0"
"00000072","광주고/419역사관","00000031","419","20221003","1","0","1","0","0","0","1","0","0","0","0","0","1","0","0","0","1","0","0","0","1","0","0","0","0","0","0","0","0","0","0","0","1","0","1","0","1","0","1","0","0","0","0","0","0","0","0","0"
"00000072","광주고/419역사관","00000058","석곡87","20221003","0","0","0","0","0","0","0","0","0","0","0","0","0","0","0","0","3","0","0","0","3","0","0","0","0","0","0","0","0","0","0","0","0","0","0","0","0","0","0","0","0","0","0","0","0","0","0","0"
"00000072","광주고/419역사관","00000068","송정98","20221003","4","9","7","9","4","7","5","7","0","0","0","0","0","2","2","2","2","5","0","5","2","5","0","5","0","0","0","0","0","0","0","0","1","2","0","2","0","2","0","2","0","0","0","0","1","0","0","0"
"00000072","광주고/419역사관","00000071","228(구151화순사평)","20221003","0","2","0","2","0","2","0","2","0","0","0","0","0","0","0","0","0","1","0","1","0","1","0","1","0","0","0","0","0","0","0","0","2","0","0","0","2","0","0","0","0","0","0","0","0","0","0","0"
"00000072","광주고/419역사관","00000077","용전184","20221003","0","1","1","1","0","1","1","1","0","0","0","0","0","0","0","0","1","0","0","0","1","0","0","0","0","0","0","0","0","0","0","0","0","0","0","0","0","0","0","0","0","0","0","0","0","0","0","0"
"00000072","광주고/419역사관","00000086","518","20221003","1","0","1","0","1","0","0","0","0","0","0","0","0","0","1","0","1","1","0","1","1","1","0","1","0","0","0","0","0","0","0","0","0","0","0","0","0","0","0","0","0","0","0","0","0","0","0","0"
"00000072","광주고/419역사관","00000090","문흥39","20221003","5","3","2","3","5","3","1","3","0","0","0","0","0","0","1","0","7","5","3","5","6","5","2","5","0","0","1","0","1","0","0","0","0","0","0","0","0","0","0","0","0","0","0","0","0","0","0","0"
"00000072","광주고/419역사관","00000122","228(화순전대병원)","20221003","1","5","2","5","1","3","2","3","0","2","0","2","0","0","0","0","0","1","1","1","0","1","1","1","0","0","0","0","0","0","0","0","1","0","0","0","1","0","0","0","0","0","0","0","0","0","0","0"
"00000073","광주고/419역사관","00000003","매월06","20221003","3","6","4","6","3","6","4","6","0","0","0","0","0","0","0","0","1","2","2","2","1","2","2","2","0","0","0","0","0","0","0","0","0","1","1","1","0","1","1","1","0","0","0","0","0","0","0","0"
"00000073","광주고/419역사관","00000029","운림54","20221003","17","12","25","12","12","12","20","12","0","0","1","0","5","0","4","0","2","6","6","6","2","5","6","5","0","1","0","1","0","0","0","0","0","2","3","2","0","2","3","2","0","0","0","0","0","0","0","0"
"00000073","광주고/419역사관","00000031","419","20221003","1","0","2","0","1","0","2","0","0","0","0","0","0","0","0","0","0","0","0","0","0","0","0","0","0","0","0","0","0","0","0","0","0","0","0","0","0","0","0","0","0","0","0","0","0","0","0","0"
"00000073","광주고/419역사관","00000058","석곡87","20221003","2","1","2","1","2","1","2","1","0","0","0","0","0","0","0","0","0","0","0","0","0","0","0","0","0","0","0","0","0","0","0","0","1","0","1","0","1","0","1","0","0","0","0","0","0","0","0","0"
"00000073","광주고/419역사관","00000068","송정98","20221003","3","2","11","2","3","2","11","2","0","0","0","0","0","0","0","0","0","2","3","2","0","2","3","2","0","0","0","0","0","0","0","0","2","0","5","0","2","0","5","0","0","0","0","0","0","0","0","0"
"00000073","광주고/419역사관","00000071","228(구151화순사평)","20221003","2","0","0","0","2","0","0","0","0","0","0","0","0","0","0","0","3","0","0","0","3","0","0","0","0","0","0","0","0","0","0","0","0","0","0","0","0","0","0","0","0","0","0","0","0","0","0","0"
"00000073","광주고/419역사관","00000077","용전184","20221003","0","0","1","0","0","0","1","0","0","0","0","0","0","0","0","0","0","0","0","0","0","0","0","0","0","0","0","0","0","0","0","0","0","0","0","0","0","0","0","0","0","0","0","0","0","0","0","0"
"00000073","광주고/419역사관","00000086","518","20221003","0","2","1","2","0","1","1","1","0","0","0","0","0","1","0","1","0","0","1","0","0","0","0","0","0","0","1","0","0","0","0","0","1","0","0","0","1","0","0","0","0","0","0","0","0","0","0","0"
"00000073","광주고/419역사관","00000090","문흥39","20221003","4","4","3","4","4","4","2","4","0","0","0","0","0","0","1","0","1","3","3","3","1","3","3","3","0","0","0","0","0","0","0","0","1","2","0","2","1","2","0","2","0","0","0","0","0","0","0","0"
"00000073","광주고/419역사관","00000122","228(화순전대병원)","20221003","0","2","2","2","0","2","2","2","0","0","0","0","0","0","0","0","0","0","1","0","0","0","1","0","0","0","0","0","0","0","0","0","0","1","0","1","0","1","0","1","0","0","0","0","0","0","0","0"
"00000074","광주공고","00000029","운림54","20221003","0","1","0","1","0","0","0","0","0","0","0","0","0","1","0","1","1","0","4","0","1","0","4","0","0","0","0","0","0","0","0","0","1","2","1","2","1","0","1","0","0","0","0","0","0","2","0","2"
"00000076","자연과학고","00000010","송정19","20221003","10","14","10","14","10","10","10","10","0","0","0","0","0","4","0","4","0","0","1","0","0","0","1","0","0","0","0","0","0","0","0","0","0","0","0","0","0","0","0","0","0","0","0","0","0","0","0","0"
"00000076","자연과학고","00000018","운림35","20221003","6","1","2","1","6","1","2","1","0","0","0","0","0","0","0","0","0","0","0","0","0","0","0","0","0","0","0","0","0","0","0","0","0","0","0","0","0","0","0","0","0","0","0","0","0","0","0","0"
"00000076","자연과학고","00000057","용전86","20221003","2","5","1","5","2","5","0","5","0","0","1","0","0","0","0","0","0","0","1","0","0","0","1","0","0","0","0","0","0","0","0","0","0","0","0","0","0","0","0","0","0","0","0","0","0","0","0","0"
"00000076","자연과학고","00000117","첨단23","20221003","3","4","7","4","3","4","6","4","0","0","0","0","0","0","1","0","0","0","0","0","0","0","0","0","0","0","0","0","0","0","0","0","0","0","0","0","0","0","0","0","0","0","0","0","0","0","0","0"
"00000076","자연과학고","00000118","문흥53","20221003","5","9","5","9","4","8","4","8","0","0","1","0","1","1","0","1","0","0","0","0","0","0","0","0","0","0","0","0","0","0","0","0","0","0","0","0","0","0","0","0","0","0","0","0","0","0","0","0"
"00000077","공간아파트","00000029","운림54","20221003","0","0","0","0","0","0","0","0","0","0","0","0","0","0","0","0","7","4","3","4","7","1","3","1","0","0","0","0","0","3","0","3","0","0","1","0","0","0","1","0","0","0","0","0","0","0","0","0"
"00000077","공간아파트","00000037","상무63","20221003","0","0","0","0","0","0","0","0","0","0","0","0","0","0","0","0","1","1","1","1","1","1","1","1","0","0","0","0","0","0","0","0","0","0","0","0","0","0","0","0","0","0","0","0","0","0","0","0"
"00000078","금호타운아파트","00000024","송암47","20221003","2","1","6","1","2","1","5","1","0","0","0","0","0","0","1","0","0","1","0","1","0","1","0","1","0","0","0","0","0","0","0","0","0","0","0","0","0","0","0","0","0","0","0","0","0","0","0","0"
"00000078","금호타운아파트","00000048","진월77","20221003","0","0","1","0","0","0","1","0","0","0","0","0","0","0","0","0","0","2","0","2","0","2","0","2","0","0","0","0","0","0","0","0","0","0","0","0","0","0","0","0","0","0","0","0","0","0","0","0"
"00000078","금호타운아파트","00000074","진월177","20221003","0","1","1","1","0","1","1","1","0","0","0","0","0","0","0","0","2","1","3","1","2","1","2","1","0","0","0","0","0","0","1","0","0","0","0","0","0","0","0","0","0","0","0","0","0","0","0","0"
"00000078","금호타운아파트","00000114","수완03","20221003","13","14","25","14","13","13","24","13","0","0","0","0","0","1","1","1","1","1","4","1","1","1","4","1","0","0","0","0","0","0","0","0","0","0","0","0","0","0","0","0","0","0","0","0","0","0","0","0"
"00000080","광주대","00000024","송암47","20221003","0","3","3","3","0","2","2","2","0","0","0","0","0","1","1","1","0","1","0","1","0","1","0","1","0","0","0","0","0","0","0","0","0","0","0","0","0","0","0","0","0","0","0","0","0","0","0","0"
"00000080","광주대","00000048","진월77","20221003","0","0","2","0","0","0","2","0","0","0","0","0","0","0","0","0","0","0","0","0","0","0","0","0","0","0","0","0","0","0","0","0","0","0","0","0","0","0","0","0","0","0","0","0","0","0","0","0"
"00000080","광주대","00000074","진월177","20221003","0","0","1","0","0","0","1","0","0","0","0","0","0","0","0","0","0","1","0","1","0","1","0","1","0","0","0","0","0","0","0","0","0","0","0","0","0","0","0","0","0","0","0","0","0","0","0","0"
"00000080","광주대","00000114","수완03","20221003","0","9","22","9","0","8","21","8","0","0","0","0","0","1","1","1","0","0","0","0","0","0","0","0","0","0","0","0","0","0","0","0","0","1","0","1","0","1","0","1","0","0","0","0","0","0","0","0"
"00000082","동초교","00000058","석곡87","20221003","0","0","0","0","0","0","0","0","0","0","0","0","0","0","0","0","0","0","0","0","0","0","0","0","0","0","0","0","0","0","0","0","0","0","0","0","0","0","0","0","0","0","0","0","0","0","0","0"
"00000083","동초교","00000058","석곡87","20221003","0","0","0","0","0","0","0","0","0","0","0","0","0","0","0","0","0","0","0","0","0","0","0","0","0","0","0","0","0","0","0","0","0","0","0","0","0","0","0","0","0","0","0","0","0","0","0","0"
"00000084","광주병원","00000003","매월06","20221003","25","48","28","48","24","46","24","46","0","0","1","0","1","2","3","2","2","0","2","0","2","0","2","0","0","0","0","0","0","0","0","0","12","31","12","31","11","26","11","26","0","1","0","1","1","4","1","4"
"00000084","광주병원","00000008","진월17","20221003","7","45","30","45","7","40","28","40","0","5","0","5","0","0","2","0","5","6","4","6","5","4","4","4","0","1","0","1","0","1","0","1","5","9","32","9","5","7","30","7","0","0","0","0","0","2","2","2"
"00000084","광주병원","00000009","문흥18","20221003","29","56","47","56","29","54","44","54","0","0","0","0","0","2","3","2","21","17","11","17","20","16","8","16","0","0","1","0","1","1","2","1","8","13","19","13","8","12","18","12","0","0","0","0","0","1","1","1"
"00000084","광주병원","00000024","송암47","20221003","8","16","14","16","7","16","13","16","0","0","0","0","1","0","1","0","1","2","1","2","1","2","1","2","0","0","0","0","0","0","0","0","3","3","1","3","2","3","1","3","0","0","0","0","1","0","0","0"
"00000084","광주병원","00000052","두암81(각화초교)","20221003","1","0","0","0","1","0","0","0","0","0","0","0","0","0","0","0","0","0","0","0","0","0","0","0","0","0","0","0","0","0","0","0","2","0","0","0","2","0","0","0","0","0","0","0","0","0","0","0"
"00000084","광주병원","00000058","석곡87","20221003","2","5","7","5","2","5","6","5","0","0","0","0","0","0","1","0","1","1","2","1","0","1","2","1","0","0","0","0","1","0","0","0","4","1","4","1","4","1","4","1","0","0","0","0","0","0","0","0"
"00000084","광주병원","00000076","두암181","20221003","0","1","0","1","0","1","0","1","0","0","0","0","0","0","0","0","2","1","3","1","2","1","3","1","0","0","0","0","0","0","0","0","0","0","0","0","0","0","0","0","0","0","0","0","0","0","0","0"
"00000084","광주병원","00000078","충효187","20221003","1","2","1","2","1","2","1","2","0","0","0","0","0","0","0","0","1","1","0","1","1","1","0","1","0","0","0","0","0","0","0","0","0","0","0","0","0","0","0","0","0","0","0","0","0","0","0","0"
"00000084","광주병원","00000086","518","20221003","2","2","1","2","2","2","1","2","0","0","0","0","0","0","0","0","1","4","2","4","1","4","2","4","0","0","0","0","0","0","0","0","1","1","1","1","1","0","1","0","0","0","0","0","0","1","0","1"
"00000084","광주병원","00000090","문흥39","20221003","7","20","9","20","7","20","9","20","0","0","0","0","0","0","0","0","1","2","4","2","1","1","3","1","0","0","0","0","0","1","1","1","3","11","6","11","3","11","6","11","0","0","0","0","0","0","0","0"
"00000084","광주병원","00000129","두암81(장등동)","20221003","1","1","0","1","1","1","0","1","0","0","0","0","0","0","0","0","1","0","2","0","1","0","2","0","0","0","0","0","0","0","0","0","0","0","1","0","0","0","1","0","0","0","0","0","0","0","0","0"
"00000085","광주병원","00000003","매월06","20221003","0","2","3","2","0","2","2","2","0","0","0","0","0","0","1","0","7","12","26","12","7","11","23","11","0","0","2","0","0","1","1","1","1","1","4","1","1","1","4","1","0","0","0","0","0","0","0","0"
"00000085","광주병원","00000008","진월17","20221003","1","6","13","6","1","4","9","4","0","0","1","0","0","2","3","2","11","13","4","13","11","13","4","13","0","0","0","0","0","0","0","0","4","6","6","6","4","5","6","5","0","0","0","0","0","1","0","1"
"00000085","광주병원","00000009","문흥18","20221003","4","18","15","18","4","15","15","15","0","2","0","2","0","1","0","1","11","15","16","15","11","14","16","14","0","0","0","0","0","1","0","1","6","7","20","7","6","7","19","7","0","0","0","0","0","0","1","0"
"00000085","광주병원","00000024","송암47","20221003","0","0","0","0","0","0","0","0","0","0","0","0","0","0","0","0","4","2","5","2","4","2","4","2","0","0","1","0","0","0","0","0","1","1","1","1","1","1","1","1","0","0","0","0","0","0","0","0"
"00000085","광주병원","00000058","석곡87","20221003","8","6","5","6","8","5","5","5","0","0","0","0","0","1","0","1","2","1","1","1","2","1","1","1","0","0","0","0","0","0","0","0","4","0","1","0","4","0","1","0","0","0","0","0","0","0","0","0"
"00000085","광주병원","00000076","두암181","20221003","0","2","0","2","0","2","0","2","0","0","0","0","0","0","0","0","0","0","0","0","0","0","0","0","0","0","0","0","0","0","0","0","0","0","1","0","0","0","1","0","0","0","0","0","0","0","0","0"
"00000085","광주병원","00000078","충효187","20221003","0","1","0","1","0","1","0","1","0","0","0","0","0","0","0","0","1","1","0","1","1","1","0","1","0","0","0","0","0","0","0","0","1","1","1","1","1","1","1","1","0","0","0","0","0","0","0","0"
"00000085","광주병원","00000086","518","20221003","4","4","3","4","4","4","3","4","0","0","0","0","0","0","0","0","2","0","0","0","2","0","0","0","0","0","0","0","0","0","0","0","2","3","0","3","2","3","0","3","0","0","0","0","0","0","0","0"
"00000085","광주병원","00000090","문흥39","20221003","1","5","3","5","1","4","2","4","0","0","0","0","0","1","1","1","2","7","5","7","2","7","5","7","0","0","0","0","0","0","0","0","2","3","3","3","2","3","3","3","0","0","0","0","0","0","0","0"
"00000085","광주병원","00000106","두암81(무등파크)","20221003","0","0","0","0","0","0","0","0","0","0","0","0","0","0","0","0","0","0","3","0","0","0","3","0","0","0","0","0","0","0","0","0","0","0","2","0","0","0","2","0","0","0","0","0","0","0","0","0"
"00000085","광주병원","00000130","두암81","20221003","0","0","0","0","0","0","0","0","0","0","0","0","0","0","0","0","0","3","1","3","0","3","1","3","0","0","0","0","0","0","0","0","0","0","1","0","0","0","1","0","0","0","0","0","0","0","0","0"
"00000086","광주여대","00000036","상무62(상무역행)","20221003","1","0","4","0","1","0","4","0","0","0","0","0","0","0","0","0","0","0","0","0","0","0","0","0","0","0","0","0","0","0","0","0","0","1","0","1","0","1","0","1","0","0","0","0","0","0","0","0"
"00000086","광주여대","00000068","송정98","20221003","11","17","8","17","11","17","7","17","0","0","0","0","0","0","1","0","1","0","1","0","1","0","1","0","0","0","0","0","0","0","0","0","2","2","4","2","2","2","3","2","0","0","0","0","0","0","1","0"
"00000086","광주여대","00000092","첨단40","20221003","2","2","2","2","2","2","2","2","0","0","0","0","0","0","0","0","0","0","0","0","0","0","0","0","0","0","0","0","0","0","0","0","1","1","1","1","1","1","1","1","0","0","0","0","0","0","0","0"
"00000086","광주여대","00000095","금호46","20221003","5","6","8","6","5","5","8","5","0","0","0","0","0","1","0","1","1","2","2","2","1","2","2","2","0","0","0","0","0","0","0","0","1","0","1","0","1","0","1","0","0","0","0","0","0","0","0","0"
"00000086","광주여대","00000108","송정33","20221003","1","7","7","7","1","7","7","7","0","0","0","0","0","0","0","0","0","2","3","2","0","2","3","2","0","0","0","0","0","0","0","0","0","1","3","1","0","1","3","1","0","0","0","0","0","0","0","0"
"00000086","광주여대","00000111","송암68","20221003","14","16","4","16","14","16","4","16","0","0","0","0","0","0","0","0","3","0","6","0","3","0","6","0","0","0","0","0","0","0","0","0","1","3","1","3","1","3","1","3","0","0","0","0","0","0","0","0"
"00000086","광주여대","00000125","선운101","20221003","2","0","1","0","2","0","1","0","0","0","0","0","0","0","0","0","0","0","0","0","0","0","0","0","0","0","0","0","0","0","0","0","1","0","1","0","1","0","1","0","0","0","0","0","0","0","0","0"
"00000086","광주여대","00000195","마을720","20221003","2","2","3","2","2","2","3","2","0","0","0","0","0","0","0","0","0","0","0","0","0","0","0","0","0","0","0","0","0","0","0","0","2","3","0","3","2","3","0","3","0","0","0","0","0","0","0","0"
"00000086","광주여대","00000203","마을700","20221003","6","7","2","7","6","7","2","7","0","0","0","0","0","0","0","0","0","1","0","1","0","0","0","0","0","1","0","1","0","0","0","0","3","1","8","1","3","1","8","1","0","0","0","0","0","0","0","0"
"00000087","광주여대","00000068","송정98","20221003","7","17","7","17","7","15","7","15","0","0","0","0","0","2","0","2","1","5","7","5","1","5","7","5","0","0","0","0","0","0","0","0","1","1","0","1","1","1","0","1","0","0","0","0","0","0","0","0"
"00000087","광주여대","00000084","임곡290","20221003","0","0","0","0","0","0","0","0","0","0","0","0","0","0","0","0","0","0","1","0","0","0","1","0","0","0","0","0","0","0","0","0","0","0","1","0","0","0","1","0","0","0","0","0","0","0","0","0"
"00000087","광주여대","00000092","첨단40","20221003","2","4","1","4","2","3","1","3","0","0","0","0","0","1","0","1","0","3","2","3","0","3","2","3","0","0","0","0","0","0","0","0","0","0","0","0","0","0","0","0","0","0","0","0","0","0","0","0"
"00000087","광주여대","00000095","금호46","20221003","2","7","5","7","1","6","5","6","0","0","0","0","1","1","0","1","2","3","3","3","2","3","3","3","0","0","0","0","0","0","0","0","0","0","2","0","0","0","2","0","0","0","0","0","0","0","0","0"
"00000087","광주여대","00000108","송정33","20221003","3","1","6","1","3","1","6","1","0","0","0","0","0","0","0","0","1","2","3","2","1","2","3","2","0","0","0","0","0","0","0","0","1","3","1","3","1","3","1","3","0","0","0","0","0","0","0","0"
"00000087","광주여대","00000111","송암68","20221003","0","4","1","4","0","4","1","4","0","0","0","0","0","0","0","0","0","2","7","2","0","2","7","2","0","0","0","0","0","0","0","0","0","0","3","0","0","0","3","0","0","0","0","0","0","0","0","0"
"00000087","광주여대","00000125","선운101","20221003","0","3","4","3","0","3","4","3","0","0","0","0","0","0","0","0","1","0","1","0","1","0","1","0","0","0","0","0","0","0","0","0","0","0","0","0","0","0","0","0","0","0","0","0","0","0","0","0"
"00000087","광주여대","00000127","상무62","20221003","3","1","0","1","3","1","0","1","0","0","0","0","0","0","0","0","2","1","3","1","2","1","3","1","0","0","0","0","0","0","0","0","0","0","0","0","0","0","0","0","0","0","0","0","0","0","0","0"
"00000087","광주여대","00000195","마을720","20221003","0","1","0","1","0","1","0","1","0","0","0","0","0","0","0","0","1","5","1","5","1","5","1","5","0","0","0","0","0","0","0","0","0","2","0","2","0","2","0","2","0","0","0","0","0","0","0","0"
"00000087","광주여대","00000203","마을700","20221003","2","2","1","2","1","2","1","2","0","0","0","0","1","0","0","0","1","2","1","2","1","2","1","2","0","0","0","0","0","0","0","0","1","1","0","1","1","1","0","1","0","0","0","0","0","0","0","0"
"00000088","광주역","00000004","진월07","20221003","7","10","28","10","7","8","24","8","0","0","0","0","0","2","4","2","3","5","7","5","3","5","7","5","0","0","0","0","0","0","0","0","6","5","5","5","6","5","5","5","0","0","0","0","0","0","0","0"
"00000088","광주역","00000017","첨단30","20221003","3","1","4","1","3","1","4","1","0","0","0","0","0","0","0","0","4","3","4","3","3","3","4","3","0","0","0","0","1","0","0","0","1","0","0","0","1","0","0","0","0","0","0","0","0","0","0","0"
"00000088","광주역","00000033","금남58","20221003","4","2","1","2","4","2","1","2","0","0","0","0","0","0","0","0","3","0","2","0","3","0","2","0","0","0","0","0","0","0","0","0","1","0","1","0","1","0","1","0","0","0","0","0","0","0","0","0"
"00000088","광주역","00000043","송암72","20221003","2","2","2","2","2","2","2","2","0","0","0","0","0","0","0","0","3","2","0","2","3","2","0","2","0","0","0","0","0","0","0","0","0","0","0","0","0","0","0","0","0","0","0","0","0","0","0","0"
"00000088","광주역","00000052","두암81(각화초교)","20221003","0","0","1","0","0","0","1","0","0","0","0","0","0","0","0","0","1","0","0","0","1","0","0","0","0","0","0","0","0","0","0","0","0","0","0","0","0","0","0","0","0","0","0","0","0","0","0","0"
"00000088","광주역","00000059","임곡89","20221003","1","0","1","0","1","0","1","0","0","0","0","0","0","0","0","0","2","0","0","0","2","0","0","0","0","0","0","0","0","0","0","0","0","0","0","0","0","0","0","0","0","0","0","0","0","0","0","0"
"00000088","광주역","00000072","지원152(능주역)","20221003","0","0","0","0","0","0","0","0","0","0","0","0","0","0","0","0","0","0","0","0","0","0","0","0","0","0","0","0","0","0","0","0","0","0","0","0","0","0","0","0","0","0","0","0","0","0","0","0"
"00000088","광주역","00000098","수완49","20221003","1","3","0","3","1","3","0","3","0","0","0","0","0","0","0","0","0","1","1","1","0","1","1","1","0","0","0","0","0","0","0","0","1","0","0","0","1","0","0","0","0","0","0","0","0","0","0","0"
"00000088","광주역","00000109","좌석02","20221003","2","8","0","8","2","8","0","8","0","0","0","0","0","0","0","0","1","3","2","3","1","3","2","3","0","0","0","0","0","0","0","0","1","0","1","0","1","0","1","0","0","0","0","0","0","0","0","0"
"00000088","광주역","00000123","지원152(도웅리)","20221003","0","1","0","1","0","1","0","1","0","0","0","0","0","0","0","0","0","0","0","0","0","0","0","0","0","0","0","0","0","0","0","0","0","0","0","0","0","0","0","0","0","0","0","0","0","0","0","0"
"00000088","광주역","00000129","두암81(장등동)","20221003","0","0","0","0","0","0","0","0","0","0","0","0","0","0","0","0","0","1","2","1","0","1","2","1","0","0","0","0","0","0","0","0","0","0","0","0","0","0","0","0","0","0","0","0","0","0","0","0"
"00000089","삼성콜센터","00000010","송정19","20221003","1","0","3","0","1","0","3","0","0","0","0","0","0","0","0","0","0","0","0","0","0","0","0","0","0","0","0","0","0","0","0","0","0","1","0","1","0","1","0","1","0","0","0","0","0","0","0","0"
"00000090","광주역(동)","00000010","송정19","20221003","2","1","6","1","2","1","5","1","0","0","0","0","0","0","1","0","1","1","0","1","1","1","0","1","0","0","0","0","0","0","0","0","0","3","2","3","0","1","2","1","0","0","0","0","0","2","0","2"
"00000090","광주역(동)","00000030","금남55","20221003","0","0","3","0","0","0","3","0","0","0","0","0","0","0","0","0","0","0","0","0","0","0","0","0","0","0","0","0","0","0","0","0","0","0","0","0","0","0","0","0","0","0","0","0","0","0","0","0"
"00000090","광주역(동)","00000032","금남57","20221003","0","2","3","2","0","0","3","0","0","0","0","0","0","2","0","2","2","1","1","1","2","1","1","1","0","0","0","0","0","0","0","0","0","0","0","0","0","0","0","0","0","0","0","0","0","0","0","0"
"00000090","광주역(동)","00000054","용봉83","20221003","1","3","2","3","1","3","2","3","0","0","0","0","0","0","0","0","0","0","1","0","0","0","1","0","0","0","0","0","0","0","0","0","1","0","0","0","1","0","0","0","0","0","0","0","0","0","0","0"
"00000090","광주역(동)","00000068","송정98","20221003","2","3","10","3","2","3","10","3","0","0","0","0","0","0","0","0","1","1","2","1","1","1","2","1","0","0","0","0","0","0","0","0","0","0","2","0","0","0","1","0","0","0","0","0","0","0","1","0"
"00000090","광주역(동)","00000071","228(구151화순사평)","20221003","1","1","0","1","1","1","0","1","0","0","0","0","0","0","0","0","0","0","0","0","0","0","0","0","0","0","0","0","0","0","0","0","0","0","0","0","0","0","0","0","0","0","0","0","0","0","0","0"
"00000090","광주역(동)","00000086","518","20221003","0","0","1","0","0","0","1","0","0","0","0","0","0","0","0","0","0","0","1","0","0","0","1","0","0","0","0","0","0","0","0","0","0","0","0","0","0","0","0","0","0","0","0","0","0","0","0","0"
"00000090","광주역(동)","00000087","1187","20221003","2","1","0","1","2","1","0","1","0","0","0","0","0","0","0","0","0","0","0","0","0","0","0","0","0","0","0","0","0","0","0","0","2","0","1","0","2","0","1","0","0","0","0","0","0","0","0","0"
"00000090","광주역(동)","00000122","228(화순전대병원)","20221003","0","3","4","3","0","3","2","3","0","0","0","0","0","0","2","0","1","2","0","2","1","2","0","2","0","0","0","0","0","0","0","0","0","0","1","0","0","0","1","0","0","0","0","0","0","0","0","0"
"00000091","광주역","00000004","진월07","20221003","12","19","40","19","12","19","39","19","0","0","0","0","0","0","1","0","5","5","11","5","5","5","9","5","0","0","0","0","0","0","2","0","2","6","7","6","2","6","6","6","0","0","0","0","0","0","1","0"
"00000091","광주역","00000017","첨단30","20221003","4","3","16","3","4","3","16","3","0","0","0","0","0","0","0","0","0","2","2","2","0","2","2","2","0","0","0","0","0","0","0","0","3","0","9","0","3","0","9","0","0","0","0","0","0","0","0","0"
"00000091","광주역","00000030","금남55","20221003","1","0","4","0","1","0","4","0","0","0","0","0","0","0","0","0","2","2","0","2","2","2","0","2","0","0","0","0","0","0","0","0","0","1","1","1","0","1","1","1","0","0","0","0","0","0","0","0"
"00000091","광주역","00000032","금남57","20221003","4","3","4","3","4","3","3","3","0","0","0","0","0","0","1","0","1","1","0","1","1","1","0","1","0","0","0","0","0","0","0","0","0","1","4","1","0","1","4","1","0","0","0","0","0","0","0","0"
"00000091","광주역","00000033","금남58","20221003","1","4","6","4","1","4","5","4","0","0","1","0","0","0","0","0","1","1","2","1","1","1","1","1","0","0","0","0","0","0","1","0","2","2","3","2","2","2","3","2","0","0","0","0","0","0","0","0"
"00000091","광주역","00000039","유덕65","20221003","0","0","0","0","0","0","0","0","0","0","0","0","0","0","0","0","0","0","0","0","0","0","0","0","0","0","0","0","0","0","0","0","0","0","0","0","0","0","0","0","0","0","0","0","0","0","0","0"
"00000091","광주역","00000043","송암72","20221003","2","3","5","3","2","3","5","3","0","0","0","0","0","0","0","0","1","1","2","1","1","1","2","1","0","0","0","0","0","0","0","0","0","5","3","5","0","5","3","5","0","0","0","0","0","0","0","0"
"00000091","광주역","00000054","용봉83","20221003","0","1","6","1","0","1","6","1","0","0","0","0","0","0","0","0","0","1","0","1","0","1","0","1","0","0","0","0","0","0","0","0","4","3","6","3","3","3","4","3","0","0","0","0","1","0","2","0"
"00000091","광주역","00000059","임곡89","20221003","0","0","1","0","0","0","1","0","0","0","0","0","0","0","0","0","0","0","0","0","0","0","0","0","0","0","0","0","0","0","0","0","0","0","0","0","0","0","0","0","0","0","0","0","0","0","0","0"
"00000091","광주역","00000068","송정98","20221003","6","7","13","7","6","7","13","7","0","0","0","0","0","0","0","0","0","0","8","0","0","0","8","0","0","0","0","0","0","0","0","0","1","5","6","5","1","5","6","5","0","0","0","0","0","0","0","0"
"00000091","광주역","00000071","228(구151화순사평)","20221003","1","1","0","1","1","1","0","1","0","0","0","0","0","0","0","0","1","0","0","0","1","0","0","0","0","0","0","0","0","0","0","0","0","0","0","0","0","0","0","0","0","0","0","0","0","0","0","0"
"00000091","광주역","00000072","지원152(능주역)","20221003","0","0","0","0","0","0","0","0","0","0","0","0","0","0","0","0","2","0","0","0","1","0","0","0","0","0","0","0","1","0","0","0","1","0","0","0","1","0","0","0","0","0","0","0","0","0","0","0"
"00000091","광주역","00000086","518","20221003","0","1","4","1","0","1","4","1","0","0","0","0","0","0","0","0","0","1","0","1","0","1","0","1","0","0","0","0","0","0","0","0","2","0","1","0","2","0","1","0","0","0","0","0","0","0","0","0"
"00000091","광주역","00000087","1187","20221003","1","1","2","1","1","1","2","1","0","0","0","0","0","0","0","0","0","0","0","0","0","0","0","0","0","0","0","0","0","0","0","0","0","2","1","2","0","2","1","2","0","0","0","0","0","0","0","0"
"00000091","광주역","00000098","수완49","20221003","0","0","5","0","0","0","5","0","0","0","0","0","0","0","0","0","0","1","1","1","0","1","1","1","0","0","0","0","0","0","0","0","1","0","1","0","1","0","1","0","0","0","0","0","0","0","0","0"
"00000091","광주역","00000106","두암81(무등파크)","20221003","0","0","2","0","0","0","2","0","0","0","0","0","0","0","0","0","0","0","0","0","0","0","0","0","0","0","0","0","0","0","0","0","0","0","0","0","0","0","0","0","0","0","0","0","0","0","0","0"
"00000091","광주역","00000109","좌석02","20221003","6","9","9","9","6","9","8","9","0","0","0","0","0","0","1","0","0","5","3","5","0","5","3","5","0","0","0","0","0","0","0","0","0","1","1","1","0","1","1","1","0","0","0","0","0","0","0","0"
"00000091","광주역","00000119","지원56","20221003","0","0","0","0","0","0","0","0","0","0","0","0","0","0","0","0","1","0","0","0","1","0","0","0","0","0","0","0","0","0","0","0","0","0","0","0","0","0","0","0","0","0","0","0","0","0","0","0"
"00000091","광주역","00000122","228(화순전대병원)","20221003","0","3","2","3","0","3","2","3","0","0","0","0","0","0","0","0","0","0","0","0","0","0","0","0","0","0","0","0","0","0","0","0","0","0","1","0","0","0","1","0","0","0","0","0","0","0","0","0"
"00000091","광주역","00000123","지원152(도웅리)","20221003","0","0","0","0","0","0","0","0","0","0","0","0","0","0","0","0","0","0","2","0","0","0","2","0","0","0","0","0","0","0","0","0","0","0","0","0","0","0","0","0","0","0","0","0","0","0","0","0"
"00000091","광주역","00000130","두암81","20221003","0","0","2","0","0","0","2","0","0","0","0","0","0","0","0","0","0","0","0","0","0","0","0","0","0","0","0","0","0","0","0","0","0","0","0","0","0","0","0","0","0","0","0","0","0","0","0","0"
"00000092","광주역육교","00000009","문흥18","20221003","2","2","6","2","2","1","6","1","0","0","0","0","0","1","0","1","9","4","9","4","9","4","9","4","0","0","0","0","0","0","0","0","1","0","0","0","1","0","0","0","0","0","0","0","0","0","0","0"
"00000092","광주역육교","00000014","봉선27","20221003","1","4","7","4","1","3","5","3","0","0","0","0","0","1","2","1","6","1","5","1","6","0","5","0","0","0","0","0","0","1","0","1","0","0","0","0","0","0","0","0","0","0","0","0","0","0","0","0"
"00000092","광주역육교","00000024","송암47","20221003","2","0","5","0","2","0","5","0","0","0","0","0","0","0","0","0","0","1","1","1","0","1","1","1","0","0","0","0","0","0","0","0","0","1","0","1","0","1","0","1","0","0","0","0","0","0","0","0"
"00000092","광주역육교","00000030","금남55","20221003","0","1","0","1","0","0","0","0","0","1","0","1","0","0","0","0","4","3","3","3","4","3","3","3","0","0","0","0","0","0","0","0","0","2","0","2","0","2","0","2","0","0","0","0","0","0","0","0"
"00000092","광주역육교","00000112","순환01(운천저수지)","20221003","0","0","6","0","0","0","6","0","0","0","0","0","0","0","0","0","1","0","0","0","1","0","0","0","0","0","0","0","0","0","0","0","1","0","2","0","1","0","2","0","0","0","0","0","0","0","0","0"
"00000093","광주역육교","00000001","순환01(시청행)","20221003","1","3","2","3","1","3","2","3","0","0","0","0","0","0","0","0","0","1","1","1","0","1","1","1","0","0","0","0","0","0","0","0","0","0","2","0","0","0","2","0","0","0","0","0","0","0","0","0"
"00000093","광주역육교","00000024","송암47","20221003","0","0","0","0","0","0","0","0","0","0","0","0","0","0","0","0","0","0","0","0","0","0","0","0","0","0","0","0","0","0","0","0","0","0","0","0","0","0","0","0","0","0","0","0","0","0","0","0"
"00000094","중흥삼거리","00000009","문흥18","20221003","3","6","6","6","3","6","6","6","0","0","0","0","0","0","0","0","1","1","0","1","1","0","0","0","0","0","0","0","0","1","0","1","0","0","0","0","0","0","0","0","0","0","0","0","0","0","0","0"
"00000094","중흥삼거리","00000014","봉선27","20221003","1","1","1","1","1","1","1","1","0","0","0","0","0","0","0","0","2","1","0","1","2","1","0","1","0","0","0","0","0","0","0","0","0","0","0","0","0","0","0","0","0","0","0","0","0","0","0","0"
"00000094","중흥삼거리","00000030","금남55","20221003","0","2","4","2","0","2","3","2","0","0","0","0","0","0","1","0","0","0","1","0","0","0","1","0","0","0","0","0","0","0","0","0","0","0","0","0","0","0","0","0","0","0","0","0","0","0","0","0"
"00000095","4.19기념관","00000010","송정19","20221003","4","0","5","0","3","0","5","0","0","0","0","0","1","0","0","0","0","0","0","0","0","0","0","0","0","0","0","0","0","0","0","0","0","1","1","1","0","1","1","1","0","0","0","0","0","0","0","0"
"00000095","4.19기념관","00000030","금남55","20221003","4","5","5","5","3","5","5","5","0","0","0","0","1","0","0","0","0","0","3","0","0","0","3","0","0","0","0","0","0","0","0","0","0","0","0","0","0","0","0","0","0","0","0","0","0","0","0","0"
"00000095","4.19기념관","00000054","용봉83","20221003","2","5","2","5","1","5","2","5","0","0","0","0","1","0","0","0","1","3","0","3","1","3","0","3","0","0","0","0","0","0","0","0","0","2","0","2","0","2","0","2","0","0","0","0","0","0","0","0"
"00000095","4.19기념관","00000068","송정98","20221003","2","5","6","5","2","5","6","5","0","0","0","0","0","0","0","0","0","8","2","8","0","8","2","8","0","0","0","0","0","0","0","0","0","1","2","1","0","1","2","1","0","0","0","0","0","0","0","0"
"00000095","4.19기념관","00000071","228(구151화순사평)","20221003","1","0","0","0","1","0","0","0","0","0","0","0","0","0","0","0","0","0","0","0","0","0","0","0","0","0","0","0","0","0","0","0","0","0","0","0","0","0","0","0","0","0","0","0","0","0","0","0"
"00000095","4.19기념관","00000086","518","20221003","2","0","1","0","2","0","1","0","0","0","0","0","0","0","0","0","0","0","1","0","0","0","1","0","0","0","0","0","0","0","0","0","1","0","0","0","1","0","0","0","0","0","0","0","0","0","0","0"
"00000095","4.19기념관","00000122","228(화순전대병원)","20221003","2","0","2","0","2","0","2","0","0","0","0","0","0","0","0","0","1","0","2","0","1","0","2","0","0","0","0","0","0","0","0","0","0","0","1","0","0","0","0","0","0","0","0","0","0","0","1","0"
"00000096","4.19기념관","00000010","송정19","20221003","2","7","1","7","2","7","1","7","0","0","0","0","0","0","0","0","0","2","2","2","0","2","2","2","0","0","0","0","0","0","0","0","1","0","1","0","1","0","1","0","0","0","0","0","0","0","0","0"
"00000096","4.19기념관","00000030","금남55","20221003","1","3","2","3","1","3","1","3","0","0","0","0","0","0","1","0","0","2","0","2","0","2","0","2","0","0","0","0","0","0","0","0","0","0","0","0","0","0","0","0","0","0","0","0","0","0","0","0"
"00000096","4.19기념관","00000054","용봉83","20221003","5","3","3","3","5","3","3","3","0","0","0","0","0","0","0","0","0","3","1","3","0","3","1","3","0","0","0","0","0","0","0","0","1","1","1","1","1","1","1","1","0","0","0","0","0","0","0","0"
"00000096","4.19기념관","00000068","송정98","20221003","3","6","14","6","3","6","14","6","0","0","0","0","0","0","0","0","1","0","2","0","1","0","2","0","0","0","0","0","0","0","0","0","2","5","3","5","2","5","3","5","0","0","0","0","0","0","0","0"
"00000096","4.19기념관","00000071","228(구151화순사평)","20221003","3","0","0","0","3","0","0","0","0","0","0","0","0","0","0","0","0","0","0","0","0","0","0","0","0","0","0","0","0","0","0","0","0","0","0","0","0","0","0","0","0","0","0","0","0","0","0","0"
"00000096","4.19기념관","00000086","518","20221003","0","2","0","2","0","2","0","2","0","0","0","0","0","0","0","0","0","0","0","0","0","0","0","0","0","0","0","0","0","0","0","0","0","0","0","0","0","0","0","0","0","0","0","0","0","0","0","0"
"00000096","4.19기념관","00000122","228(화순전대병원)","20221003","0","1","6","1","0","1","6","1","0","0","0","0","0","0","0","0","0","0","3","0","0","0","3","0","0","0","0","0","0","0","0","0","0","0","1","0","0","0","1","0","0","0","0","0","0","0","0","0"
"00000097","광주학생운동기념탑","00000027","지원52","20221003","0","0","0","0","0","0","0","0","0","0","0","0","0","0","0","0","0","1","1","1","0","1","1","1","0","0","0","0","0","0","0","0","0","0","0","0","0","0","0","0","0","0","0","0","0","0","0","0"
"00000097","광주학생운동기념탑","00000035","매월61(칠석)","20221003","0","0","0","0","0","0","0","0","0","0","0","0","0","0","0","0","0","0","0","0","0","0","0","0","0","0","0","0","0","0","0","0","0","1","0","1","0","1","0","1","0","0","0","0","0","0","0","0"
"00000097","광주학생운동기념탑","00000039","유덕65","20221003","0","1","0","1","0","1","0","1","0","0","0","0","0","0","0","0","0","0","0","0","0","0","0","0","0","0","0","0","0","0","0","0","0","0","0","0","0","0","0","0","0","0","0","0","0","0","0","0"
"00000097","광주학생운동기념탑","00000208","마을715(대촌)","20221003","1","2","0","2","0","2","0","2","0","0","0","0","1","0","0","0","0","0","0","0","0","0","0","0","0","0","0","0","0","0","0","0","0","0","0","0","0","0","0","0","0","0","0","0","0","0","0","0"
"00000098","광주학생운동기념탑","00000035","매월61(칠석)","20221003","0","0","0","0","0","0","0","0","0","0","0","0","0","0","0","0","0","1","0","1","0","1","0","1","0","0","0","0","0","0","0","0","0","0","0","0","0","0","0","0","0","0","0","0","0","0","0","0"
"00000098","광주학생운동기념탑","00000039","유덕65","20221003","0","0","0","0","0","0","0","0","0","0","0","0","0","0","0","0","0","1","0","1","0","1","0","1","0","0","0","0","0","0","0","0","0","0","0","0","0","0","0","0","0","0","0","0","0","0","0","0"
"00000098","광주학생운동기념탑","00000041","대촌70","20221003","0","0","0","0","0","0","0","0","0","0","0","0","0","0","0","0","1","5","0","5","1","5","0","5","0","0","0","0","0","0","0","0","0","0","0","0","0","0","0","0","0","0","0","0","0","0","0","0"
"00000098","광주학생운동기념탑","00000073","대촌170","20221003","0","0","0","0","0","0","0","0","0","0","0","0","0","0","0","0","1","2","1","2","1","2","1","2","0","0","0","0","0","0","0","0","0","0","0","0","0","0","0","0","0","0","0","0","0","0","0","0"
"00000098","광주학생운동기념탑","00000208","마을715(대촌)","20221003","0","0","0","0","0","0","0","0","0","0","0","0","0","0","0","0","2","0","0","0","2","0","0","0","0","0","0","0","0","0","0","0","0","0","0","0","0","0","0","0","0","0","0","0","0","0","0","0"
"00000099","광주일고/광주고용센터","00000004","진월07","20221003","1","3","6","3","1","3","5","3","0","0","1","0","0","0","0","0","5","10","6","10","5","10","6","10","0","0","0","0","0","0","0","0","5","2","6","2","5","2","6","2","0","0","0","0","0","0","0","0"
"00000099","광주일고/광주고용센터","00000005","첨단09","20221003","1","3","2","3","1","3","2","3","0","0","0","0","0","0","0","0","3","5","3","5","3","4","3","4","0","0","0","0","0","1","0","1","3","2","2","2","3","2","2","2","0","0","0","0","0","0","0","0"
"00000099","광주일고/광주고용센터","00000010","송정19","20221003","0","0","2","0","0","0","2","0","0","0","0","0","0","0","0","0","3","0","2","0","3","0","2","0","0","0","0","0","0","0","0","0","1","0","2","0","1","0","2","0","0","0","0","0","0","0","0","0"
"00000099","광주일고/광주고용센터","00000020","일곡38","20221003","0","0","1","0","0","0","1","0","0","0","0","0","0","0","0","0","1","4","1","4","1","4","1","4","0","0","0","0","0","0","0","0","0","1","2","1","0","1","2","1","0","0","0","0","0","0","0","0"
"00000099","광주일고/광주고용센터","00000026","운림51","20221003","0","4","2","4","0","4","2","4","0","0","0","0","0","0","0","0","1","4","3","4","1","4","3","4","0","0","0","0","0","0","0","0","1","8","0","8","1","8","0","8","0","0","0","0","0","0","0","0"
"00000099","광주일고/광주고용센터","00000039","유덕65","20221003","0","0","0","0","0","0","0","0","0","0","0","0","0","0","0","0","0","0","0","0","0","0","0","0","0","0","0","0","0","0","0","0","0","0","0","0","0","0","0","0","0","0","0","0","0","0","0","0"
"00000099","광주일고/광주고용센터","00000052","두암81(각화초교)","20221003","0","1","1","1","0","1","1","1","0","0","0","0","0","0","0","0","0","0","0","0","0","0","0","0","0","0","0","0","0","0","0","0","2","0","0","0","2","0","0","0","0","0","0","0","0","0","0","0"
"00000099","광주일고/광주고용센터","00000065","첨단95","20221003","1","1","2","1","1","1","2","1","0","0","0","0","0","0","0","0","2","5","2","5","2","5","1","5","0","0","0","0","0","0","1","0","0","0","1","0","0","0","1","0","0","0","0","0","0","0","0","0"
"00000099","광주일고/광주고용센터","00000086","518","20221003","0","0","0","0","0","0","0","0","0","0","0","0","0","0","0","0","0","0","0","0","0","0","0","0","0","0","0","0","0","0","0","0","0","0","0","0","0","0","0","0","0","0","0","0","0","0","0","0"
"00000099","광주일고/광주고용센터","00000088","금호36","20221003","1","2","5","2","1","2","5","2","0","0","0","0","0","0","0","0","2","3","1","3","2","3","1","3","0","0","0","0","0","0","0","0","0","1","6","1","0","0","6","0","0","0","0","0","0","1","0","1"
"00000099","광주일고/광주고용센터","00000090","문흥39","20221003","0","1","3","1","0","1","3","1","0","0","0","0","0","0","0","0","0","0","2","0","0","0","2","0","0","0","0","0","0","0","0","0","2","0","0","0","2","0","0","0","0","0","0","0","0","0","0","0"
"00000099","광주일고/광주고용센터","00000098","수완49","20221003","0","1","0","1","0","1","0","1","0","0","0","0","0","0","0","0","0","1","2","1","0","0","1","0","0","0","0","0","0","1","1","1","1","0","0","0","1","0","0","0","0","0","0","0","0","0","0","0"
"00000099","광주일고/광주고용센터","00000129","두암81(장등동)","20221003","0","0","0","0","0","0","0","0","0","0","0","0","0","0","0","0","0","1","0","1","0","1","0","1","0","0","0","0","0","0","0","0","0","1","0","1","0","1","0","1","0","0","0","0","0","0","0","0"
"00000100","광주일고/광주고용센터","00000005","첨단09","20221003","2","5","6","5","2","3","6","3","0","0","0","0","0","2","0","2","0","3","0","3","0","3","0","3","0","0","0","0","0","0","0","0","2","4","1","4","2","4","1","4","0","0","0","0","0","0","0","0"
"00000100","광주일고/광주고용센터","00000010","송정19","20221003","0","0","2","0","0","0","2","0","0","0","0","0","0","0","0","0","0","1","2","1","0","0","2","0","0","0","0","0","0","1","0","1","0","1","3","1","0","1","3","1","0","0","0","0","0","0","0","0"
"00000100","광주일고/광주고용센터","00000020","일곡38","20221003","0","1","0","1","0","1","0","1","0","0","0","0","0","0","0","0","0","0","1","0","0","0","1","0","0","0","0","0","0","0","0","0","0","3","1","3","0","3","1","3","0","0","0","0","0","0","0","0"
"00000100","광주일고/광주고용센터","00000026","운림51","20221003","1","1","11","1","1","1","9","1","0","0","2","0","0","0","0","0","1","1","0","1","1","1","0","1","0","0","0","0","0","0","0","0","0","0","5","0","0","0","3","0","0","0","1","0","0","0","1","0"
"00000100","광주일고/광주고용센터","00000039","유덕65","20221003","0","1","0","1","0","1","0","1","0","0","0","0","0","0","0","0","0","0","0","0","0","0","0","0","0","0","0","0","0","0","0","0","0","0","1","0","0","0","1","0","0","0","0","0","0","0","0","0"
"00000100","광주일고/광주고용센터","00000065","첨단95","20221003","0","1","8","1","0","1","7","1","0","0","0","0","0","0","1","0","0","0","0","0","0","0","0","0","0","0","0","0","0","0","0","0","1","1","2","1","1","1","1","1","0","0","0","0","0","0","1","0"
"00000100","광주일고/광주고용센터","00000086","518","20221003","0","0","1","0","0","0","1","0","0","0","0","0","0","0","0","0","0","0","0","0","0","0","0","0","0","0","0","0","0","0","0","0","0","0","0","0","0","0","0","0","0","0","0","0","0","0","0","0"
"00000100","광주일고/광주고용센터","00000088","금호36","20221003","1","1","3","1","1","1","3","1","0","0","0","0","0","0","0","0","2","3","1","3","2","3","1","3","0","0","0","0","0","0","0","0","0","1","1","1","0","1","1","1","0","0","0","0","0","0","0","0"
"00000100","광주일고/광주고용센터","00000090","문흥39","20221003","1","1","0","1","1","1","0","1","0","0","0","0","0","0","0","0","0","2","1","2","0","2","1","2","0","0","0","0","0","0","0","0","0","2","0","2","0","2","0","2","0","0","0","0","0","0","0","0"
"00000100","광주일고/광주고용센터","00000098","수완49","20221003","0","2","2","2","0","2","2","2","0","0","0","0","0","0","0","0","0","0","1","0","0","0","1","0","0","0","0","0","0","0","0","0","0","0","0","0","0","0","0","0","0","0","0","0","0","0","0","0"
"00000100","광주일고/광주고용센터","00000106","두암81(무등파크)","20221003","0","0","0","0","0","0","0","0","0","0","0","0","0","0","0","0","0","0","0","0","0","0","0","0","0","0","0","0","0","0","0","0","0","0","0","0","0","0","0","0","0","0","0","0","0","0","0","0"
"00000100","광주일고/광주고용센터","00000130","두암81","20221003","0","0","0","0","0","0","0","0","0","0","0","0","0","0","0","0","0","2","0","2","0","2","0","2","0","0","0","0","0","0","0","0","1","0","0","0","1","0","0","0","0","0","0","0","0","0","0","0"
"00000101","남계촌","00000027","지원52","20221003","0","0","0","0","0","0","0","0","0","0","0","0","0","0","0","0","0","0","0","0","0","0","0","0","0","0","0","0","0","0","0","0","0","0","0","0","0","0","0","0","0","0","0","0","0","0","0","0"
"00000101","남계촌","00000071","228(구151화순사평)","20221003","0","0","0","0","0","0","0","0","0","0","0","0","0","0","0","0","0","0","0","0","0","0","0","0","0","0","0","0","0","0","0","0","0","0","0","0","0","0","0","0","0","0","0","0","0","0","0","0"
"00000101","남계촌","00000072","지원152(능주역)","20221003","0","0","0","0","0","0","0","0","0","0","0","0","0","0","0","0","2","0","1","0","2","0","1","0","0","0","0","0","0","0","0","0","0","0","0","0","0","0","0","0","0","0","0","0","0","0","0","0"
"00000101","남계촌","00000122","228(화순전대병원)","20221003","0","0","0","0","0","0","0","0","0","0","0","0","0","0","0","0","1","0","1","0","1","0","1","0","0","0","0","0","0","0","0","0","0","0","0","0","0","0","0","0","0","0","0","0","0","0","0","0"
"00000101","남계촌","00000123","지원152(도웅리)","20221003","0","0","0","0","0","0","0","0","0","0","0","0","0","0","0","0","0","2","1","2","0","2","1","2","0","0","0","0","0","0","0","0","0","0","0","0","0","0","0","0","0","0","0","0","0","0","0","0"
"00000102","마재호반아파트","00000201","마을760","20221003","1","0","0","0","1","0","0","0","0","0","0","0","0","0","0","0","1","2","1","2","1","2","1","2","0","0","0","0","0","0","0","0","0","0","0","0","0","0","0","0","0","0","0","0","0","0","0","0"
"00000103","마재호반아파트","00000048","진월77","20221003","1","0","0","0","1","0","0","0","0","0","0","0","0","0","0","0","0","0","0","0","0","0","0","0","0","0","0","0","0","0","0","0","0","0","0","0","0","0","0","0","0","0","0","0","0","0","0","0"
"00000103","마재호반아파트","00000201","마을760","20221003","5","8","2","8","4","5","2","5","0","2","0","2","1","1","0","1","0","0","0","0","0","0","0","0","0","0","0","0","0","0","0","0","0","0","0","0","0","0","0","0","0","0","0","0","0","0","0","0"
"00000104","광주테크노파크","00000092","첨단40","20221003","0","1","0","1","0","1","0","1","0","0","0","0","0","0","0","0","0","0","0","0","0","0","0","0","0","0","0","0","0","0","0","0","0","0","0","0","0","0","0","0","0","0","0","0","0","0","0","0"
"00000105","제2광천교","00000013","매월26","20221003","4","1","3","1","3","1","3","1","0","0","0","0","1","0","0","0","1","5","2","5","1","5","1","5","0","0","1","0","0","0","0","0","0","0","3","0","0","0","2","0","0","0","0","0","0","0","1","0"
"00000105","제2광천교","00000019","봉선37","20221003","3","2","1","2","3","2","0","2","0","0","0","0","0","0","1","0","4","3","9","3","4","3","8","3","0","0","0","0","0","0","1","0","0","0","1","0","0","0","1","0","0","0","0","0","0","0","0","0"
"00000105","제2광천교","00000020","일곡38","20221003","2","2","3","2","2","2","3","2","0","0","0","0","0","0","0","0","2","1","2","1","2","1","2","1","0","0","0","0","0","0","0","0","0","0","1","0","0","0","0","0","0","0","1","0","0","0","0","0"
"00000105","제2광천교","00000024","송암47","20221003","1","3","3","3","1","3","3","3","0","0","0","0","0","0","0","0","1","1","1","1","1","1","1","1","0","0","0","0","0","0","0","0","0","1","0","1","0","1","0","1","0","0","0","0","0","0","0","0"
"00000105","제2광천교","00000038","상무64","20221003","2","0","1","0","2","0","0","0","0","0","0","0","0","0","1","0","0","0","1","0","0","0","1","0","0","0","0","0","0","0","0","0","1","2","0","2","1","1","0","1","0","0","0","0","0","1","0","1"
"00000105","제2광천교","00000071","228(구151화순사평)","20221003","1","0","0","0","1","0","0","0","0","0","0","0","0","0","0","0","3","0","0","0","3","0","0","0","0","0","0","0","0","0","0","0","0","0","0","0","0","0","0","0","0","0","0","0","0","0","0","0"
"00000105","제2광천교","00000120","양산60","20221003","0","1","0","1","0","1","0","1","0","0","0","0","0","0","0","0","3","4","5","4","3","4","5","4","0","0","0","0","0","0","0","0","0","0","0","0","0","0","0","0","0","0","0","0","0","0","0","0"
"00000105","제2광천교","00000122","228(화순전대병원)","20221003","0","0","0","0","0","0","0","0","0","0","0","0","0","0","0","0","0","0","2","0","0","0","2","0","0","0","0","0","0","0","0","0","0","0","0","0","0","0","0","0","0","0","0","0","0","0","0","0"
"00000107","광천초교","00000017","첨단30","20221003","2","1","1","1","2","1","0","1","0","0","0","0","0","0","1","0","1","3","2","3","1","3","2","3","0","0","0","0","0","0","0","0","0","0","0","0","0","0","0","0","0","0","0","0","0","0","0","0"
"00000107","광천초교","00000040","대촌69","20221003","1","0","0","0","1","0","0","0","0","0","0","0","0","0","0","0","0","0","0","0","0","0","0","0","0","0","0","0","0","0","0","0","0","0","0","0","0","0","0","0","0","0","0","0","0","0","0","0"
"00000107","광천초교","00000101","송암31","20221003","1","0","0","0","0","0","0","0","0","0","0","0","1","0","0","0","0","0","0","0","0","0","0","0","0","0","0","0","0","0","0","0","0","0","3","0","0","0","1","0","0","0","0","0","0","0","2","0"
"00000107","광천초교","00000119","지원56","20221003","1","1","2","1","1","1","2","1","0","0","0","0","0","0","0","0","0","0","0","0","0","0","0","0","0","0","0","0","0","0","0","0","0","0","0","0","0","0","0","0","0","0","0","0","0","0","0","0"
"00000108","광천초교","00000017","첨단30","20221003","5","2","2","2","5","2","2","2","0","0","0","0","0","0","0","0","0","0","1","0","0","0","1","0","0","0","0","0","0","0","0","0","0","0","0","0","0","0","0","0","0","0","0","0","0","0","0","0"
"00000108","광천초교","00000040","대촌69","20221003","0","0","0","0","0","0","0","0","0","0","0","0","0","0","0","0","0","0","0","0","0","0","0","0","0","0","0","0","0","0","0","0","0","0","0","0","0","0","0","0","0","0","0","0","0","0","0","0"
"00000108","광천초교","00000059","임곡89","20221003","0","1","0","1","0","1","0","1","0","0","0","0","0","0","0","0","0","0","0","0","0","0","0","0","0","0","0","0","0","0","0","0","0","0","0","0","0","0","0","0","0","0","0","0","0","0","0","0"
"00000108","광천초교","00000101","송암31","20221003","2","2","0","2","2","2","0","2","0","0","0","0","0","0","0","0","0","1","0","1","0","1","0","1","0","0","0","0","0","0","0","0","0","0","0","0","0","0","0","0","0","0","0","0","0","0","0","0"
"00000108","광천초교","00000119","지원56","20221003","3","2","1","2","3","2","1","2","0","0","0","0","0","0","0","0","0","0","4","0","0","0","2","0","0","0","0","0","0","0","2","0","0","0","0","0","0","0","0","0","0","0","0","0","0","0","0","0"
"00000109","광주종합버스터미널","00000005","첨단09","20221003","12","45","62","45","12","43","50","43","0","0","2","0","0","2","10","2","6","22","28","22","6","20","26","20","0","1","1","1","0","1","1","1","22","15","10","15","21","13","10","13","0","0","0","0","1","2","0","2"
"00000109","광주종합버스터미널","00000007","매월16","20221003","4","9","9","9","4","9","8","9","0","0","1","0","0","0","0","0","6","3","2","3","5","3","2","3","0","0","0","0","1","0","0","0","7","1","5","1","7","1","5","1","0","0","0","0","0","0","0","0"
"00000109","광주종합버스터미널","00000012","지원25","20221003","5","13","40","13","5","11","31","11","0","0","4","0","0","2","5","2","7","5","10","5","6","5","10","5","0","0","0","0","1","0","0","0","7","6","4","6","6","5","4","5","0","0","0","0","1","1","0","1"
"00000109","광주종합버스터미널","00000013","매월26","20221003","0","0","0","0","0","0","0","0","0","0","0","0","0","0","0","0","0","2","1","2","0","2","1","2","0","0","0","0","0","0","0","0","0","0","0","0","0","0","0","0","0","0","0","0","0","0","0","0"
"00000109","광주종합버스터미널","00000017","첨단30","20221003","0","0","22","0","0","0","19","0","0","0","3","0","0","0","0","0","8","0","2","0","8","0","2","0","0","0","0","0","0","0","0","0","1","4","11","4","1","3","10","3","0","0","0","0","0","1","1","1"
"00000109","광주종합버스터미널","00000020","일곡38","20221003","4","13","38","13","4","10","36","10","0","1","0","1","0","2","2","2","2","0","0","0","2","0","0","0","0","0","0","0","0","0","0","0","4","3","12","3","3","3","11","3","0","0","0","0","1","0","1","0"
"00000109","광주종합버스터미널","00000024","송암47","20221003","0","0","0","0","0","0","0","0","0","0","0","0","0","0","0","0","0","0","0","0","0","0","0","0","0","0","0","0","0","0","0","0","0","0","0","0","0","0","0","0","0","0","0","0","0","0","0","0"
"00000109","광주종합버스터미널","00000038","상무64","20221003","0","0","1","0","0","0","1","0","0","0","0","0","0","0","0","0","0","0","1","0","0","0","1","0","0","0","0","0","0","0","0","0","0","0","0","0","0","0","0","0","0","0","0","0","0","0","0","0"
"00000109","광주종합버스터미널","00000039","유덕65","20221003","0","1","2","1","0","1","2","1","0","0","0","0","0","0","0","0","0","1","4","1","0","1","3","1","0","0","0","0","0","0","1","0","2","0","0","0","2","0","0","0","0","0","0","0","0","0","0","0"
"00000109","광주종합버스터미널","00000040","대촌69","20221003","0","0","1","0","0","0","1","0","0","0","0","0","0","0","0","0","1","0","0","0","0","0","0","0","0","0","0","0","1","0","0","0","0","0","0","0","0","0","0","0","0","0","0","0","0","0","0","0"
"00000109","광주종합버스터미널","00000059","임곡89","20221003","0","0","0","0","0","0","0","0","0","0","0","0","0","0","0","0","0","0","0","0","0","0","0","0","0","0","0","0","0","0","0","0","0","0","0","0","0","0","0","0","0","0","0","0","0","0","0","0"
"00000109","광주종합버스터미널","00000071","228(구151화순사평)","20221003","2","0","0","0","2","0","0","0","0","0","0","0","0","0","0","0","3","0","0","0","3","0","0","0","0","0","0","0","0","0","0","0","2","0","0","0","2","0","0","0","0","0","0","0","0","0","0","0"
"00000109","광주종합버스터미널","00000086","518","20221003","3","1","6","1","3","1","4","1","0","0","1","0","0","0","1","0","0","0","3","0","0","0","3","0","0","0","0","0","0","0","0","0","3","0","4","0","3","0","4","0","0","0","0","0","0","0","0","0"
"00000109","광주종합버스터미널","00000087","1187","20221003","0","3","3","3","0","3","2","3","0","0","0","0","0","0","1","0","0","1","3","1","0","1","2","1","0","0","1","0","0","0","0","0","2","2","1","2","2","2","1","2","0","0","0","0","0","0","0","0"
"00000109","광주종합버스터미널","00000088","금호36","20221003","0","0","0","0","0","0","0","0","0","0","0","0","0","0","0","0","0","1","2","1","0","1","2","1","0","0","0","0","0","0","0","0","0","0","0","0","0","0","0","0","0","0","0","0","0","0","0","0"
"00000109","광주종합버스터미널","00000090","문흥39","20221003","3","14","36","14","2","12","30","12","0","0","3","0","1","2","3","2","1","2","3","2","1","2","3","2","0","0","0","0","0","0","0","0","6","9","8","9","6","7","8","7","0","0","0","0","0","2","0","2"
"00000109","광주종합버스터미널","00000101","송암31","20221003","0","0","0","0","0","0","0","0","0","0","0","0","0","0","0","0","0","0","1","0","0","0","1","0","0","0","0","0","0","0","0","0","0","0","0","0","0","0","0","0","0","0","0","0","0","0","0","0"
"00000109","광주종합버스터미널","00000109","좌석02","20221003","13","28","94","28","12","26","85","26","0","0","1","0","1","2","8","2","2","5","2","5","2","5","2","5","0","0","0","0","0","0","0","0","4","4","4","4","4","3","4","3","0","0","0","0","0","1","0","1"
"00000109","광주종합버스터미널","00000111","송암68","20221003","2","16","64","16","2","16","53","16","0","0","2","0","0","0","9","0","9","2","7","2","9","1","7","1","0","0","0","0","0","1","0","1","1","3","12","3","1","3","11","3","0","0","0","0","0","0","1","0"
"00000109","광주종합버스터미널","00000112","순환01(운천저수지)","20221003","2","3","19","3","2","3","17","3","0","0","1","0","0","0","1","0","5","1","14","1","5","1","13","1","0","0","0","0","0","0","1","0","3","3","9","3","3","3","8","3","0","0","0","0","0","0","1","0"
"00000109","광주종합버스터미널","00000114","수완03","20221003","14","59","78","59","13","53","71","53","0","1","2","1","1","5","5","5","17","22","17","22","16","20","16","20","1","0","1","0","0","2","0","2","29","35","40","35","29","33","32","33","0","2","1","2","0","0","7","0"
"00000109","광주종합버스터미널","00000118","문흥53","20221003","0","0","15","0","0","0","13","0","0","0","0","0","0","0","2","0","18","14","7","14","16","13","6","13","0","0","0","0","2","1","1","1","0","0","1","0","0","0","0","0","0","0","0","0","0","0","1","0"
"00000109","광주종합버스터미널","00000120","양산60","20221003","0","0","26","0","0","0","21","0","0","0","2","0","0","0","3","0","4","3","2","3","4","3","2","3","0","0","0","0","0","0","0","0","1","0","0","0","1","0","0","0","0","0","0","0","0","0","0","0"
"00000109","광주종합버스터미널","00000122","228(화순전대병원)","20221003","0","7","6","7","0","7","6","7","0","0","0","0","0","0","0","0","0","1","2","1","0","1","2","1","0","0","0","0","0","0","0","0","0","4","3","4","0","4","2","4","0","0","0","0","0","0","1","0"
"00000109","광주종합버스터미널","00000201","마을760","20221003","0","0","1","0","0","0","1","0","0","0","0","0","0","0","0","0","0","0","0","0","0","0","0","0","0","0","0","0","0","0","0","0","0","0","0","0","0","0","0","0","0","0","0","0","0","0","0","0"
"00000109","광주종합버스터미널","00000211","마을777(우치공원)","20221003","0","0","0","0","0","0","0","0","0","0","0","0","0","0","0","0","1","0","0","0","1","0","0","0","0","0","0","0","0","0","0","0","0","0","0","0","0","0","0","0","0","0","0","0","0","0","0","0"
"00000110","광주종합버스터미널","00000001","순환01(시청행)","20221003","9","36","93","36","7","35","85","35","0","0","1","0","2","1","7","1","11","7","3","7","11","7","3","7","0","0","0","0","0","0","0","0","5","3","12","3","5","3","12","3","0","0","0","0","0","0","0","0"
"00000110","광주종합버스터미널","00000005","첨단09","20221003","26","111","123","111","26","78","113","78","0","5","1","5","0","28","9","28","24","25","22","25","23","22","21","22","0","0","0","0","1","3","1","3","38","51","33","51","37","41","30","41","0","1","1","1","1","9","2","9"
"00000110","광주종합버스터미널","00000007","매월16","20221003","2","12","71","12","2","12","58","12","0","0","2","0","0","0","11","0","6","4","9","4","6","4","7","4","0","0","0","0","0","0","2","0","5","3","9","3","5","3","8","3","0","0","0","0","0","0","1","0"
"00000110","광주종합버스터미널","00000012","지원25","20221003","5","31","58","31","5","27","53","27","0","1","1","1","0","3","4","3","4","7","15","7","4","7","14","7","0","0","0","0","0","0","1","0","12","9","10","9","12","8","10","8","0","0","0","0","0","1","0","1"
"00000110","광주종합버스터미널","00000013","매월26","20221003","18","60","161","60","13","56","153","56","0","1","3","1","5","3","5","3","23","29","31","29","21","25","28","25","0","0","0","0","2","4","3","4","14","13","17","13","13","12","16","12","1","0","1","0","0","1","0","1"
"00000110","광주종합버스터미널","00000017","첨단30","20221003","4","11","32","11","4","11","32","11","0","0","0","0","0","0","0","0","5","7","5","7","5","5","5","5","0","0","0","0","0","2","0","2","2","7","8","7","2","7","8","7","0","0","0","0","0","0","0","0"
"00000110","광주종합버스터미널","00000020","일곡38","20221003","4","8","40","8","4","7","35","7","0","0","1","0","0","1","4","1","7","12","5","12","7","11","5","11","0","0","0","0","0","1","0","1","2","9","3","9","2","6","3","6","0","1","0","1","0","2","0","2"
"00000110","광주종합버스터미널","00000024","송암47","20221003","5","22","29","22","4","20","26","20","1","2","3","2","0","0","0","0","12","14","17","14","12","12","16","12","0","0","0","0","0","2","1","2","5","7","4","7","5","7","3","7","0","0","0","0","0","0","1","0"
"00000110","광주종합버스터미널","00000038","상무64","20221003","2","17","50","17","2","17","45","17","0","0","1","0","0","0","4","0","1","4","1","4","1","4","1","4","0","0","0","0","0","0","0","0","4","1","5","1","4","1","5","1","0","0","0","0","0","0","0","0"
"00000110","광주종합버스터미널","00000039","유덕65","20221003","1","1","1","1","1","1","1","1","0","0","0","0","0","0","0","0","0","3","0","3","0","3","0","3","0","0","0","0","0","0","0","0","1","3","2","3","1","3","1","3","0","0","1","0","0","0","0","0"
"00000110","광주종합버스터미널","00000040","대촌69","20221003","0","0","0","0","0","0","0","0","0","0","0","0","0","0","0","0","1","1","1","1","1","1","0","1","0","0","0","0","0","0","1","0","0","0","0","0","0","0","0","0","0","0","0","0","0","0","0","0"
"00000110","광주종합버스터미널","00000059","임곡89","20221003","0","3","0","3","0","2","0","2","0","0","0","0","0","1","0","1","0","0","1","0","0","0","1","0","0","0","0","0","0","0","0","0","0","2","0","2","0","2","0","2","0","0","0","0","0","0","0","0"
"00000110","광주종합버스터미널","00000071","228(구151화순사평)","20221003","0","2","0","2","0","2","0","2","0","0","0","0","0","0","0","0","0","2","0","2","0","1","0","1","0","0","0","0","0","1","0","1","0","0","0","0","0","0","0","0","0","0","0","0","0","0","0","0"
"00000110","광주종합버스터미널","00000086","518","20221003","0","16","10","16","0","13","10","13","0","1","0","1","0","2","0","2","0","0","1","0","0","0","1","0","0","0","0","0","0","0","0","0","1","6","2","6","1","2","2","2","0","0","0","0","0","4","0","4"
"00000110","광주종합버스터미널","00000087","1187","20221003","6","4","5","4","6","4","5","4","0","0","0","0","0","0","0","0","2","3","2","3","2","2","2","2","0","0","0","0","0","1","0","1","8","4","3","4","8","4","3","4","0","0","0","0","0","0","0","0"
"00000110","광주종합버스터미널","00000088","금호36","20221003","9","40","102","40","8","32","89","32","0","3","1","3","1","5","12","5","16","32","17","32","15","32","16","32","0","0","0","0","1","0","1","0","3","13","13","13","3","13","10","13","0","0","0","0","0","0","3","0"
"00000110","광주종합버스터미널","00000090","문흥39","20221003","8","16","28","16","8","14","25","14","0","0","0","0","0","2","3","2","5","8","4","8","5","7","3","7","0","0","0","0","0","1","1","1","3","4","4","4","3","3","4","3","0","0","0","0","0","1","0","1"
"00000110","광주종합버스터미널","00000101","송암31","20221003","1","1","10","1","1","1","9","1","0","0","0","0","0","0","1","0","8","10","3","10","8","8","3","8","0","0","0","0","0","2","0","2","1","2","0","2","1","1","0","1","0","0","0","0","0","1","0","1"
"00000110","광주종합버스터미널","00000109","좌석02","20221003","3","15","29","15","3","14","29","14","0","1","0","1","0","0","0","0","5","34","36","34","5","30","34","30","0","1","0","1","0","3","2","3","1","2","1","2","0","2","1","2","0","0","0","0","1","0","0","0"
"00000110","광주종합버스터미널","00000111","송암68","20221003","1","24","39","24","1","23","37","23","0","0","0","0","0","1","2","1","10","24","15","24","10","24","12","24","0","0","1","0","0","0","2","0","3","4","6","4","3","3","6","3","0","0","0","0","0","1","0","1"
"00000110","광주종합버스터미널","00000114","수완03","20221003","17","74","110","74","13","66","97","66","0","2","0","2","4","6","13","6","37","79","31","79","35","71","30","71","1","1","0","1","1","7","1","7","3","17","1","17","3","14","1","14","0","1","0","1","0","2","0","2"
"00000110","광주종합버스터미널","00000115","선운14","20221003","1","14","43","14","1","13","35","13","0","1","0","1","0","0","8","0","8","21","9","21","7","19","9","19","1","0","0","0","0","2","0","2","0","2","5","2","0","2","5","2","0","0","0","0","0","0","0","0"
"00000110","광주종합버스터미널","00000118","문흥53","20221003","2","14","40","14","2","14","37","14","0","0","2","0","0","0","1","0","0","0","1","0","0","0","1","0","0","0","0","0","0","0","0","0","11","10","9","10","8","9","9","9","0","0","0","0","3","1","0","1"
"00000110","광주종합버스터미널","00000119","지원56","20221003","1","0","9","0","1","0","6","0","0","0","1","0","0","0","2","0","4","10","6","10","4","10","6","10","0","0","0","0","0","0","0","0","5","3","0","3","5","3","0","3","0","0","0","0","0","0","0","0"
"00000110","광주종합버스터미널","00000120","양산60","20221003","6","17","49","17","5","15","43","15","0","0","2","0","1","2","4","2","0","0","0","0","0","0","0","0","0","0","0","0","0","0","0","0","7","5","11","5","7","4","8","4","0","0","0","0","0","1","3","1"
"00000110","광주종합버스터미널","00000122","228(화순전대병원)","20221003","1","7","5","7","1","7","5","7","0","0","0","0","0","0","0","0","2","3","1","3","2","2","1","2","0","0","0","0","0","1","0","1","1","3","1","3","1","3","1","3","0","0","0","0","0","0","0","0"
"00000110","광주종합버스터미널","00000201","마을760","20221003","0","0","0","0","0","0","0","0","0","0","0","0","0","0","0","0","2","0","0","0","2","0","0","0","0","0","0","0","0","0","0","0","0","0","0","0","0","0","0","0","0","0","0","0","0","0","0","0"
"00000110","광주종합버스터미널","00000211","마을777(우치공원)","20221003","1","0","12","0","1","0","11","0","0","0","0","0","0","0","1","0","0","0","1","0","0","0","1","0","0","0","0","0","0","0","0","0","0","0","3","0","0","0","3","0","0","0","0","0","0","0","0","0"
"00000113","광천치안센터","00000001","순환01(시청행)","20221003","3","6","9","6","3","6","7","6","0","0","0","0","0","0","2","0","2","5","12","5","2","5","12","5","0","0","0","0","0","0","0","0","1","2","2","2","1","2","2","2","0","0","0","0","0","0","0","0"
"00000113","광천치안센터","00000013","매월26","20221003","2","6","8","6","2","6","8","6","0","0","0","0","0","0","0","0","1","3","1","3","1","3","1","3","0","0","0","0","0","0","0","0","4","2","5","2","4","2","4","2","0","0","0","0","0","0","1","0"
"00000113","광천치안센터","00000019","봉선37","20221003","1","2","12","2","1","2","12","2","0","0","0","0","0","0","0","0","2","3","4","3","2","3","4","3","0","0","0","0","0","0","0","0","2","6","7","6","1","3","7","3","0","0","0","0","1","3","0","3"
"00000113","광천치안센터","00000020","일곡38","20221003","0","0","1","0","0","0","1","0","0","0","0","0","0","0","0","0","1","1","0","1","1","1","0","1","0","0","0","0","0","0","0","0","0","0","1","0","0","0","1","0","0","0","0","0","0","0","0","0"
"00000113","광천치안센터","00000024","송암47","20221003","4","4","5","4","4","4","5","4","0","0","0","0","0","0","0","0","3","2","6","2","3","2","6","2","0","0","0","0","0","0","0","0","0","1","1","1","0","1","1","1","0","0","0","0","0","0","0","0"
"00000113","광천치안센터","00000038","상무64","20221003","2","0","2","0","2","0","2","0","0","0","0","0","0","0","0","0","0","0","0","0","0","0","0","0","0","0","0","0","0","0","0","0","1","1","1","1","1","1","1","1","0","0","0","0","0","0","0","0"
"00000113","광천치안센터","00000055","용전84","20221003","3","4","4","4","3","4","4","4","0","0","0","0","0","0","0","0","0","1","0","1","0","1","0","1","0","0","0","0","0","0","0","0","3","0","1","0","3","0","1","0","0","0","0","0","0","0","0","0"
"00000113","광천치안센터","00000071","228(구151화순사평)","20221003","0","0","0","0","0","0","0","0","0","0","0","0","0","0","0","0","0","0","0","0","0","0","0","0","0","0","0","0","0","0","0","0","0","0","0","0","0","0","0","0","0","0","0","0","0","0","0","0"
"00000113","광천치안센터","00000102","수완12","20221003","0","6","11","6","0","6","11","6","0","0","0","0","0","0","0","0","7","9","10","9","7","8","9","8","0","0","1","0","0","1","0","1","4","2","7","2","4","2","7","2","0","0","0","0","0","0","0","0"
"00000113","광천치안센터","00000109","좌석02","20221003","0","1","3","1","0","1","3","1","0","0","0","0","0","0","0","0","3","3","4","3","3","3","4","3","0","0","0","0","0","0","0","0","0","0","0","0","0","0","0","0","0","0","0","0","0","0","0","0"
"00000113","광천치안센터","00000114","수완03","20221003","4","5","8","5","4","5","8","5","0","0","0","0","0","0","0","0","3","6","18","6","3","3","17","3","0","1","0","1","0","2","1","2","2","0","1","0","2","0","1","0","0","0","0","0","0","0","0","0"
"00000113","광천치안센터","00000118","문흥53","20221003","5","2","6","2","5","2","4","2","0","0","1","0","0","0","1","0","0","1","0","1","0","1","0","1","0","0","0","0","0","0","0","0","2","0","2","0","1","0","2","0","0","0","0","0","1","0","0","0"
"00000113","광천치안센터","00000120","양산60","20221003","0","1","8","1","0","1","8","1","0","0","0","0","0","0","0","0","0","0","0","0","0","0","0","0","0","0","0","0","0","0","0","0","4","0","6","0","4","0","6","0","0","0","0","0","0","0","0","0"
"00000113","광천치안센터","00000122","228(화순전대병원)","20221003","0","1","2","1","0","1","2","1","0","0","0","0","0","0","0","0","0","0","0","0","0","0","0","0","0","0","0","0","0","0","0","0","0","0","0","0","0","0","0","0","0","0","0","0","0","0","0","0"
"00000113","광천치안센터","00000211","마을777(우치공원)","20221003","1","2","3","2","1","2","3","2","0","0","0","0","0","0","0","0","0","0","3","0","0","0","3","0","0","0","0","0","0","0","0","0","0","1","0","1","0","1","0","1","0","0","0","0","0","0","0","0"
"00000114","광천치안센터","00000013","매월26","20221003","9","35","71","35","8","31","63","31","0","3","2","3","1","1","6","1","16","52","35","52","16","47","31","47","0","2","2","2","0","3","2","3","25","19","34","19","23","16","30","16","0","0","0","0","2","3","4","3"
"00000114","광천치안센터","00000019","봉선37","20221003","4","4","6","4","4","4","5","4","0","0","0","0","0","0","1","0","11","12","9","12","11","12","9","12","0","0","0","0","0","0","0","0","4","5","3","5","4","5","3","5","0","0","0","0","0","0","0","0"
"00000114","광천치안센터","00000020","일곡38","20221003","3","11","13","11","3","11","12","11","0","0","0","0","0","0","1","0","3","5","6","5","3","4","6","4","0","0","0","0","0","1","0","1","6","3","2","3","5","3","2","3","0","0","0","0","1","0","0","0"
"00000114","광천치안센터","00000024","송암47","20221003","4","28","52","28","4","23","48","23","0","4","0","4","0","1","4","1","3","11","13","11","3","11","11","11","0","0","0","0","0","0","2","0","11","15","17","15","11","13","17","13","0","0","0","0","0","2","0","2"
"00000114","광천치안센터","00000038","상무64","20221003","1","4","9","4","1","4","8","4","0","0","0","0","0","0","1","0","1","9","3","9","1","9","3","9","0","0","0","0","0","0","0","0","7","8","15","8","7","8","13","8","0","0","0","0","0","0","2","0"
"00000114","광천치안센터","00000055","용전84","20221003","0","1","0","1","0","1","0","1","0","0","0","0","0","0","0","0","4","8","7","8","4","8","7","8","0","0","0","0","0","0","0","0","0","1","0","1","0","1","0","1","0","0","0","0","0","0","0","0"
"00000114","광천치안센터","00000071","228(구151화순사평)","20221003","0","0","0","0","0","0","0","0","0","0","0","0","0","0","0","0","2","0","0","0","2","0","0","0","0","0","0","0","0","0","0","0","1","0","0","0","1","0","0","0","0","0","0","0","0","0","0","0"
"00000114","광천치안센터","00000102","수완12","20221003","0","2","5","2","0","2","5","2","0","0","0","0","0","0","0","0","7","7","7","7","6","7","6","7","0","0","0","0","1","0","1","0","6","7","6","7","6","7","5","7","0","0","0","0","0","0","1","0"
"00000114","광천치안센터","00000109","좌석02","20221003","2","8","28","8","2","8","25","8","0","0","1","0","0","0","2","0","0","4","5","4","0","4","5","4","0","0","0","0","0","0","0","0","4","3","4","3","4","3","3","3","0","0","0","0","0","0","1","0"
"00000114","광천치안센터","00000112","순환01(운천저수지)","20221003","0","7","10","7","0","6","10","6","0","0","0","0","0","1","0","1","9","16","13","16","8","14","13","14","1","0","0","0","0","2","0","2","3","7","8","7","3","7","8","7","0","0","0","0","0","0","0","0"
"00000114","광천치안센터","00000114","수완03","20221003","5","18","53","18","5","17","47","17","0","1","2","1","0","0","4","0","12","9","19","9","12","9","17","9","0","0","1","0","0","0","1","0","2","5","25","5","2","5","21","5","0","0","0","0","0","0","4","0"
"00000114","광천치안센터","00000118","문흥53","20221003","0","0","2","0","0","0","2","0","0","0","0","0","0","0","0","0","10","7","8","7","10","7","8","7","0","0","0","0","0","0","0","0","0","0","1","0","0","0","1","0","0","0","0","0","0","0","0","0"
"00000114","광천치안센터","00000120","양산60","20221003","0","0","0","0","0","0","0","0","0","0","0","0","0","0","0","0","19","9","18","9","17","9","17","9","0","0","0","0","2","0","1","0","0","0","1","0","0","0","1","0","0","0","0","0","0","0","0","0"
"00000114","광천치안센터","00000122","228(화순전대병원)","20221003","0","0","1","0","0","0","0","0","0","0","0","0","0","0","1","0","0","6","5","6","0","6","5","6","0","0","0","0","0","0","0","0","0","4","0","4","0","4","0","4","0","0","0","0","0","0","0","0"
"00000114","광천치안센터","00000211","마을777(우치공원)","20221003","2","5","22","5","2","3","20","3","0","0","0","0","0","2","2","2","4","1","6","1","4","1","6","1","0","0","0","0","0","0","0","0","1","2","4","2","1","2","3","2","0","0","0","0","0","0","1","0"
"00000118","31사단","00000006","지원15","20221003","4","9","6","9","4","9","4","9","0","0","2","0","0","0","0","0","0","0","0","0","0","0","0","0","0","0","0","0","0","0","0","0","0","0","1","0","0","0","0","0","0","0","0","0","0","0","1","0"
"00000118","31사단","00000015","일곡28","20221003","15","17","19","17","14","14","19","14","0","2","0","2","1","1","0","1","0","0","0","0","0","0","0","0","0","0","0","0","0","0","0","0","0","0","0","0","0","0","0","0","0","0","0","0","0","0","0","0"
"00000118","31사단","00000077","용전184","20221003","3","1","1","1","3","1","0","1","0","0","0","0","0","0","1","0","0","0","0","0","0","0","0","0","0","0","0","0","0","0","0","0","0","0","0","0","0","0","0","0","0","0","0","0","0","0","0","0"
"00000120","전남공무원교육원","00000029","운림54","20221003","0","1","0","1","0","1","0","1","0","0","0","0","0","0","0","0","0","1","0","1","0","1","0","1","0","0","0","0","0","0","0","0","0","0","0","0","0","0","0","0","0","0","0","0","0","0","0","0"
"00000120","전남공무원교육원","00000037","상무63","20221003","0","0","0","0","0","0","0","0","0","0","0","0","0","0","0","0","0","0","0","0","0","0","0","0","0","0","0","0","0","0","0","0","0","0","0","0","0","0","0","0","0","0","0","0","0","0","0","0"
"00000123","구강리","00000096","일곡10","20221003","0","3","0","3","0","3","0","3","0","0","0","0","0","0","0","0","0","0","0","0","0","0","0","0","0","0","0","0","0","0","0","0","0","0","0","0","0","0","0","0","0","0","0","0","0","0","0","0"
"00000124","구룡(본량)","00000085","송정296","20221003","5","2","1","2","5","2","1","2","0","0","0","0","0","0","0","0","0","0","0","0","0","0","0","0","0","0","0","0","0","0","0","0","0","0","0","0","0","0","0","0","0","0","0","0","0","0","0","0"
"00000125","상무지구입구","00000001","순환01(시청행)","20221003","0","0","0","0","0","0","0","0","0","0","0","0","0","0","0","0","5","3","3","3","5","2","2","2","0","0","0","0","0","1","1","1","0","0","1","0","0","0","1","0","0","0","0","0","0","0","0","0"
"00000125","상무지구입구","00000007","매월16","20221003","3","8","4","8","3","8","4","8","0","0","0","0","0","0","0","0","1","2","2","2","1","2","2","2","0","0","0","0","0","0","0","0","1","1","0","1","1","1","0","1","0","0","0","0","0","0","0","0"
"00000125","상무지구입구","00000010","송정19","20221003","0","0","2","0","0","0","2","0","0","0","0","0","0","0","0","0","3","1","2","1","3","1","2","1","0","0","0","0","0","0","0","0","0","2","1","2","0","1","1","1","0","1","0","1","0","0","0","0"
"00000125","상무지구입구","00000011","첨단20","20221003","1","6","7","6","1","6","7","6","0","0","0","0","0","0","0","0","2","3","4","3","2","2","4","2","0","1","0","1","0","0","0","0","0","1","2","1","0","1","2","1","0","0","0","0","0","0","0","0"
"00000125","상무지구입구","00000040","대촌69","20221003","0","0","1","0","0","0","1","0","0","0","0","0","0","0","0","0","1","0","0","0","1","0","0","0","0","0","0","0","0","0","0","0","0","0","0","0","0","0","0","0","0","0","0","0","0","0","0","0"
"00000125","상무지구입구","00000083","대촌270","20221003","0","0","0","0","0","0","0","0","0","0","0","0","0","0","0","0","0","0","0","0","0","0","0","0","0","0","0","0","0","0","0","0","1","0","0","0","1","0","0","0","0","0","0","0","0","0","0","0"
"00000125","상무지구입구","00000095","금호46","20221003","0","0","3","0","0","0","3","0","0","0","0","0","0","0","0","0","3","2","2","2","3","2","2","2","0","0","0","0","0","0","0","0","0","1","1","1","0","1","1","1","0","0","0","0","0","0","0","0"
"00000126","빛고을노인건강타운","00000034","금남59","20221003","0","0","0","0","0","0","0","0","0","0","0","0","0","0","0","0","1","0","0","0","1","0","0","0","0","0","0","0","0","0","0","0","0","0","0","0","0","0","0","0","0","0","0","0","0","0","0","0"
"00000131","구암","00000048","진월77","20221003","0","0","1","0","0","0","1","0","0","0","0","0","0","0","0","0","0","0","0","0","0","0","0","0","0","0","0","0","0","0","0","0","0","0","0","0","0","0","0","0","0","0","0","0","0","0","0","0"
"00000131","구암","00000074","진월177","20221003","0","0","0","0","0","0","0","0","0","0","0","0","0","0","0","0","0","0","0","0","0","0","0","0","0","0","0","0","0","0","0","0","0","0","0","0","0","0","0","0","0","0","0","0","0","0","0","0"
"00000131","구암","00000114","수완03","20221003","1","0","0","0","1","0","0","0","0","0","0","0","0","0","0","0","0","0","0","0","0","0","0","0","0","0","0","0","0","0","0","0","0","0","0","0","0","0","0","0","0","0","0","0","0","0","0","0"
"00000133","중흥2동행정복지센터","00000031","419","20221003","0","1","1","1","0","1","1","1","0","0","0","0","0","0","0","0","0","0","0","0","0","0","0","0","0","0","0","0","0","0","0","0","0","0","0","0","0","0","0","0","0","0","0","0","0","0","0","0"
"00000134","중흥2동행정복지센터","00000031","419","20221003","1","0","4","0","1","0","4","0","0","0","0","0","0","0","0","0","0","0","0","0","0","0","0","0","0","0","0","0","0","0","0","0","0","0","0","0","0","0","0","0","0","0","0","0","0","0","0","0"
"00000135","국제고","00000004","진월07","20221003","0","1","1","1","0","0","1","0","0","0","0","0","0","1","0","1","5","8","9","8","5","8","8","8","0","0","0","0","0","0","1","0","0","1","0","1","0","0","0","0","0","0","0","0","0","1","0","1"
"00000135","국제고","00000013","매월26","20221003","0","2","1","2","0","0","1","0","0","1","0","1","0","1","0","1","2","7","3","7","2","7","3","7","0","0","0","0","0","0","0","0","0","1","1","1","0","1","1","1","0","0","0","0","0","0","0","0"
"00000135","국제고","00000016","송정29","20221003","1","0","1","0","1","0","1","0","0","0","0","0","0","0","0","0","1","2","4","2","1","2","3","2","0","0","0","0","0","0","1","0","0","0","0","0","0","0","0","0","0","0","0","0","0","0","0","0"
"00000135","국제고","00000017","첨단30","20221003","1","0","1","0","1","0","1","0","0","0","0","0","0","0","0","0","1","0","1","0","1","0","1","0","0","0","0","0","0","0","0","0","1","0","1","0","1","0","1","0","0","0","0","0","0","0","0","0"
"00000135","국제고","00000020","일곡38","20221003","0","0","0","0","0","0","0","0","0","0","0","0","0","0","0","0","1","1","1","1","1","1","1","1","0","0","0","0","0","0","0","0","0","0","0","0","0","0","0","0","0","0","0","0","0","0","0","0"
"00000135","국제고","00000031","419","20221003","0","0","0","0","0","0","0","0","0","0","0","0","0","0","0","0","0","1","0","1","0","1","0","1","0","0","0","0","0","0","0","0","0","0","0","0","0","0","0","0","0","0","0","0","0","0","0","0"
"00000135","국제고","00000032","금남57","20221003","2","0","1","0","2","0","1","0","0","0","0","0","0","0","0","0","2","2","2","2","2","1","2","1","0","0","0","0","0","1","0","1","1","0","0","0","1","0","0","0","0","0","0","0","0","0","0","0"
"00000135","국제고","00000057","용전86","20221003","0","0","0","0","0","0","0","0","0","0","0","0","0","0","0","0","0","0","1","0","0","0","1","0","0","0","0","0","0","0","0","0","0","0","0","0","0","0","0","0","0","0","0","0","0","0","0","0"
"00000135","국제고","00000117","첨단23","20221003","1","0","2","0","1","0","2","0","0","0","0","0","0","0","0","0","2","0","1","0","2","0","1","0","0","0","0","0","0","0","0","0","1","0","2","0","1","0","1","0","0","0","0","0","0","0","1","0"
"00000135","국제고","00000211","마을777(우치공원)","20221003","0","0","0","0","0","0","0","0","0","0","0","0","0","0","0","0","1","0","0","0","1","0","0","0","0","0","0","0","0","0","0","0","0","0","0","0","0","0","0","0","0","0","0","0","0","0","0","0"
"00000135","국제고","00000213","마을788","20221003","0","1","0","1","0","1","0","1","0","0","0","0","0","0","0","0","1","0","0","0","1","0","0","0","0","0","0","0","0","0","0","0","0","1","1","1","0","1","0","1","0","0","0","0","0","0","1","0"
"00000136","국제고","00000004","진월07","20221003","6","20","15","20","5","10","11","10","0","7","0","7","1","3","4","3","0","2","1","2","0","2","1","2","0","0","0","0","0","0","0","0","6","8","10","8","6","6","6","6","0","0","0","0","0","2","4","2"
"00000136","국제고","00000013","매월26","20221003","4","7","8","7","4","5","6","5","0","0","0","0","0","2","2","2","0","4","0","4","0","3","0","3","0","0","0","0","0","1","0","1","1","2","1","2","1","2","1","2","0","0","0","0","0","0","0","0"
"00000136","국제고","00000016","송정29","20221003","6","1","4","1","4","1","4","1","2","0","0","0","0","0","0","0","0","0","0","0","0","0","0","0","0","0","0","0","0","0","0","0","0","0","0","0","0","0","0","0","0","0","0","0","0","0","0","0"
"00000136","국제고","00000017","첨단30","20221003","1","3","3","3","1","3","2","3","0","0","1","0","0","0","0","0","1","1","4","1","1","1","1","1","0","0","0","0","0","0","3","0","0","3","2","3","0","3","1","3","0","0","1","0","0","0","0","0"
"00000136","국제고","00000020","일곡38","20221003","0","0","0","0","0","0","0","0","0","0","0","0","0","0","0","0","0","0","0","0","0","0","0","0","0","0","0","0","0","0","0","0","1","1","0","1","1","1","0","1","0","0","0","0","0","0","0","0"
"00000136","국제고","00000031","419","20221003","0","0","2","0","0","0","2","0","0","0","0","0","0","0","0","0","0","0","0","0","0","0","0","0","0","0","0","0","0","0","0","0","0","0","0","0","0","0","0","0","0","0","0","0","0","0","0","0"
"00000136","국제고","00000032","금남57","20221003","7","3","3","3","7","3","3","3","0","0","0","0","0","0","0","0","7","5","1","5","7","2","1","2","0","1","0","1","0","2","0","2","0","0","0","0","0","0","0","0","0","0","0","0","0","0","0","0"
"00000136","국제고","00000057","용전86","20221003","0","2","1","2","0","2","1","2","0","0","0","0","0","0","0","0","0","0","0","0","0","0","0","0","0","0","0","0","0","0","0","0","2","1","0","1","2","1","0","1","0","0","0","0","0","0","0","0"
"00000136","국제고","00000117","첨단23","20221003","1","2","2","2","1","2","2","2","0","0","0","0","0","0","0","0","0","2","3","2","0","2","3","2","0","0","0","0","0","0","0","0","2","2","2","2","2","2","1","2","0","0","0","0","0","0","1","0"
"00000136","국제고","00000211","마을777(우치공원)","20221003","1","3","0","3","1","3","0","3","0","0","0","0","0","0","0","0","0","2","0","2","0","2","0","2","0","0","0","0","0","0","0","0","0","1","2","1","0","1","2","1","0","0","0","0","0","0","0","0"
"00000136","국제고","00000213","마을788","20221003","0","2","2","2","0","1","2","1","0","0","0","0","0","1","0","1","0","0","0","0","0","0","0","0","0","0","0","0","0","0","0","0","0","0","0","0","0","0","0","0","0","0","0","0","0","0","0","0"
"00000137","일곡사거리","00000004","진월07","20221003","1","4","0","4","1","3","0","3","0","0","0","0","0","1","0","1","9","8","15","8","6","6","10","6","0","1","1","1","3","1","4","1","0","0","0","0","0","0","0","0","0","0","0","0","0","0","0","0"
"00000137","일곡사거리","00000006","지원15","20221003","2","3","2","3","2","3","1","3","0","0","0","0","0","0","1","0","1","5","1","5","1","5","1","5","0","0","0","0","0","0","0","0","2","1","3","1","2","1","2","1","0","0","0","0","0","0","1","0"
"00000137","일곡사거리","00000013","매월26","20221003","4","3","2","3","3","3","0","3","1","0","0","0","0","0","2","0","4","3","7","3","3","3","7","3","1","0","0","0","0","0","0","0","4","3","3","3","4","3","2","3","0","0","0","0","0","0","1","0"
"00000137","일곡사거리","00000016","송정29","20221003","0","1","2","1","0","1","0","1","0","0","0","0","0","0","2","0","0","0","4","0","0","0","3","0","0","0","0","0","0","0","1","0","0","0","2","0","0","0","2","0","0","0","0","0","0","0","0","0"
"00000137","일곡사거리","00000020","일곡38","20221003","1","0","0","0","1","0","0","0","0","0","0","0","0","0","0","0","1","3","5","3","1","3","5","3","0","0","0","0","0","0","0","0","0","1","3","1","0","1","3","1","0","0","0","0","0","0","0","0"
"00000137","일곡사거리","00000057","용전86","20221003","1","1","1","1","1","1","0","1","0","0","1","0","0","0","0","0","2","1","1","1","2","0","1","0","0","0","0","0","0","1","0","1","2","1","2","1","2","1","2","1","0","0","0","0","0","0","0","0"
"00000137","일곡사거리","00000096","일곡10","20221003","0","1","1","1","0","1","1","1","0","0","0","0","0","0","0","0","2","9","1","9","2","7","1","7","0","0","0","0","0","2","0","2","0","0","1","0","0","0","1","0","0","0","0","0","0","0","0","0"
"00000137","일곡사거리","00000211","마을777(우치공원)","20221003","0","1","0","1","0","1","0","1","0","0","0","0","0","0","0","0","1","1","1","1","1","1","1","1","0","0","0","0","0","0","0","0","0","0","0","0","0","0","0","0","0","0","0","0","0","0","0","0"
"00000138","일곡사거리","00000004","진월07","20221003","50","102","82","102","45","75","57","75","0","5","2","5","5","22","23","22","2","1","2","1","2","1","1","1","0","0","0","0","0","0","1","0","7","13","4","13","7","11","3","11","0","0","1","0","0","2","0","2"
"00000138","일곡사거리","00000006","지원15","20221003","8","12","22","12","8","10","19","10","0","0","1","0","0","2","2","2","1","0","5","0","1","0","3","0","0","0","1","0","0","0","1","0","0","1","0","1","0","0","0","0","0","0","0","0","0","1","0","1"
"00000138","일곡사거리","00000013","매월26","20221003","13","33","27","33","12","23","20","23","0","0","3","0","1","10","4","10","0","3","1","3","0","2","1","2","0","0","0","0","0","1","0","1","0","2","1","2","0","2","1","2","0","0","0","0","0","0","0","0"
"00000138","일곡사거리","00000016","송정29","20221003","13","21","30","21","13","14","16","14","0","0","1","0","0","7","13","7","2","0","2","0","2","0","1","0","0","0","0","0","0","0","1","0","1","5","3","5","1","3","1","3","0","1","1","1","0","1","1","1"
"00000138","일곡사거리","00000020","일곡38","20221003","7","9","20","9","7","5","14","5","0","0","0","0","0","4","6","4","0","0","1","0","0","0","0","0","0","0","0","0","0","0","1","0","1","2","1","2","1","2","1","2","0","0","0","0","0","0","0","0"
"00000138","일곡사거리","00000057","용전86","20221003","3","6","4","6","3","3","4","3","0","0","0","0","0","3","0","3","0","1","2","1","0","1","1","1","0","0","1","0","0","0","0","0","0","0","0","0","0","0","0","0","0","0","0","0","0","0","0","0"
"00000138","일곡사거리","00000096","일곡10","20221003","4","8","14","8","4","5","7","5","0","0","0","0","0","3","7","3","2","0","1","0","2","0","0","0","0","0","0","0","0","0","1","0","4","2","2","2","4","2","2","2","0","0","0","0","0","0","0","0"
"00000138","일곡사거리","00000211","마을777(우치공원)","20221003","2","9","12","9","2","6","6","6","0","0","0","0","0","3","6","3","1","0","0","0","1","0","0","0","0","0","0","0","0","0","0","0","0","0","0","0","0","0","0","0","0","0","0","0","0","0","0","0"
"00000139","향토음식박물관","00000017","첨단30","20221003","7","9","24","9","7","4","10","4","0","3","2","3","0","2","12","2","1","1","0","1","1","1","0","1","0","0","0","0","0","0","0","0","3","5","6","5","3","5","5","5","0","0","1","0","0","0","0","0"
"00000139","향토음식박물관","00000031","419","20221003","0","0","0","0","0","0","0","0","0","0","0","0","0","0","0","0","0","0","0","0","0","0","0","0","0","0","0","0","0","0","0","0","0","0","1","0","0","0","1","0","0","0","0","0","0","0","0","0"
"00000139","향토음식박물관","00000032","금남57","20221003","4","14","17","14","4","3","5","3","0","1","0","1","0","10","12","10","0","0","0","0","0","0","0","0","0","0","0","0","0","0","0","0","1","0","1","0","1","0","1","0","0","0","0","0","0","0","0","0"
"00000139","향토음식박물관","00000096","일곡10","20221003","6","3","14","3","6","2","9","2","0","0","0","0","0","1","5","1","1","0","0","0","1","0","0","0","0","0","0","0","0","0","0","0","3","3","0","3","3","1","0","1","0","0","0","0","0","2","0","2"
"00000139","향토음식박물관","00000117","첨단23","20221003","8","14","11","14","8","10","8","10","0","1","0","1","0","3","3","3","1","1","0","1","1","1","0","1","0","0","0","0","0","0","0","0","1","2","3","2","1","2","3","2","0","0","0","0","0","0","0","0"
"00000139","향토음식박물관","00000213","마을788","20221003","5","2","0","2","5","2","0","2","0","0","0","0","0","0","0","0","0","0","0","0","0","0","0","0","0","0","0","0","0","0","0","0","0","1","0","1","0","1","0","1","0","0","0","0","0","0","0","0"
"00000140","향토음식박물관","00000017","첨단30","20221003","3","6","3","6","3","5","3","5","0","0","0","0","0","1","0","1","3","5","6","5","3","4","5","4","0","0","0","0","0","1","1","1","1","1","0","1","1","1","0","1","0","0","0","0","0","0","0","0"
"00000140","향토음식박물관","00000031","419","20221003","0","1","1","1","0","1","1","1","0","0","0","0","0","0","0","0","0","0","0","0","0","0","0","0","0","0","0","0","0","0","0","0","0","0","0","0","0","0","0","0","0","0","0","0","0","0","0","0"
"00000140","향토음식박물관","00000032","금남57","20221003","1","4","4","4","1","4","3","4","0","0","0","0","0","0","1","0","1","3","3","3","1","2","2","2","0","0","0","0","0","1","1","1","0","0","0","0","0","0","0","0","0","0","0","0","0","0","0","0"
"00000140","향토음식박물관","00000096","일곡10","20221003","0","0","0","0","0","0","0","0","0","0","0","0","0","0","0","0","1","0","1","0","1","0","0","0","0","0","0","0","0","0","1","0","1","0","0","0","0","0","0","0","0","0","0","0","1","0","0","0"
"00000140","향토음식박물관","00000117","첨단23","20221003","1","0","6","0","1","0","4","0","0","0","0","0","0","0","2","0","0","10","4","10","0","5","4","5","0","2","0","2","0","3","0","3","0","2","0","2","0","2","0","2","0","0","0","0","0","0","0","0"
"00000140","향토음식박물관","00000213","마을788","20221003","1","2","1","2","1","2","1","2","0","0","0","0","0","0","0","0","1","2","2","2","1","1","2","1","0","0","0","0","0","1","0","1","0","0","0","0","0","0","0","0","0","0","0","0","0","0","0","0"
"00000141","동림I.C입구","00000009","문흥18","20221003","0","1","2","1","0","1","2","1","0","0","0","0","0","0","0","0","0","0","0","0","0","0","0","0","0","0","0","0","0","0","0","0","0","0","0","0","0","0","0","0","0","0","0","0","0","0","0","0"
"00000141","동림I.C입구","00000019","봉선37","20221003","0","1","1","1","0","1","1","1","0","0","0","0","0","0","0","0","0","0","0","0","0","0","0","0","0","0","0","0","0","0","0","0","1","0","0","0","1","0","0","0","0","0","0","0","0","0","0","0"
"00000141","동림I.C입구","00000068","송정98","20221003","0","1","0","1","0","1","0","1","0","0","0","0","0","0","0","0","0","0","2","0","0","0","2","0","0","0","0","0","0","0","0","0","0","0","0","0","0","0","0","0","0","0","0","0","0","0","0","0"
"00000141","동림I.C입구","00000090","문흥39","20221003","0","0","0","0","0","0","0","0","0","0","0","0","0","0","0","0","0","0","0","0","0","0","0","0","0","0","0","0","0","0","0","0","0","0","0","0","0","0","0","0","0","0","0","0","0","0","0","0"
"00000142","그린파크","00000087","1187","20221003","0","0","0","0","0","0","0","0","0","0","0","0","0","0","0","0","0","1","0","1","0","1","0","1","0","0","0","0","0","0","0","0","0","0","0","0","0","0","0","0","0","0","0","0","0","0","0","0"
"00000144","장암마을","00000010","송정19","20221003","0","0","2","0","0","0","2","0","0","0","0","0","0","0","0","0","0","1","1","1","0","1","1","1","0","0","0","0","0","0","0","0","0","0","0","0","0","0","0","0","0","0","0","0","0","0","0","0"
"00000144","장암마을","00000011","첨단20","20221003","0","1","0","1","0","1","0","1","0","0","0","0","0","0","0","0","0","0","0","0","0","0","0","0","0","0","0","0","0","0","0","0","0","0","0","0","0","0","0","0","0","0","0","0","0","0","0","0"
"00000144","장암마을","00000020","일곡38","20221003","0","0","0","0","0","0","0","0","0","0","0","0","0","0","0","0","0","0","0","0","0","0","0","0","0","0","0","0","0","0","0","0","0","0","0","0","0","0","0","0","0","0","0","0","0","0","0","0"
"00000144","장암마을","00000023","지원45","20221003","0","1","0","1","0","1","0","1","0","0","0","0","0","0","0","0","0","0","0","0","0","0","0","0","0","0","0","0","0","0","0","0","1","1","0","1","1","1","0","1","0","0","0","0","0","0","0","0"
"00000144","장암마을","00000036","상무62(상무역행)","20221003","0","0","0","0","0","0","0","0","0","0","0","0","0","0","0","0","1","1","0","1","1","1","0","1","0","0","0","0","0","0","0","0","0","0","1","0","0","0","1","0","0","0","0","0","0","0","0","0"
"00000144","장암마을","00000044","송암73","20221003","0","0","0","0","0","0","0","0","0","0","0","0","0","0","0","0","1","0","1","0","1","0","1","0","0","0","0","0","0","0","0","0","0","0","0","0","0","0","0","0","0","0","0","0","0","0","0","0"
"00000144","장암마을","00000100","진월75","20221003","0","0","0","0","0","0","0","0","0","0","0","0","0","0","0","0","0","0","0","0","0","0","0","0","0","0","0","0","0","0","0","0","0","1","0","1","0","1","0","1","0","0","0","0","0","0","0","0"
"00000145","장암마을","00000010","송정19","20221003","0","0","4","0","0","0","0","0","0","0","1","0","0","0","3","0","0","0","0","0","0","0","0","0","0","0","0","0","0","0","0","0","2","0","0","0","2","0","0","0","0","0","0","0","0","0","0","0"
"00000145","장암마을","00000011","첨단20","20221003","2","3","10","3","2","3","8","3","0","0","1","0","0","0","1","0","2","3","2","3","2","3","1","3","0","0","0","0","0","0","1","0","4","2","8","2","4","1","7","1","0","0","0","0","0","1","1","1"
"00000145","장암마을","00000020","일곡38","20221003","0","0","0","0","0","0","0","0","0","0","0","0","0","0","0","0","0","1","4","1","0","1","3","1","0","0","1","0","0","0","0","0","1","0","0","0","1","0","0","0","0","0","0","0","0","0","0","0"
"00000145","장암마을","00000023","지원45","20221003","0","0","1","0","0","0","1","0","0","0","0","0","0","0","0","0","3","5","3","5","3","4","3","4","0","0","0","0","0","1","0","1","0","5","2","5","0","5","2","5","0","0","0","0","0","0","0","0"
"00000145","장암마을","00000044","송암73","20221003","2","0","1","0","2","0","1","0","0","0","0","0","0","0","0","0","1","0","1","0","1","0","1","0","0","0","0","0","0","0","0","0","1","1","1","1","1","1","1","1","0","0","0","0","0","0","0","0"
"00000145","장암마을","00000069","송정99","20221003","0","0","0","0","0","0","0","0","0","0","0","0","0","0","0","0","0","0","0","0","0","0","0","0","0","0","0","0","0","0","0","0","0","0","2","0","0","0","2","0","0","0","0","0","0","0","0","0"
"00000145","장암마을","00000100","진월75","20221003","0","0","0","0","0","0","0","0","0","0","0","0","0","0","0","0","4","3","1","3","4","2","1","2","0","0","0","0","0","1","0","1","1","0","1","0","1","0","1","0","0","0","0","0","0","0","0","0"
"00000145","장암마을","00000127","상무62","20221003","0","0","0","0","0","0","0","0","0","0","0","0","0","0","0","0","0","0","0","0","0","0","0","0","0","0","0","0","0","0","0","0","0","1","0","1","0","0","0","0","0","0","0","0","0","1","0","1"
"00000146","버들주공1단지","00000012","지원25","20221003","6","5","5","5","5","5","5","5","0","0","0","0","1","0","0","0","2","2","4","2","2","2","4","2","0","0","0","0","0","0","0","0","0","0","0","0","0","0","0","0","0","0","0","0","0","0","0","0"
"00000146","버들주공1단지","00000039","유덕65","20221003","2","1","1","1","2","1","1","1","0","0","0","0","0","0","0","0","0","0","1","0","0","0","1","0","0","0","0","0","0","0","0","0","0","0","0","0","0","0","0","0","0","0","0","0","0","0","0","0"
"00000146","버들주공1단지","00000087","1187","20221003","4","4","1","4","4","3","1","3","0","0","0","0","0","1","0","1","0","0","0","0","0","0","0","0","0","0","0","0","0","0","0","0","0","0","0","0","0","0","0","0","0","0","0","0","0","0","0","0"
"00000147","버들주공1단지","00000039","유덕65","20221003","1","0","0","0","1","0","0","0","0","0","0","0","0","0","0","0","1","1","0","1","1","0","0","0","0","0","0","0","0","1","0","1","0","0","0","0","0","0","0","0","0","0","0","0","0","0","0","0"
"00000147","버들주공1단지","00000087","1187","20221003","1","0","1","0","1","0","1","0","0","0","0","0","0","0","0","0","0","0","2","0","0","0","2","0","0","0","0","0","0","0","0","0","0","0","0","0","0","0","0","0","0","0","0","0","0","0","0","0"
"00000148","극락강역입구","00000009","문흥18","20221003","5","3","8","3","5","3","7","3","0","0","0","0","0","0","1","0","3","4","0","4","2","4","0","4","1","0","0","0","0","0","0","0","1","0","1","0","1","0","1","0","0","0","0","0","0","0","0","0"
"00000148","극락강역입구","00000019","봉선37","20221003","2","2","1","2","2","2","1","2","0","0","0","0","0","0","0","0","2","0","0","0","2","0","0","0","0","0","0","0","0","0","0","0","0","0","0","0","0","0","0","0","0","0","0","0","0","0","0","0"
"00000148","극락강역입구","00000068","송정98","20221003","4","3","3","3","4","2","3","2","0","1","0","1","0","0","0","0","4","1","0","1","4","1","0","1","0","0","0","0","0","0","0","0","0","0","0","0","0","0","0","0","0","0","0","0","0","0","0","0"
"00000148","극락강역입구","00000090","문흥39","20221003","2","0","0","0","2","0","0","0","0","0","0","0","0","0","0","0","1","3","0","3","1","3","0","3","0","0","0","0","0","0","0","0","0","0","2","0","0","0","0","0","0","0","0","0","0","0","2","0"
"00000148","극락강역입구","00000127","상무62","20221003","0","1","1","1","0","1","1","1","0","0","0","0","0","0","0","0","0","0","0","0","0","0","0","0","0","0","0","0","0","0","0","0","0","0","0","0","0","0","0","0","0","0","0","0","0","0","0","0"
"00000149","극락강역입구","00000009","문흥18","20221003","1","4","1","4","1","1","1","1","0","0","0","0","0","3","0","3","0","2","3","2","0","2","3","2","0","0","0","0","0","0","0","0","1","1","0","1","1","1","0","1","0","0","0","0","0","0","0","0"
"00000149","극락강역입구","00000016","송정29","20221003","1","1","1","1","1","1","1","1","0","0","0","0","0","0","0","0","2","2","0","2","2","2","0","2","0","0","0","0","0","0","0","0","0","0","0","0","0","0","0","0","0","0","0","0","0","0","0","0"
"00000149","극락강역입구","00000019","봉선37","20221003","4","0","1","0","4","0","1","0","0","0","0","0","0","0","0","0","0","2","3","2","0","2","3","2","0","0","0","0","0","0","0","0","1","3","2","3","1","2","2","2","0","1","0","1","0","0","0","0"
"00000149","극락강역입구","00000036","상무62(상무역행)","20221003","1","1","0","1","1","1","0","1","0","0","0","0","0","0","0","0","0","1","0","1","0","1","0","1","0","0","0","0","0","0","0","0","0","0","0","0","0","0","0","0","0","0","0","0","0","0","0","0"
"00000149","극락강역입구","00000059","임곡89","20221003","1","0","0","0","1","0","0","0","0","0","0","0","0","0","0","0","0","0","0","0","0","0","0","0","0","0","0","0","0","0","0","0","0","0","0","0","0","0","0","0","0","0","0","0","0","0","0","0"
"00000149","극락강역입구","00000064","첨단94","20221003","0","0","0","0","0","0","0","0","0","0","0","0","0","0","0","0","0","0","0","0","0","0","0","0","0","0","0","0","0","0","0","0","0","0","0","0","0","0","0","0","0","0","0","0","0","0","0","0"
"00000149","극락강역입구","00000068","송정98","20221003","1","3","0","3","1","3","0","3","0","0","0","0","0","0","0","0","1","3","5","3","1","3","5","3","0","0","0","0","0","0","0","0","0","0","1","0","0","0","1","0","0","0","0","0","0","0","0","0"
"00000149","극락강역입구","00000090","문흥39","20221003","0","1","1","1","0","1","1","1","0","0","0","0","0","0","0","0","1","1","2","1","1","1","2","1","0","0","0","0","0","0","0","0","0","2","0","2","0","2","0","2","0","0","0","0","0","0","0","0"
"00000149","극락강역입구","00000092","첨단40","20221003","0","0","0","0","0","0","0","0","0","0","0","0","0","0","0","0","0","1","1","1","0","0","1","0","0","0","0","0","0","1","0","1","0","0","0","0","0","0","0","0","0","0","0","0","0","0","0","0"
"00000149","극락강역입구","00000096","일곡10","20221003","0","2","4","2","0","1","2","1","0","1","2","1","0","0","0","0","0","0","1","0","0","0","1","0","0","0","0","0","0","0","0","0","1","0","0","0","1","0","0","0","0","0","0","0","0","0","0","0"
"00000149","극락강역입구","00000195","마을720","20221003","1","0","1","0","1","0","1","0","0","0","0","0","0","0","0","0","1","0","0","0","1","0","0","0","0","0","0","0","0","0","0","0","0","0","0","0","0","0","0","0","0","0","0","0","0","0","0","0"
"00000150","풍영정천1교","00000019","봉선37","20221003","2","2","0","2","2","2","0","2","0","0","0","0","0","0","0","0","1","1","2","1","1","1","2","1","0","0","0","0","0","0","0","0","0","0","0","0","0","0","0","0","0","0","0","0","0","0","0","0"
"00000150","풍영정천1교","00000092","첨단40","20221003","1","2","1","2","1","1","1","1","0","0","0","0","0","1","0","1","0","0","0","0","0","0","0","0","0","0","0","0","0","0","0","0","0","2","0","2","0","0","0","0","0","0","0","0","0","2","0","2"
"00000150","풍영정천1교","00000203","마을700","20221003","0","0","0","0","0","0","0","0","0","0","0","0","0","0","0","0","0","0","0","0","0","0","0","0","0","0","0","0","0","0","0","0","0","0","0","0","0","0","0","0","0","0","0","0","0","0","0","0"
"00000151","풍영정천1교","00000019","봉선37","20221003","2","8","4","8","2","7","4","7","0","0","0","0","0","1","0","1","0","0","1","0","0","0","1","0","0","0","0","0","0","0","0","0","0","0","0","0","0","0","0","0","0","0","0","0","0","0","0","0"
"00000151","풍영정천1교","00000092","첨단40","20221003","1","2","0","2","0","1","0","1","0","0","0","0","1","1","0","1","0","0","0","0","0","0","0","0","0","0","0","0","0","0","0","0","0","0","0","0","0","0","0","0","0","0","0","0","0","0","0","0"
"00000151","풍영정천1교","00000203","마을700","20221003","2","0","1","0","2","0","1","0","0","0","0","0","0","0","0","0","0","0","1","0","0","0","1","0","0","0","0","0","0","0","0","0","0","0","0","0","0","0","0","0","0","0","0","0","0","0","0","0"
"00000152","금남로4가역","00000004","진월07","20221003","7","10","37","10","7","10","37","10","0","0","0","0","0","0","0","0","9","28","19","28","8","25","19","25","0","0","0","0","1","3","0","3","3","8","8","8","3","8","8","8","0","0","0","0","0","0","0","0"
"00000152","금남로4가역","00000005","첨단09","20221003","5","6","11","6","5","6","11","6","0","0","0","0","0","0","0","0","6","15","10","15","6","12","10","12","0","0","0","0","0","3","0","3","2","4","2","4","2","4","2","4","0","0","0","0","0","0","0","0"
"00000152","금남로4가역","00000026","운림51","20221003","3","5","5","5","3","5","5","5","0","0","0","0","0","0","0","0","9","9","3","9","8","9","2","9","0","0","1","0","1","0","0","0","3","7","1","7","3","6","1","6","0","0","0","0","0","1","0","1"
"00000152","금남로4가역","00000032","금남57","20221003","0","1","1","1","0","1","1","1","0","0","0","0","0","0","0","0","0","7","6","7","0","6","6","6","0","1","0","1","0","0","0","0","0","0","2","0","0","0","1","0","0","0","0","0","0","0","1","0"
"00000152","금남로4가역","00000035","매월61(칠석)","20221003","0","1","2","1","0","1","2","1","0","0","0","0","0","0","0","0","2","3","2","3","2","3","2","3","0","0","0","0","0","0","0","0","0","0","2","0","0","0","2","0","0","0","0","0","0","0","0","0"
"00000152","금남로4가역","00000051","문흥80","20221003","0","1","2","1","0","1","2","1","0","0","0","0","0","0","0","0","0","0","0","0","0","0","0","0","0","0","0","0","0","0","0","0","0","1","0","1","0","1","0","1","0","0","0","0","0","0","0","0"
"00000152","금남로4가역","00000065","첨단95","20221003","0","3","11","3","0","3","11","3","0","0","0","0","0","0","0","0","1","5","6","5","1","3","6","3","0","0","0","0","0","2","0","2","0","0","0","0","0","0","0","0","0","0","0","0","0","0","0","0"
"00000152","금남로4가역","00000086","518","20221003","0","0","1","0","0","0","0","0","0","0","0","0","0","0","1","0","2","0","0","0","2","0","0","0","0","0","0","0","0","0","0","0","0","0","0","0","0","0","0","0","0","0","0","0","0","0","0","0"
"00000152","금남로4가역","00000087","1187","20221003","5","3","3","3","5","3","3","3","0","0","0","0","0","0","0","0","0","2","1","2","0","2","1","2","0","0","0","0","0","0","0","0","0","4","2","4","0","4","2","4","0","0","0","0","0","0","0","0"
"00000152","금남로4가역","00000088","금호36","20221003","0","12","30","12","0","12","30","12","0","0","0","0","0","0","0","0","3","6","6","6","3","5","6","5","0","0","0","0","0","1","0","1","4","4","4","4","4","4","4","4","0","0","0","0","0","0","0","0"
"00000152","금남로4가역","00000090","문흥39","20221003","0","4","6","4","0","4","6","4","0","0","0","0","0","0","0","0","2","3","2","3","2","3","1","3","0","0","0","0","0","0","1","0","0","3","1","3","0","3","1","3","0","0","0","0","0","0","0","0"
"00000152","금남로4가역","00000098","수완49","20221003","0","0","3","0","0","0","2","0","0","0","1","0","0","0","0","0","1","2","2","2","1","2","2","2","0","0","0","0","0","0","0","0","2","1","0","1","2","1","0","1","0","0","0","0","0","0","0","0"
"00000153","금남로5가역","00000004","진월07","20221003","0","11","28","11","0","10","28","10","0","0","0","0","0","1","0","1","6","12","11","12","6","12","11","12","0","0","0","0","0","0","0","0","3","1","5","1","3","1","4","1","0","0","1","0","0","0","0","0"
"00000153","금남로5가역","00000005","첨단09","20221003","3","4","13","4","3","4","13","4","0","0","0","0","0","0","0","0","7","12","11","12","7","11","11","11","0","0","0","0","0","1","0","1","5","0","3","0","5","0","3","0","0","0","0","0","0","0","0","0"
"00000153","금남로5가역","00000026","운림51","20221003","1","5","7","5","1","5","7","5","0","0","0","0","0","0","0","0","9","11","6","11","9","11","4","11","0","0","0","0","0","0","2","0","2","3","1","3","2","3","1","3","0","0","0","0","0","0","0","0"
"00000153","금남로5가역","00000032","금남57","20221003","0","0","0","0","0","0","0","0","0","0","0","0","0","0","0","0","4","6","11","6","4","5","10","5","0","0","1","0","0","1","0","1","2","1","1","1","2","1","1","1","0","0","0","0","0","0","0","0"
"00000153","금남로5가역","00000035","매월61(칠석)","20221003","0","0","0","0","0","0","0","0","0","0","0","0","0","0","0","0","1","3","2","3","1","3","2","3","0","0","0","0","0","0","0","0","0","0","2","0","0","0","2","0","0","0","0","0","0","0","0","0"
"00000153","금남로5가역","00000065","첨단95","20221003","0","1","8","1","0","1","8","1","0","0","0","0","0","0","0","0","6","1","6","1","6","1","6","1","0","0","0","0","0","0","0","0","0","0","0","0","0","0","0","0","0","0","0","0","0","0","0","0"
"00000153","금남로5가역","00000086","518","20221003","0","0","0","0","0","0","0","0","0","0","0","0","0","0","0","0","1","0","0","0","1","0","0","0","0","0","0","0","0","0","0","0","0","2","0","2","0","1","0","1","0","0","0","0","0","1","0","1"
"00000153","금남로5가역","00000087","1187","20221003","2","1","0","1","2","1","0","1","0","0","0","0","0","0","0","0","0","1","0","1","0","1","0","1","0","0","0","0","0","0","0","0","4","3","0","3","4","3","0","3","0","0","0","0","0","0","0","0"
"00000153","금남로5가역","00000088","금호36","20221003","1","2","15","2","1","2","15","2","0","0","0","0","0","0","0","0","1","6","2","6","1","6","2","6","0","0","0","0","0","0","0","0","1","1","10","1","1","1","10","1","0","0","0","0","0","0","0","0"
"00000153","금남로5가역","00000090","문흥39","20221003","2","9","5","9","2","8","5","8","0","0","0","0","0","1","0","1","3","1","2","1","3","1","2","1","0","0","0","0","0","0","0","0","3","0","0","0","3","0","0","0","0","0","0","0","0","0","0","0"
"00000153","금남로5가역","00000098","수완49","20221003","0","1","2","1","0","1","2","1","0","0","0","0","0","0","0","0","2","1","0","1","2","1","0","1","0","0","0","0","0","0","0","0","0","0","0","0","0","0","0","0","0","0","0","0","0","0","0","0"
"00000155","금남로5가역","00000005","첨단09","20221003","6","7","30","7","6","7","28","7","0","0","0","0","0","0","2","0","0","2","3","2","0","2","2","2","0","0","0","0","0","0","1","0","2","4","1","4","2","3","1","3","0","0","0","0","0","1","0","1"
"00000155","금남로5가역","00000026","운림51","20221003","3","7","15","7","3","7","15","7","0","0","0","0","0","0","0","0","0","4","4","4","0","4","4","4","0","0","0","0","0","0","0","0","0","2","1","2","0","2","1","2","0","0","0","0","0","0","0","0"
"00000155","금남로5가역","00000032","금남57","20221003","0","1","10","1","0","1","8","1","0","0","1","0","0","0","1","0","0","0","1","0","0","0","1","0","0","0","0","0","0","0","0","0","0","4","0","4","0","4","0","4","0","0","0","0","0","0","0","0"
"00000155","금남로5가역","00000035","매월61(칠석)","20221003","2","4","14","4","2","4","14","4","0","0","0","0","0","0","0","0","0","0","0","0","0","0","0","0","0","0","0","0","0","0","0","0","0","1","0","1","0","1","0","1","0","0","0","0","0","0","0","0"
"00000155","금남로5가역","00000065","첨단95","20221003","3","4","7","4","3","4","7","4","0","0","0","0","0","0","0","0","1","5","2","5","1","5","2","5","0","0","0","0","0","0","0","0","0","1","0","1","0","1","0","1","0","0","0","0","0","0","0","0"
"00000155","금남로5가역","00000077","용전184","20221003","0","0","0","0","0","0","0","0","0","0","0","0","0","0","0","0","0","1","0","1","0","1","0","1","0","0","0","0","0","0","0","0","0","0","0","0","0","0","0","0","0","0","0","0","0","0","0","0"
"00000155","금남로5가역","00000086","518","20221003","0","0","2","0","0","0","2","0","0","0","0","0","0","0","0","0","0","0","0","0","0","0","0","0","0","0","0","0","0","0","0","0","0","0","0","0","0","0","0","0","0","0","0","0","0","0","0","0"
"00000155","금남로5가역","00000087","1187","20221003","0","0","2","0","0","0","2","0","0","0","0","0","0","0","0","0","1","2","2","2","1","2","2","2","0","0","0","0","0","0","0","0","0","0","0","0","0","0","0","0","0","0","0","0","0","0","0","0"
"00000155","금남로5가역","00000088","금호36","20221003","3","8","5","8","3","8","5","8","0","0","0","0","0","0","0","0","2","4","3","4","2","4","3","4","0","0","0","0","0","0","0","0","0","2","0","2","0","2","0","2","0","0","0","0","0","0","0","0"
"00000155","금남로5가역","00000090","문흥39","20221003","1","2","5","2","1","1","5","1","0","1","0","1","0","0","0","0","1","3","2","3","1","3","2","3","0","0","0","0","0","0","0","0","0","0","0","0","0","0","0","0","0","0","0","0","0","0","0","0"
"00000155","금남로5가역","00000098","수완49","20221003","2","0","10","0","2","0","8","0","0","0","0","0","0","0","2","0","0","3","0","3","0","3","0","3","0","0","0","0","0","0","0","0","0","1","0","1","0","1","0","1","0","0","0","0","0","0","0","0"
"00000156","용봉현대1차아파트","00000054","용봉83","20221003","2","6","6","6","2","6","6","6","0","0","0","0","0","0","0","0","1","0","0","0","1","0","0","0","0","0","0","0","0","0","0","0","0","0","0","0","0","0","0","0","0","0","0","0","0","0","0","0"
"00000157","용봉현대1차아파트","00000054","용봉83","20221003","0","0","0","0","0","0","0","0","0","0","0","0","0","0","0","0","1","1","0","1","1","1","0","1","0","0","0","0","0","0","0","0","0","0","0","0","0","0","0","0","0","0","0","0","0","0","0","0"
"00000158","신촌 윗길(4수원지)","00000058","석곡87","20221003","0","2","0","2","0","2","0","2","0","0","0","0","0","0","0","0","0","0","0","0","0","0","0","0","0","0","0","0","0","0","0","0","0","0","0","0","0","0","0","0","0","0","0","0","0","0","0","0"
"00000160","풍암금호아파트","00000023","지원45","20221003","3","12","4","12","3","10","4","10","0","0","0","0","0","2","0","2","1","0","1","0","1","0","1","0","0","0","0","0","0","0","0","0","0","0","0","0","0","0","0","0","0","0","0","0","0","0","0","0"
"00000160","풍암금호아파트","00000024","송암47","20221003","5","4","5","4","5","3","4","3","0","0","0","0","0","1","1","1","0","0","0","0","0","0","0","0","0","0","0","0","0","0","0","0","0","0","0","0","0","0","0","0","0","0","0","0","0","0","0","0"
"00000160","풍암금호아파트","00000034","금남59","20221003","1","4","5","4","1","4","3","4","0","0","0","0","0","0","2","0","0","0","0","0","0","0","0","0","0","0","0","0","0","0","0","0","0","0","0","0","0","0","0","0","0","0","0","0","0","0","0","0"
"00000160","풍암금호아파트","00000049","진월78","20221003","0","1","0","1","0","1","0","1","0","0","0","0","0","0","0","0","0","0","0","0","0","0","0","0","0","0","0","0","0","0","0","0","0","0","0","0","0","0","0","0","0","0","0","0","0","0","0","0"
"00000160","풍암금호아파트","00000100","진월75","20221003","4","2","0","2","3","2","0","2","0","0","0","0","1","0","0","0","0","1","0","1","0","1","0","1","0","0","0","0","0","0","0","0","0","0","0","0","0","0","0","0","0","0","0","0","0","0","0","0"
"00000161","풍암금호아파트","00000023","지원45","20221003","2","3","5","3","2","2","3","2","0","1","1","1","0","0","1","0","0","2","1","2","0","2","1","2","0","0","0","0","0","0","0","0","0","0","0","0","0","0","0","0","0","0","0","0","0","0","0","0"
"00000161","풍암금호아파트","00000024","송암47","20221003","0","1","0","1","0","1","0","1","0","0","0","0","0","0","0","0","0","0","2","0","0","0","2","0","0","0","0","0","0","0","0","0","0","0","0","0","0","0","0","0","0","0","0","0","0","0","0","0"
"00000161","풍암금호아파트","00000034","금남59","20221003","1","0","2","0","1","0","2","0","0","0","0","0","0","0","0","0","0","0","0","0","0","0","0","0","0","0","0","0","0","0","0","0","0","0","0","0","0","0","0","0","0","0","0","0","0","0","0","0"
"00000161","풍암금호아파트","00000049","진월78","20221003","1","0","1","0","1","0","1","0","0","0","0","0","0","0","0","0","1","0","0","0","1","0","0","0","0","0","0","0","0","0","0","0","0","0","0","0","0","0","0","0","0","0","0","0","0","0","0","0"
"00000161","풍암금호아파트","00000100","진월75","20221003","4","0","4","0","4","0","4","0","0","0","0","0","0","0","0","0","0","0","0","0","0","0","0","0","0","0","0","0","0","0","0","0","0","0","0","0","0","0","0","0","0","0","0","0","0","0","0","0"
"00000163","금호시영아파트","00000001","순환01(시청행)","20221003","9","7","4","7","9","7","4","7","0","0","0","0","0","0","0","0","1","2","5","2","0","2","4","2","0","0","0","0","1","0","1","0","0","0","0","0","0","0","0","0","0","0","0","0","0","0","0","0"
"00000163","금호시영아파트","00000023","지원45","20221003","11","17","13","17","11","13","11","13","0","0","0","0","0","4","2","4","0","2","3","2","0","2","3","2","0","0","0","0","0","0","0","0","0","0","1","0","0","0","1","0","0","0","0","0","0","0","0","0"
"00000163","금호시영아파트","00000035","매월61(칠석)","20221003","7","8","7","8","7","7","7","7","0","0","0","0","0","1","0","1","0","1","1","1","0","1","1","1","0","0","0","0","0","0","0","0","0","1","0","1","0","1","0","1","0","0","0","0","0","0","0","0"
"00000163","금호시영아파트","00000043","송암72","20221003","8","10","3","10","8","8","3","8","0","0","0","0","0","2","0","2","0","0","0","0","0","0","0","0","0","0","0","0","0","0","0","0","2","0","1","0","2","0","1","0","0","0","0","0","0","0","0","0"
"00000163","금호시영아파트","00000048","진월77","20221003","1","4","2","4","1","4","1","4","0","0","0","0","0","0","1","0","0","0","0","0","0","0","0","0","0","0","0","0","0","0","0","0","0","0","0","0","0","0","0","0","0","0","0","0","0","0","0","0"
"00000163","금호시영아파트","00000088","금호36","20221003","20","25","19","25","20","22","18","22","0","1","1","1","0","2","0","2","1","0","0","0","1","0","0","0","0","0","0","0","0","0","0","0","3","4","2","4","2","4","2","4","0","0","0","0","1","0","0","0"
"00000163","금호시영아파트","00000095","금호46","20221003","11","14","8","14","11","12","8","12","0","1","0","1","0","1","0","1","0","0","1","0","0","0","1","0","0","0","0","0","0","0","0","0","1","0","0","0","1","0","0","0","0","0","0","0","0","0","0","0"
"00000163","금호시영아파트","00000201","마을760","20221003","14","9","14","9","14","9","13","9","0","0","0","0","0","0","1","0","1","0","0","0","1","0","0","0","0","0","0","0","0","0","0","0","0","0","0","0","0","0","0","0","0","0","0","0","0","0","0","0"
"00000164","상무금호아파트","00000001","순환01(시청행)","20221003","0","0","0","0","0","0","0","0","0","0","0","0","0","0","0","0","1","0","0","0","1","0","0","0","0","0","0","0","0","0","0","0","0","0","0","0","0","0","0","0","0","0","0","0","0","0","0","0"
"00000164","상무금호아파트","00000012","지원25","20221003","0","1","0","1","0","1","0","1","0","0","0","0","0","0","0","0","0","0","0","0","0","0","0","0","0","0","0","0","0","0","0","0","0","0","0","0","0","0","0","0","0","0","0","0","0","0","0","0"
"00000164","상무금호아파트","00000025","운림50","20221003","0","0","0","0","0","0","0","0","0","0","0","0","0","0","0","0","0","1","0","1","0","1","0","1","0","0","0","0","0","0","0","0","0","0","0","0","0","0","0","0","0","0","0","0","0","0","0","0"
"00000164","상무금호아파트","00000038","상무64","20221003","0","0","0","0","0","0","0","0","0","0","0","0","0","0","0","0","0","0","0","0","0","0","0","0","0","0","0","0","0","0","0","0","0","0","0","0","0","0","0","0","0","0","0","0","0","0","0","0"
"00000164","상무금호아파트","00000112","순환01(운천저수지)","20221003","0","0","0","0","0","0","0","0","0","0","0","0","0","0","0","0","0","0","2","0","0","0","1","0","0","0","1","0","0","0","0","0","0","0","0","0","0","0","0","0","0","0","0","0","0","0","0","0"
"00000165","상무금호아파트","00000001","순환01(시청행)","20221003","2","4","5","4","2","3","5","3","0","0","0","0","0","1","0","1","0","0","0","0","0","0","0","0","0","0","0","0","0","0","0","0","0","0","0","0","0","0","0","0","0","0","0","0","0","0","0","0"
"00000165","상무금호아파트","00000012","지원25","20221003","0","0","0","0","0","0","0","0","0","0","0","0","0","0","0","0","0","0","1","0","0","0","1","0","0","0","0","0","0","0","0","0","0","0","0","0","0","0","0","0","0","0","0","0","0","0","0","0"
"00000165","상무금호아파트","00000025","운림50","20221003","0","3","0","3","0","3","0","3","0","0","0","0","0","0","0","0","0","0","0","0","0","0","0","0","0","0","0","0","0","0","0","0","0","0","0","0","0","0","0","0","0","0","0","0","0","0","0","0"
"00000165","상무금호아파트","00000037","상무63","20221003","0","1","0","1","0","1","0","1","0","0","0","0","0","0","0","0","0","0","0","0","0","0","0","0","0","0","0","0","0","0","0","0","0","0","0","0","0","0","0","0","0","0","0","0","0","0","0","0"
"00000165","상무금호아파트","00000038","상무64","20221003","1","1","1","1","1","1","1","1","0","0","0","0","0","0","0","0","0","0","0","0","0","0","0","0","0","0","0","0","0","0","0","0","0","0","0","0","0","0","0","0","0","0","0","0","0","0","0","0"
"00000165","상무금호아파트","00000112","순환01(운천저수지)","20221003","2","2","0","2","2","1","0","1","0","0","0","0","0","1","0","1","0","1","0","1","0","1","0","1","0","0","0","0","0","0","0","0","0","0","0","0","0","0","0","0","0","0","0","0","0","0","0","0"
"00000166","금호아파트","00000052","두암81(각화초교)","20221003","1","1","1","1","1","1","1","1","0","0","0","0","0","0","0","0","1","0","0","0","1","0","0","0","0","0","0","0","0","0","0","0","0","0","0","0","0","0","0","0","0","0","0","0","0","0","0","0"
"00000166","금호아파트","00000057","용전86","20221003","3","3","0","3","3","2","0","2","0","0","0","0","0","1","0","1","0","0","0","0","0","0","0","0","0","0","0","0","0","0","0","0","0","0","0","0","0","0","0","0","0","0","0","0","0","0","0","0"
"00000166","금호아파트","00000088","금호36","20221003","1","0","0","0","1","0","0","0","0","0","0","0","0","0","0","0","0","1","1","1","0","1","1","1","0","0","0","0","0","0","0","0","0","0","0","0","0","0","0","0","0","0","0","0","0","0","0","0"
"00000166","금호아파트","00000091","송암74","20221003","0","0","0","0","0","0","0","0","0","0","0","0","0","0","0","0","1","1","1","1","1","1","1","1","0","0","0","0","0","0","0","0","0","0","0","0","0","0","0","0","0","0","0","0","0","0","0","0"
"00000166","금호아파트","00000117","첨단23","20221003","4","5","4","5","4","5","4","5","0","0","0","0","0","0","0","0","0","0","0","0","0","0","0","0","0","0","0","0","0","0","0","0","0","0","0","0","0","0","0","0","0","0","0","0","0","0","0","0"
"00000166","금호아파트","00000129","두암81(장등동)","20221003","0","1","2","1","0","1","2","1","0","0","0","0","0","0","0","0","0","0","2","0","0","0","2","0","0","0","0","0","0","0","0","0","0","0","0","0","0","0","0","0","0","0","0","0","0","0","0","0"
"00000167","금호아파트","00000030","금남55","20221003","5","1","3","1","5","1","3","1","0","0","0","0","0","0","0","0","0","0","0","0","0","0","0","0","0","0","0","0","0","0","0","0","0","0","0","0","0","0","0","0","0","0","0","0","0","0","0","0"
"00000167","금호아파트","00000057","용전86","20221003","0","0","0","0","0","0","0","0","0","0","0","0","0","0","0","0","0","0","0","0","0","0","0","0","0","0","0","0","0","0","0","0","0","0","0","0","0","0","0","0","0","0","0","0","0","0","0","0"
"00000167","금호아파트","00000088","금호36","20221003","8","16","7","16","8","15","7","15","0","0","0","0","0","1","0","1","0","0","0","0","0","0","0","0","0","0","0","0","0","0","0","0","0","1","0","1","0","1","0","1","0","0","0","0","0","0","0","0"
"00000167","금호아파트","00000091","송암74","20221003","5","11","4","11","5","11","4","11","0","0","0","0","0","0","0","0","0","0","0","0","0","0","0","0","0","0","0","0","0","0","0","0","0","0","0","0","0","0","0","0","0","0","0","0","0","0","0","0"
"00000167","금호아파트","00000106","두암81(무등파크)","20221003","0","0","0","0","0","0","0","0","0","0","0","0","0","0","0","0","0","0","0","0","0","0","0","0","0","0","0","0","0","0","0","0","0","0","0","0","0","0","0","0","0","0","0","0","0","0","0","0"
"00000167","금호아파트","00000117","첨단23","20221003","1","0","0","0","1","0","0","0","0","0","0","0","0","0","0","0","0","0","0","0","0","0","0","0","0","0","0","0","0","0","0","0","0","0","0","0","0","0","0","0","0","0","0","0","0","0","0","0"
"00000167","금호아파트","00000130","두암81","20221003","0","1","0","1","0","1","0","1","0","0","0","0","0","0","0","0","0","0","0","0","0","0","0","0","0","0","0","0","0","0","0","0","0","0","0","0","0","0","0","0","0","0","0","0","0","0","0","0"
"00000168","어등초교","00000011","첨단20","20221003","3","4","4","4","3","4","4","4","0","0","0","0","0","0","0","0","4","4","3","4","4","4","3","4","0","0","0","0","0","0","0","0","0","1","0","1","0","1","0","1","0","0","0","0","0","0","0","0"
"00000168","어등초교","00000016","송정29","20221003","12","4","20","4","9","4","15","4","0","0","1","0","3","0","4","0","2","4","4","4","2","4","4","4","0","0","0","0","0","0","0","0","0","0","0","0","0","0","0","0","0","0","0","0","0","0","0","0"
"00000168","어등초교","00000019","봉선37","20221003","11","18","12","18","10","13","12","13","0","2","0","2","1","3","0","3","6","6","7","6","5","6","7","6","0","0","0","0","1","0","0","0","1","0","0","0","1","0","0","0","0","0","0","0","0","0","0","0"
"00000168","어등초교","00000081","진곡196","20221003","2","4","4","4","2","4","4","4","0","0","0","0","0","0","0","0","2","3","3","3","2","3","3","3","0","0","0","0","0","0","0","0","1","0","1","0","1","0","1","0","0","0","0","0","0","0","0","0"
"00000168","어등초교","00000195","마을720","20221003","8","7","5","7","7","5","5","5","1","0","0","0","0","2","0","2","0","2","0","2","0","2","0","2","0","0","0","0","0","0","0","0","0","0","0","0","0","0","0","0","0","0","0","0","0","0","0","0"
"00000169","어등초교","00000011","첨단20","20221003","6","18","14","18","6","15","13","15","0","0","0","0","0","3","1","3","1","3","2","3","1","3","1","3","0","0","0","0","0","0","1","0","0","0","0","0","0","0","0","0","0","0","0","0","0","0","0","0"
"00000169","어등초교","00000016","송정29","20221003","21","19","24","19","21","19","19","19","0","0","0","0","0","0","5","0","4","1","4","1","4","1","4","1","0","0","0","0","0","0","0","0","0","0","0","0","0","0","0","0","0","0","0","0","0","0","0","0"
"00000169","어등초교","00000019","봉선37","20221003","10","17","26","17","10","15","9","15","0","0","9","0","0","2","8","2","1","1","0","1","1","0","0","0","0","1","0","1","0","0","0","0","1","1","0","1","1","1","0","1","0","0","0","0","0","0","0","0"
"00000169","어등초교","00000081","진곡196","20221003","24","17","7","17","23","16","6","16","0","0","1","0","1","1","0","1","0","2","1","2","0","2","1","2","0","0","0","0","0","0","0","0","0","2","0","2","0","2","0","2","0","0","0","0","0","0","0","0"
"00000169","어등초교","00000195","마을720","20221003","8","24","9","24","8","20","5","20","0","1","1","1","0","3","3","3","1","2","1","2","1","1","1","1","0","1","0","1","0","0","0","0","0","0","0","0","0","0","0","0","0","0","0","0","0","0","0","0"
"00000170","소촌금호아파트","00000016","송정29","20221003","3","6","2","6","3","6","2","6","0","0","0","0","0","0","0","0","0","1","4","1","0","1","4","1","0","0","0","0","0","0","0","0","0","0","3","0","0","0","3","0","0","0","0","0","0","0","0","0"
"00000170","소촌금호아파트","00000068","송정98","20221003","5","1","3","1","5","1","2","1","0","0","1","0","0","0","0","0","0","2","1","2","0","1","1","1","0","0","0","0","0","1","0","1","0","0","0","0","0","0","0","0","0","0","0","0","0","0","0","0"
"00000170","소촌금호아파트","00000081","진곡196","20221003","0","0","3","0","0","0","2","0","0","0","0","0","0","0","1","0","0","1","1","1","0","1","1","1","0","0","0","0","0","0","0","0","0","0","0","0","0","0","0","0","0","0","0","0","0","0","0","0"
"00000170","소촌금호아파트","00000125","선운101","20221003","0","0","0","0","0","0","0","0","0","0","0","0","0","0","0","0","0","0","0","0","0","0","0","0","0","0","0","0","0","0","0","0","0","0","0","0","0","0","0","0","0","0","0","0","0","0","0","0"
"00000170","소촌금호아파트","00000195","마을720","20221003","0","3","2","3","0","2","2","2","0","0","0","0","0","1","0","1","0","0","0","0","0","0","0","0","0","0","0","0","0","0","0","0","1","0","0","0","1","0","0","0","0","0","0","0","0","0","0","0"
"00000171","소촌금호아파트","00000016","송정29","20221003","2","7","2","7","2","7","2","7","0","0","0","0","0","0","0","0","0","1","0","1","0","1","0","1","0","0","0","0","0","0","0","0","0","0","0","0","0","0","0","0","0","0","0","0","0","0","0","0"
"00000171","소촌금호아파트","00000068","송정98","20221003","7","5","0","5","7","5","0","5","0","0","0","0","0","0","0","0","0","0","1","0","0","0","1","0","0","0","0","0","0","0","0","0","0","0","0","0","0","0","0","0","0","0","0","0","0","0","0","0"
"00000171","소촌금호아파트","00000081","진곡196","20221003","2","2","1","2","2","2","1","2","0","0","0","0","0","0","0","0","0","0","0","0","0","0","0","0","0","0","0","0","0","0","0","0","0","0","0","0","0","0","0","0","0","0","0","0","0","0","0","0"
"00000171","소촌금호아파트","00000125","선운101","20221003","1","0","1","0","1","0","1","0","0","0","0","0","0","0","0","0","0","0","1","0","0","0","1","0","0","0","0","0","0","0","0","0","0","0","0","0","0","0","0","0","0","0","0","0","0","0","0","0"
"00000171","소촌금호아파트","00000195","마을720","20221003","3","2","0","2","3","2","0","2","0","0","0","0","0","0","0","0","1","0","0","0","1","0","0","0","0","0","0","0","0","0","0","0","0","0","0","0","0","0","0","0","0","0","0","0","0","0","0","0"
"00000174","금호타이어","00000020","일곡38","20221003","3","4","8","4","3","4","6","4","0","0","0","0","0","0","2","0","3","1","3","1","3","1","3","1","0","0","0","0","0","0","0","0","0","1","0","1","0","1","0","1","0","0","0","0","0","0","0","0"
"00000174","금호타이어","00000036","상무62(상무역행)","20221003","0","0","0","0","0","0","0","0","0","0","0","0","0","0","0","0","2","0","0","0","2","0","0","0","0","0","0","0","0","0","0","0","0","0","0","0","0","0","0","0","0","0","0","0","0","0","0","0"
"00000174","금호타이어","00000060","임곡90","20221003","0","0","1","0","0","0","1","0","0","0","0","0","0","0","0","0","1","0","2","0","1","0","2","0","0","0","0","0","0","0","0","0","3","0","1","0","3","0","1","0","0","0","0","0","0","0","0","0"
"00000174","금호타이어","00000082","송정197","20221003","0","0","0","0","0","0","0","0","0","0","0","0","0","0","0","0","0","0","0","0","0","0","0","0","0","0","0","0","0","0","0","0","0","0","0","0","0","0","0","0","0","0","0","0","0","0","0","0"
"00000174","금호타이어","00000085","송정296","20221003","0","0","0","0","0","0","0","0","0","0","0","0","0","0","0","0","1","6","0","6","1","6","0","6","0","0","0","0","0","0","0","0","0","0","0","0","0","0","0","0","0","0","0","0","0","0","0","0"
"00000174","금호타이어","00000094","송정93","20221003","0","0","0","0","0","0","0","0","0","0","0","0","0","0","0","0","0","1","0","1","0","1","0","1","0","0","0","0","0","0","0","0","0","0","0","0","0","0","0","0","0","0","0","0","0","0","0","0"
"00000174","금호타이어","00000103","송정100","20221003","0","0","0","0","0","0","0","0","0","0","0","0","0","0","0","0","1","0","0","0","1","0","0","0","0","0","0","0","0","0","0","0","0","0","0","0","0","0","0","0","0","0","0","0","0","0","0","0"
"00000174","금호타이어","00000125","선운101","20221003","1","0","2","0","1","0","2","0","0","0","0","0","0","0","0","0","2","1","0","1","2","1","0","1","0","0","0","0","0","0","0","0","0","0","0","0","0","0","0","0","0","0","0","0","0","0","0","0"
"00000174","금호타이어","00000195","마을720","20221003","2","2","1","2","2","2","1","2","0","0","0","0","0","0","0","0","3","5","5","5","3","5","4","5","0","0","0","0","0","0","1","0","0","0","0","0","0","0","0","0","0","0","0","0","0","0","0","0"
"00000174","금호타이어","00000203","마을700","20221003","2","0","0","0","2","0","0","0","0","0","0","0","0","0","0","0","5","6","0","6","5","6","0","6","0","0","0","0","0","0","0","0","0","3","1","3","0","3","1","3","0","0","0","0","0","0","0","0"
"00000175","금호타이어","00000020","일곡38","20221003","1","0","1","0","1","0","1","0","0","0","0","0","0","0","0","0","1","0","0","0","1","0","0","0","0","0","0","0","0","0","0","0","0","1","1","1","0","1","0","1","0","0","0","0","0","0","1","0"
"00000175","금호타이어","00000060","임곡90","20221003","2","0","2","0","2","0","2","0","0","0","0","0","0","0","0","0","0","0","0","0","0","0","0","0","0","0","0","0","0","0","0","0","1","1","2","1","1","1","2","1","0","0","0","0","0","0","0","0"
"00000175","금호타이어","00000082","송정197","20221003","1","0","0","0","1","0","0","0","0","0","0","0","0","0","0","0","0","0","0","0","0","0","0","0","0","0","0","0","0","0","0","0","0","0","0","0","0","0","0","0","0","0","0","0","0","0","0","0"
"00000175","금호타이어","00000085","송정296","20221003","0","0","1","0","0","0","1","0","0","0","0","0","0","0","0","0","0","0","1","0","0","0","1","0","0","0","0","0","0","0","0","0","2","0","1","0","2","0","1","0","0","0","0","0","0","0","0","0"
"00000175","금호타이어","00000094","송정93","20221003","0","0","0","0","0","0","0","0","0","0","0","0","0","0","0","0","0","1","0","1","0","0","0","0","0","0","0","0","0","1","0","1","0","0","0","0","0","0","0","0","0","0","0","0","0","0","0","0"
"00000175","금호타이어","00000103","송정100","20221003","0","0","1","0","0","0","1","0","0","0","0","0","0","0","0","0","0","0","0","0","0","0","0","0","0","0","0","0","0","0","0","0","0","0","1","0","0","0","1","0","0","0","0","0","0","0","0","0"
"00000175","금호타이어","00000125","선운101","20221003","2","1","0","1","2","1","0","1","0","0","0","0","0","0","0","0","1","0","1","0","1","0","1","0","0","0","0","0","0","0","0","0","0","0","0","0","0","0","0","0","0","0","0","0","0","0","0","0"
"00000175","금호타이어","00000127","상무62","20221003","0","0","1","0","0","0","1","0","0","0","0","0","0","0","0","0","0","0","1","0","0","0","1","0","0","0","0","0","0","0","0","0","0","1","0","1","0","1","0","1","0","0","0","0","0","0","0","0"
"00000175","금호타이어","00000195","마을720","20221003","3","1","1","1","3","1","1","1","0","0","0","0","0","0","0","0","0","0","0","0","0","0","0","0","0","0","0","0","0","0","0","0","1","0","1","0","1","0","1","0","0","0","0","0","0","0","0","0"
"00000175","금호타이어","00000203","마을700","20221003","0","1","1","1","0","0","1","0","0","0","0","0","0","1","0","1","1","2","1","2","1","2","1","2","0","0","0","0","0","0","0","0","0","2","1","2","0","1","1","1","0","1","0","1","0","0","0","0"
"00000176","광주공고입구","00000004","진월07","20221003","7","8","11","8","7","5","6","5","0","1","0","1","0","2","5","2","2","9","12","9","2","6","7","6","0","2","0","2","0","1","5","1","1","2","3","2","1","2","3","2","0","0","0","0","0","0","0","0"
"00000176","광주공고입구","00000013","매월26","20221003","3","13","7","13","3","8","5","8","0","1","0","1","0","4","2","4","3","6","7","6","3","5","6","5","0","0","0","0","0","1","1","1","0","1","4","1","0","1","4","1","0","0","0","0","0","0","0","0"
"00000176","광주공고입구","00000016","송정29","20221003","2","6","4","6","2","0","4","0","0","0","0","0","0","6","0","6","1","2","6","2","1","2","6","2","0","0","0","0","0","0","0","0","2","0","4","0","2","0","1","0","0","0","0","0","0","0","3","0"
"00000176","광주공고입구","00000017","첨단30","20221003","8","5","9","5","8","5","7","5","0","0","0","0","0","0","2","0","1","2","4","2","1","1","3","1","0","0","0","0","0","1","1","1","7","5","16","5","7","5","14","5","0","0","0","0","0","0","2","0"
"00000176","광주공고입구","00000020","일곡38","20221003","2","0","2","0","2","0","1","0","0","0","0","0","0","0","1","0","0","1","1","1","0","1","1","1","0","0","0","0","0","0","0","0","0","0","2","0","0","0","2","0","0","0","0","0","0","0","0","0"
"00000176","광주공고입구","00000031","419","20221003","1","2","0","2","1","2","0","2","0","0","0","0","0","0","0","0","0","1","0","1","0","1","0","1","0","0","0","0","0","0","0","0","0","0","0","0","0","0","0","0","0","0","0","0","0","0","0","0"
"00000176","광주공고입구","00000032","금남57","20221003","3","7","3","7","3","6","2","6","0","0","0","0","0","1","1","1","3","2","2","2","2","2","2","2","0","0","0","0","1","0","0","0","2","6","7","6","2","6","6","6","0","0","0","0","0","0","1","0"
"00000176","광주공고입구","00000117","첨단23","20221003","3","10","6","10","3","9","3","9","0","1","0","1","0","0","3","0","1","1","2","1","1","1","1","1","0","0","0","0","0","0","1","0","2","3","6","3","2","3","6","3","0","0","0","0","0","0","0","0"
"00000176","광주공고입구","00000211","마을777(우치공원)","20221003","1","3","5","3","1","3","3","3","0","0","0","0","0","0","2","0","3","0","3","0","2","0","2","0","1","0","0","0","0","0","1","0","1","0","2","0","1","0","0","0","0","0","0","0","0","0","2","0"
"00000176","광주공고입구","00000213","마을788","20221003","3","0","0","0","3","0","0","0","0","0","0","0","0","0","0","0","0","0","0","0","0","0","0","0","0","0","0","0","0","0","0","0","1","2","0","2","1","2","0","2","0","0","0","0","0","0","0","0"
"00000177","광주공고입구","00000004","진월07","20221003","12","41","40","41","12","35","31","35","0","3","3","3","0","3","6","3","7","16","3","16","5","13","2","13","0","2","0","2","2","1","1","1","5","9","9","9","5","5","7","5","0","0","0","0","0","4","2","4"
"00000177","광주공고입구","00000013","매월26","20221003","13","18","11","18","13","18","11","18","0","0","0","0","0","0","0","0","2","5","5","5","2","5","5","5","0","0","0","0","0","0","0","0","1","3","5","3","1","3","4","3","0","0","0","0","0","0","1","0"
"00000177","광주공고입구","00000016","송정29","20221003","24","11","22","11","24","11","21","11","0","0","0","0","0","0","1","0","1","3","2","3","1","1","2","1","0","0","0","0","0","2","0","2","1","10","5","10","1","7","5","7","0","0","0","0","0","3","0","3"
"00000177","광주공고입구","00000017","첨단30","20221003","6","14","12","14","6","14","12","14","0","0","0","0","0","0","0","0","3","9","2","9","3","7","2","7","0","0","0","0","0","2","0","2","0","5","3","5","0","5","1","5","0","0","0","0","0","0","2","0"
"00000177","광주공고입구","00000020","일곡38","20221003","3","4","1","4","3","4","1","4","0","0","0","0","0","0","0","0","1","2","2","2","1","2","2","2","0","0","0","0","0","0","0","0","1","2","2","2","1","2","1","2","0","0","0","0","0","0","1","0"
"00000177","광주공고입구","00000031","419","20221003","0","0","6","0","0","0","5","0","0","0","0","0","0","0","1","0","0","0","0","0","0","0","0","0","0","0","0","0","0","0","0","0","0","2","1","2","0","1","0","1","0","0","0","0","0","1","1","1"
"00000177","광주공고입구","00000032","금남57","20221003","3","1","4","1","3","1","4","1","0","0","0","0","0","0","0","0","4","3","8","3","4","3","7","3","0","0","0","0","0","0","1","0","0","2","2","2","0","1","2","1","0","0","0","0","0","1","0","1"
"00000177","광주공고입구","00000117","첨단23","20221003","3","8","9","8","3","8","6","8","0","0","0","0","0","0","3","0","3","7","7","7","2","5","6","5","0","0","0","0","1","2","1","2","2","2","1","2","2","1","1","1","0","0","0","0","0","1","0","1"
"00000177","광주공고입구","00000211","마을777(우치공원)","20221003","4","6","7","6","3","5","5","5","1","1","0","1","0","0","2","0","3","0","0","0","3","0","0","0","0","0","0","0","0","0","0","0","0","1","1","1","0","1","1","1","0","0","0","0","0","0","0","0"
"00000177","광주공고입구","00000213","마을788","20221003","0","1","2","1","0","1","2","1","0","0","0","0","0","0","0","0","1","3","1","3","1","2","1","2","0","0","0","0","0","1","0","1","0","2","0","2","0","0","0","0","0","2","0","2","0","0","0","0"
"00000178","첨단라인아파트","00000005","첨단09","20221003","0","1","0","1","0","0","0","0","0","0","0","0","0","1","0","1","2","4","3","4","2","4","2","4","0","0","1","0","0","0","0","0","0","0","1","0","0","0","1","0","0","0","0","0","0","0","0","0"
"00000178","첨단라인아파트","00000011","첨단20","20221003","4","5","1","5","4","4","1","4","0","0","0","0","0","1","0","1","0","1","0","1","0","1","0","1","0","0","0","0","0","0","0","0","3","4","2","4","3","4","2","4","0","0","0","0","0","0","0","0"
"00000178","첨단라인아파트","00000061","임곡91","20221003","0","0","1","0","0","0","0","0","0","0","0","0","0","0","1","0","0","0","0","0","0","0","0","0","0","0","0","0","0","0","0","0","1","0","0","0","1","0","0","0","0","0","0","0","0","0","0","0"
"00000178","첨단라인아파트","00000090","문흥39","20221003","6","6","4","6","6","4","4","4","0","0","0","0","0","2","0","2","1","0","0","0","1","0","0","0","0","0","0","0","0","0","0","0","1","0","0","0","1","0","0","0","0","0","0","0","0","0","0","0"
"00000178","첨단라인아파트","00000092","첨단40","20221003","0","1","0","1","0","1","0","1","0","0","0","0","0","0","0","0","0","0","1","0","0","0","1","0","0","0","0","0","0","0","0","0","0","1","0","1","0","1","0","1","0","0","0","0","0","0","0","0"
"00000178","첨단라인아파트","00000095","금호46","20221003","6","6","7","6","5","4","2","4","0","0","0","0","1","2","5","2","0","0","1","0","0","0","1","0","0","0","0","0","0","0","0","0","0","0","0","0","0","0","0","0","0","0","0","0","0","0","0","0"
"00000178","첨단라인아파트","00000096","일곡10","20221003","1","3","0","3","1","2","0","2","0","0","0","0","0","1","0","1","0","1","3","1","0","1","3","1","0","0","0","0","0","0","0","0","1","1","0","1","1","1","0","1","0","0","0","0","0","0","0","0"
"00000178","첨단라인아파트","00000117","첨단23","20221003","0","0","0","0","0","0","0","0","0","0","0","0","0","0","0","0","1","3","0","3","1","3","0","3","0","0","0","0","0","0","0","0","0","0","1","0","0","0","1","0","0","0","0","0","0","0","0","0"
"00000178","첨단라인아파트","00000195","마을720","20221003","0","1","1","1","0","0","1","0","0","0","0","0","0","1","0","1","0","0","0","0","0","0","0","0","0","0","0","0","0","0","0","0","0","0","0","0","0","0","0","0","0","0","0","0","0","0","0","0"
"00000179","기아자동차","00000013","매월26","20221003","2","1","4","1","2","1","4","1","0","0","0","0","0","0","0","0","3","3","6","3","3","3","3","3","0","0","1","0","0","0","2","0","0","0","1","0","0","0","0","0","0","0","0","0","0","0","1","0"
"00000179","기아자동차","00000024","송암47","20221003","2","6","5","6","2","6","5","6","0","0","0","0","0","0","0","0","1","0","0","0","1","0","0","0","0","0","0","0","0","0","0","0","0","2","0","2","0","2","0","2","0","0","0","0","0","0","0","0"
"00000179","기아자동차","00000038","상무64","20221003","1","3","2","3","1","3","2","3","0","0","0","0","0","0","0","0","0","0","0","0","0","0","0","0","0","0","0","0","0","0","0","0","1","0","0","0","1","0","0","0","0","0","0","0","0","0","0","0"
"00000179","기아자동차","00000088","금호36","20221003","2","1","1","1","2","1","1","1","0","0","0","0","0","0","0","0","0","0","3","0","0","0","3","0","0","0","0","0","0","0","0","0","0","1","3","1","0","1","3","1","0","0","0","0","0","0","0","0"
"00000179","기아자동차","00000101","송암31","20221003","1","1","3","1","1","1","3","1","0","0","0","0","0","0","0","0","0","0","0","0","0","0","0","0","0","0","0","0","0","0","0","0","1","1","1","1","1","1","1","1","0","0","0","0","0","0","0","0"
"00000179","기아자동차","00000119","지원56","20221003","2","1","0","1","2","1","0","1","0","0","0","0","0","0","0","0","0","0","1","0","0","0","1","0","0","0","0","0","0","0","0","0","0","0","0","0","0","0","0","0","0","0","0","0","0","0","0","0"
"00000180","기아자동차","00000013","매월26","20221003","0","4","4","4","0","3","4","3","0","0","0","0","0","1","0","1","13","12","12","12","13","10","10","10","0","0","0","0","0","2","2","2","1","0","0","0","1","0","0","0","0","0","0","0","0","0","0","0"
"00000180","기아자동차","00000024","송암47","20221003","2","1","2","1","2","1","2","1","0","0","0","0","0","0","0","0","7","3","3","3","6","2","3","2","0","1","0","1","1","0","0","0","0","1","0","1","0","1","0","1","0","0","0","0","0","0","0","0"
"00000180","기아자동차","00000038","상무64","20221003","1","0","8","0","1","0","8","0","0","0","0","0","0","0","0","0","0","3","5","3","0","2","4","2","0","1","0","1","0","0","1","0","0","0","2","0","0","0","2","0","0","0","0","0","0","0","0","0"
"00000180","기아자동차","00000088","금호36","20221003","6","6","5","6","6","6","4","6","0","0","0","0","0","0","1","0","17","10","14","10","14","10","10","10","0","0","0","0","3","0","4","0","0","1","0","1","0","1","0","1","0","0","0","0","0","0","0","0"
"00000180","기아자동차","00000101","송암31","20221003","0","1","0","1","0","1","0","1","0","0","0","0","0","0","0","0","5","3","10","3","5","3","9","3","0","0","0","0","0","0","1","0","0","0","0","0","0","0","0","0","0","0","0","0","0","0","0","0"
"00000180","기아자동차","00000115","선운14","20221003","1","0","1","0","1","0","1","0","0","0","0","0","0","0","0","0","5","3","3","3","5","2","3","2","0","0","0","0","0","1","0","1","0","0","0","0","0","0","0","0","0","0","0","0","0","0","0","0"
"00000180","기아자동차","00000119","지원56","20221003","0","2","1","2","0","2","0","2","0","0","0","0","0","0","1","0","5","5","6","5","5","4","6","4","0","1","0","1","0","0","0","0","0","0","0","0","0","0","0","0","0","0","0","0","0","0","0","0"
"00000182","기아차정문","00000012","지원25","20221003","2","3","1","3","0","1","1","1","2","1","0","1","0","1","0","1","0","0","1","0","0","0","1","0","0","0","0","0","0","0","0","0","0","0","0","0","0","0","0","0","0","0","0","0","0","0","0","0"
"00000182","기아차정문","00000017","첨단30","20221003","1","0","0","0","0","0","0","0","0","0","0","0","1","0","0","0","0","1","0","1","0","1","0","1","0","0","0","0","0","0","0","0","0","0","0","0","0","0","0","0","0","0","0","0","0","0","0","0"
"00000182","기아차정문","00000039","유덕65","20221003","0","0","0","0","0","0","0","0","0","0","0","0","0","0","0","0","0","0","0","0","0","0","0","0","0","0","0","0","0","0","0","0","0","0","0","0","0","0","0","0","0","0","0","0","0","0","0","0"
"00000182","기아차정문","00000087","1187","20221003","0","0","0","0","0","0","0","0","0","0","0","0","0","0","0","0","0","0","0","0","0","0","0","0","0","0","0","0","0","0","0","0","0","0","0","0","0","0","0","0","0","0","0","0","0","0","0","0"
"00000182","기아차정문","00000122","228(화순전대병원)","20221003","0","0","0","0","0","0","0","0","0","0","0","0","0","0","0","0","0","0","0","0","0","0","0","0","0","0","0","0","0","0","0","0","0","0","0","0","0","0","0","0","0","0","0","0","0","0","0","0"
"00000182","기아차정문","00000211","마을777(우치공원)","20221003","0","1","2","1","0","0","2","0","0","0","0","0","0","1","0","1","0","0","0","0","0","0","0","0","0","0","0","0","0","0","0","0","0","0","0","0","0","0","0","0","0","0","0","0","0","0","0","0"
"00000183","기아차정문","00000012","지원25","20221003","1","0","2","0","1","0","2","0","0","0","0","0","0","0","0","0","4","4","7","4","3","4","6","4","0","0","1","0","1","0","0","0","0","0","0","0","0","0","0","0","0","0","0","0","0","0","0","0"
"00000183","기아차정문","00000017","첨단30","20221003","0","2","2","2","0","2","2","2","0","0","0","0","0","0","0","0","4","4","7","4","4","4","7","4","0","0","0","0","0","0","0","0","0","0","0","0","0","0","0","0","0","0","0","0","0","0","0","0"
"00000183","기아차정문","00000039","유덕65","20221003","0","4","0","4","0","4","0","4","0","0","0","0","0","0","0","0","0","2","1","2","0","2","1","2","0","0","0","0","0","0","0","0","0","0","0","0","0","0","0","0","0","0","0","0","0","0","0","0"
"00000183","기아차정문","00000059","임곡89","20221003","0","1","0","1","0","1","0","1","0","0","0","0","0","0","0","0","0","0","1","0","0","0","1","0","0","0","0","0","0","0","0","0","0","0","0","0","0","0","0","0","0","0","0","0","0","0","0","0"
"00000183","기아차정문","00000071","228(구151화순사평)","20221003","0","0","0","0","0","0","0","0","0","0","0","0","0","0","0","0","3","0","0","0","3","0","0","0","0","0","0","0","0","0","0","0","0","0","0","0","0","0","0","0","0","0","0","0","0","0","0","0"
"00000183","기아차정문","00000087","1187","20221003","0","4","1","4","0","3","1","3","0","1","0","1","0","0","0","0","0","0","2","0","0","0","2","0","0","0","0","0","0","0","0","0","0","0","0","0","0","0","0","0","0","0","0","0","0","0","0","0"
"00000183","기아차정문","00000122","228(화순전대병원)","20221003","0","0","6","0","0","0","6","0","0","0","0","0","0","0","0","0","2","2","6","2","2","2","6","2","0","0","0","0","0","0","0","0","0","0","1","0","0","0","0","0","0","0","0","0","0","0","1","0"
"00000183","기아차정문","00000211","마을777(우치공원)","20221003","4","25","82","25","4","24","74","24","0","0","0","0","0","1","8","1","3","8","17","8","3","8","17","8","0","0","0","0","0","0","0","0","2","7","2","7","2","7","2","7","0","0","0","0","0","0","0","0"
"00000184","기아차중문","00000007","매월16","20221003","0","0","0","0","0","0","0","0","0","0","0","0","0","0","0","0","0","0","1","0","0","0","1","0","0","0","0","0","0","0","0","0","0","0","0","0","0","0","0","0","0","0","0","0","0","0","0","0"
"00000184","기아차중문","00000020","일곡38","20221003","0","0","0","0","0","0","0","0","0","0","0","0","0","0","0","0","0","0","0","0","0","0","0","0","0","0","0","0","0","0","0","0","0","0","0","0","0","0","0","0","0","0","0","0","0","0","0","0"
"00000184","기아차중문","00000086","518","20221003","0","0","0","0","0","0","0","0","0","0","0","0","0","0","0","0","0","0","0","0","0","0","0","0","0","0","0","0","0","0","0","0","1","0","0","0","0","0","0","0","0","0","0","0","1","0","0","0"
"00000184","기아차중문","00000090","문흥39","20221003","0","0","0","0","0","0","0","0","0","0","0","0","0","0","0","0","0","0","0","0","0","0","0","0","0","0","0","0","0","0","0","0","0","0","0","0","0","0","0","0","0","0","0","0","0","0","0","0"
"00000184","기아차중문","00000111","송암68","20221003","0","0","0","0","0","0","0","0","0","0","0","0","0","0","0","0","0","1","0","1","0","1","0","1","0","0","0","0","0","0","0","0","0","0","0","0","0","0","0","0","0","0","0","0","0","0","0","0"
"00000188","5.18자유공원","00000001","순환01(시청행)","20221003","0","1","0","1","0","1","0","1","0","0","0","0","0","0","0","0","0","0","1","0","0","0","1","0","0","0","0","0","0","0","0","0","0","0","0","0","0","0","0","0","0","0","0","0","0","0","0","0"
"00000188","5.18자유공원","00000038","상무64","20221003","0","0","0","0","0","0","0","0","0","0","0","0","0","0","0","0","0","0","0","0","0","0","0","0","0","0","0","0","0","0","0","0","0","0","0","0","0","0","0","0","0","0","0","0","0","0","0","0"
"00000188","5.18자유공원","00000086","518","20221003","0","0","0","0","0","0","0","0","0","0","0","0","0","0","0","0","0","0","0","0","0","0","0","0","0","0","0","0","0","0","0","0","0","0","0","0","0","0","0","0","0","0","0","0","0","0","0","0"
"00000188","5.18자유공원","00000109","좌석02","20221003","0","0","1","0","0","0","1","0","0","0","0","0","0","0","0","0","0","1","2","1","0","1","2","1","0","0","0","0","0","0","0","0","0","0","0","0","0","0","0","0","0","0","0","0","0","0","0","0"
"00000188","5.18자유공원","00000112","순환01(운천저수지)","20221003","0","0","0","0","0","0","0","0","0","0","0","0","0","0","0","0","2","3","4","3","2","3","4","3","0","0","0","0","0","0","0","0","0","0","0","0","0","0","0","0","0","0","0","0","0","0","0","0"
"00000189","5.18자유공원","00000001","순환01(시청행)","20221003","4","2","6","2","4","2","6","2","0","0","0","0","0","0","0","0","0","0","0","0","0","0","0","0","0","0","0","0","0","0","0","0","0","0","1","0","0","0","1","0","0","0","0","0","0","0","0","0"
"00000189","5.18자유공원","00000037","상무63","20221003","1","0","2","0","1","0","0","0","0","0","0","0","0","0","2","0","0","0","0","0","0","0","0","0","0","0","0","0","0","0","0","0","0","0","0","0","0","0","0","0","0","0","0","0","0","0","0","0"
"00000189","5.18자유공원","00000038","상무64","20221003","1","0","0","0","1","0","0","0","0","0","0","0","0","0","0","0","0","0","0","0","0","0","0","0","0","0","0","0","0","0","0","0","0","0","0","0","0","0","0","0","0","0","0","0","0","0","0","0"
"00000189","5.18자유공원","00000109","좌석02","20221003","2","5","0","5","2","5","0","5","0","0","0","0","0","0","0","0","2","1","0","1","2","1","0","1","0","0","0","0","0","0","0","0","0","0","0","0","0","0","0","0","0","0","0","0","0","0","0","0"
"00000189","5.18자유공원","00000112","순환01(운천저수지)","20221003","3","0","1","0","3","0","1","0","0","0","0","0","0","0","0","0","0","0","0","0","0","0","0","0","0","0","0","0","0","0","0","0","0","0","0","0","0","0","0","0","0","0","0","0","0","0","0","0"
"00000191","까치고개","00000003","매월06","20221003","6","5","1","5","6","5","1","5","0","0","0","0","0","0","0","0","2","6","9","6","2","6","9","6","0","0","0","0","0","0","0","0","0","0","0","0","0","0","0","0","0","0","0","0","0","0","0","0"
"00000191","까치고개","00000004","진월07","20221003","3","3","7","3","3","1","7","1","0","0","0","0","0","2","0","2","2","5","7","5","2","5","7","5","0","0","0","0","0","0","0","0","0","1","2","1","0","1","2","1","0","0","0","0","0","0","0","0"
"00000191","까치고개","00000023","지원45","20221003","7","5","6","5","6","5","6","5","0","0","0","0","1","0","0","0","1","0","2","0","1","0","2","0","0","0","0","0","0","0","0","0","1","0","3","0","1","0","3","0","0","0","0","0","0","0","0","0"
"00000191","까치고개","00000041","대촌70","20221003","2","0","1","0","2","0","1","0","0","0","0","0","0","0","0","0","0","0","0","0","0","0","0","0","0","0","0","0","0","0","0","0","1","0","0","0","1","0","0","0","0","0","0","0","0","0","0","0"
"00000191","까치고개","00000042","대촌71","20221003","1","0","0","0","1","0","0","0","0","0","0","0","0","0","0","0","0","0","0","0","0","0","0","0","0","0","0","0","0","0","0","0","0","0","0","0","0","0","0","0","0","0","0","0","0","0","0","0"
"00000191","까치고개","00000050","진월79","20221003","0","0","0","0","0","0","0","0","0","0","0","0","0","0","0","0","0","0","0","0","0","0","0","0","0","0","0","0","0","0","0","0","0","1","0","1","0","1","0","1","0","0","0","0","0","0","0","0"
"00000191","까치고개","00000073","대촌170","20221003","0","0","0","0","0","0","0","0","0","0","0","0","0","0","0","0","0","0","0","0","0","0","0","0","0","0","0","0","0","0","0","0","0","0","0","0","0","0","0","0","0","0","0","0","0","0","0","0"
"00000191","까치고개","00000074","진월177","20221003","3","0","1","0","3","0","1","0","0","0","0","0","0","0","0","0","0","0","0","0","0","0","0","0","0","0","0","0","0","0","0","0","0","0","0","0","0","0","0","0","0","0","0","0","0","0","0","0"
"00000191","까치고개","00000102","수완12","20221003","1","9","4","9","1","7","3","7","0","0","0","0","0","2","1","2","0","1","0","1","0","1","0","1","0","0","0","0","0","0","0","0","0","0","1","0","0","0","1","0","0","0","0","0","0","0","0","0"
"00000191","까치고개","00000111","송암68","20221003","3","2","2","2","3","2","2","2","0","0","0","0","0","0","0","0","0","2","1","2","0","2","1","2","0","0","0","0","0","0","0","0","0","0","0","0","0","0","0","0","0","0","0","0","0","0","0","0"
"00000191","까치고개","00000208","마을715(대촌)","20221003","3","0","2","0","3","0","2","0","0","0","0","0","0","0","0","0","0","0","0","0","0","0","0","0","0","0","0","0","0","0","0","0","0","0","0","0","0","0","0","0","0","0","0","0","0","0","0","0"
"00000192","까치고개","00000003","매월06","20221003","4","9","2","9","4","7","1","7","0","0","0","0","0","2","1","2","0","1","0","1","0","1","0","1","0","0","0","0","0","0","0","0","0","1","2","1","0","1","2","1","0","0","0","0","0","0","0","0"
"00000192","까치고개","00000004","진월07","20221003","4","11","5","11","4","11","4","11","0","0","0","0","0","0","1","0","1","3","3","3","1","3","3","3","0","0","0","0","0","0","0","0","1","6","5","6","1","5","5","5","0","0","0","0","0","1","0","1"
"00000192","까치고개","00000023","지원45","20221003","3","4","1","4","3","3","1","3","0","1","0","1","0","0","0","0","4","4","5","4","4","3","5","3","0","0","0","0","0","1","0","1","0","2","0","2","0","2","0","2","0","0","0","0","0","0","0","0"
"00000192","까치고개","00000041","대촌70","20221003","2","3","0","3","2","3","0","3","0","0","0","0","0","0","0","0","0","0","4","0","0","0","4","0","0","0","0","0","0","0","0","0","1","0","0","0","1","0","0","0","0","0","0","0","0","0","0","0"
"00000192","까치고개","00000042","대촌71","20221003","0","0","0","0","0","0","0","0","0","0","0","0","0","0","0","0","1","1","1","1","1","1","1","1","0","0","0","0","0","0","0","0","0","0","0","0","0","0","0","0","0","0","0","0","0","0","0","0"
"00000192","까치고개","00000050","진월79","20221003","7","0","2","0","7","0","2","0","0","0","0","0","0","0","0","0","2","1","1","1","2","1","1","1","0","0","0","0","0","0","0","0","1","0","0","0","1","0","0","0","0","0","0","0","0","0","0","0"
"00000192","까치고개","00000073","대촌170","20221003","0","1","0","1","0","1","0","1","0","0","0","0","0","0","0","0","1","2","0","2","1","2","0","2","0","0","0","0","0","0","0","0","1","0","0","0","1","0","0","0","0","0","0","0","0","0","0","0"
"00000192","까치고개","00000074","진월177","20221003","1","1","0","1","1","1","0","1","0","0","0","0","0","0","0","0","0","0","0","0","0","0","0","0","0","0","0","0","0","0","0","0","0","0","0","0","0","0","0","0","0","0","0","0","0","0","0","0"
"00000192","까치고개","00000102","수완12","20221003","7","5","6","5","6","5","4","5","1","0","2","0","0","0","0","0","0","1","2","1","0","1","2","1","0","0","0","0","0","0","0","0","0","1","1","1","0","1","1","1","0","0","0","0","0","0","0","0"
"00000192","까치고개","00000111","송암68","20221003","8","5","2","5","8","5","2","5","0","0","0","0","0","0","0","0","1","1","0","1","1","1","0","1","0","0","0","0","0","0","0","0","0","1","0","1","0","1","0","1","0","0","0","0","0","0","0","0"
"00000192","까치고개","00000208","마을715(대촌)","20221003","1","0","0","0","1","0","0","0","0","0","0","0","0","0","0","0","1","0","0","0","1","0","0","0","0","0","0","0","0","0","0","0","0","0","0","0","0","0","0","0","0","0","0","0","0","0","0","0"
"00000195","내남입구","00000027","지원52","20221003","0","0","0","0","0","0","0","0","0","0","0","0","0","0","0","0","0","0","0","0","0","0","0","0","0","0","0","0","0","0","0","0","0","0","0","0","0","0","0","0","0","0","0","0","0","0","0","0"
"00000195","내남입구","00000122","228(화순전대병원)","20221003","0","0","0","0","0","0","0","0","0","0","0","0","0","0","0","0","0","1","0","1","0","1","0","1","0","0","0","0","0","0","0","0","0","0","0","0","0","0","0","0","0","0","0","0","0","0","0","0"
"00000196","남계(장성)","00000080","첨단193","20221003","0","0","0","0","0","0","0","0","0","0","0","0","0","0","0","0","0","0","0","0","0","0","0","0","0","0","0","0","0","0","0","0","0","0","0","0","0","0","0","0","0","0","0","0","0","0","0","0"
"00000197","양림휴먼시아2차","00000008","진월17","20221003","8","10","5","10","7","10","5","10","0","0","0","0","1","0","0","0","16","7","12","7","15","7","12","7","0","0","0","0","1","0","0","0","0","0","2","0","0","0","2","0","0","0","0","0","0","0","0","0"
"00000197","양림휴먼시아2차","00000012","지원25","20221003","3","2","1","2","3","1","1","1","0","0","0","0","0","1","0","1","3","4","8","4","3","4","8","4","0","0","0","0","0","0","0","0","0","0","2","0","0","0","2","0","0","0","0","0","0","0","0","0"
"00000197","양림휴먼시아2차","00000014","봉선27","20221003","6","9","14","9","4","9","14","9","1","0","0","0","1","0","0","0","6","6","5","6","6","5","4","5","0","0","0","0","0","1","1","1","1","3","2","3","1","3","2","3","0","0","0","0","0","0","0","0"
"00000197","양림휴먼시아2차","00000034","금남59","20221003","4","10","2","10","4","8","2","8","0","0","0","0","0","2","0","2","5","7","4","7","5","7","4","7","0","0","0","0","0","0","0","0","1","0","0","0","1","0","0","0","0","0","0","0","0","0","0","0"
"00000197","양림휴먼시아2차","00000047","봉선76","20221003","0","0","0","0","0","0","0","0","0","0","0","0","0","0","0","0","0","0","0","0","0","0","0","0","0","0","0","0","0","0","0","0","1","1","0","1","1","1","0","1","0","0","0","0","0","0","0","0"
"00000197","양림휴먼시아2차","00000065","첨단95","20221003","4","11","7","11","4","8","7","8","0","1","0","1","0","2","0","2","10","4","6","4","10","4","6","4","0","0","0","0","0","0","0","0","1","1","0","1","1","1","0","1","0","0","0","0","0","0","0","0"
"00000197","양림휴먼시아2차","00000068","송정98","20221003","7","10","5","10","7","9","5","9","0","0","0","0","0","1","0","1","6","2","3","2","6","2","3","2","0","0","0","0","0","0","0","0","0","1","0","1","0","0","0","0","0","0","0","0","0","1","0","1"
"00000197","양림휴먼시아2차","00000112","순환01(운천저수지)","20221003","1","3","3","3","1","2","3","2","0","0","0","0","0","1","0","1","16","13","10","13","16","13","10","13","0","0","0","0","0","0","0","0","0","0","0","0","0","0","0","0","0","0","0","0","0","0","0","0"
"00000197","양림휴먼시아2차","00000119","지원56","20221003","0","0","0","0","0","0","0","0","0","0","0","0","0","0","0","0","0","0","0","0","0","0","0","0","0","0","0","0","0","0","0","0","1","1","0","1","1","1","0","1","0","0","0","0","0","0","0","0"
"00000202","남광주사거리","00000006","지원15","20221003","1","0","1","0","1","0","1","0","0","0","0","0","0","0","0","0","3","4","4","4","2","4","3","4","0","0","0","0","1","0","1","0","5","3","2","3","5","2","2","2","0","0","0","0","0","1","0","1"
"00000202","남광주사거리","00000012","지원25","20221003","2","1","0","1","2","1","0","1","0","0","0","0","0","0","0","0","5","4","0","4","5","4","0","4","0","0","0","0","0","0","0","0","2","3","1","3","2","3","0","3","0","0","0","0","0","0","1","0"
"00000202","남광주사거리","00000018","운림35","20221003","0","2","1","2","0","1","1","1","0","0","0","0","0","1","0","1","7","2","3","2","7","2","3","2","0","0","0","0","0","0","0","0","7","4","3","4","7","3","3","3","0","0","0","0","0","1","0","1"
"00000202","남광주사거리","00000023","지원45","20221003","1","2","1","2","1","2","1","2","0","0","0","0","0","0","0","0","4","0","0","0","4","0","0","0","0","0","0","0","0","0","0","0","5","5","6","5","5","4","6","4","0","0","0","0","0","1","0","1"
"00000202","남광주사거리","00000025","운림50","20221003","3","1","0","1","3","0","0","0","0","0","0","0","0","1","0","1","1","0","1","0","1","0","1","0","0","0","0","0","0","0","0","0","12","12","1","12","12","12","1","12","0","0","0","0","0","0","0","0"
"00000202","남광주사거리","00000026","운림51","20221003","5","3","2","3","5","3","1","3","0","0","0","0","0","0","1","0","5","4","5","4","5","4","5","4","0","0","0","0","0","0","0","0","24","2","6","2","24","2","5","2","0","0","1","0","0","0","0","0"
"00000202","남광주사거리","00000027","지원52","20221003","0","2","0","2","0","1","0","1","0","0","0","0","0","1","0","1","0","0","0","0","0","0","0","0","0","0","0","0","0","0","0","0","3","0","0","0","3","0","0","0","0","0","0","0","0","0","0","0"
"00000202","남광주사거리","00000029","운림54","20221003","8","8","1","8","8","8","1","8","0","0","0","0","0","0","0","0","6","8","5","8","6","7","4","7","0","0","0","0","0","1","1","1","44","15","4","15","44","15","4","15","0","0","0","0","0","0","0","0"
"00000202","남광주사거리","00000071","228(구151화순사평)","20221003","1","0","0","0","1","0","0","0","0","0","0","0","0","0","0","0","0","0","0","0","0","0","0","0","0","0","0","0","0","0","0","0","8","1","0","1","8","1","0","1","0","0","0","0","0","0","0","0"
"00000202","남광주사거리","00000072","지원152(능주역)","20221003","0","0","1","0","0","0","1","0","0","0","0","0","0","0","0","0","0","0","0","0","0","0","0","0","0","0","0","0","0","0","0","0","6","0","4","0","6","0","4","0","0","0","0","0","0","0","0","0"
"00000202","남광주사거리","00000098","수완49","20221003","2","0","0","0","2","0","0","0","0","0","0","0","0","0","0","0","1","0","0","0","1","0","0","0","0","0","0","0","0","0","0","0","6","3","4","3","6","3","4","3","0","0","0","0","0","0","0","0"
"00000202","남광주사거리","00000102","수완12","20221003","1","0","3","0","1","0","3","0","0","0","0","0","0","0","0","0","1","1","5","1","1","1","4","1","0","0","0","0","0","0","1","0","9","7","2","7","9","7","2","7","0","0","0","0","0","0","0","0"
"00000202","남광주사거리","00000122","228(화순전대병원)","20221003","1","0","0","0","1","0","0","0","0","0","0","0","0","0","0","0","0","2","2","2","0","2","2","2","0","0","0","0","0","0","0","0","3","9","5","9","3","8","4","8","0","0","0","0","0","1","1","1"
"00000202","남광주사거리","00000123","지원152(도웅리)","20221003","1","2","1","2","1","2","0","2","0","0","0","0","0","0","1","0","0","0","0","0","0","0","0","0","0","0","0","0","0","0","0","0","1","6","8","6","1","6","7","6","0","0","0","0","0","0","1","0"
"00000203","학강교","00000030","금남55","20221003","0","0","0","0","0","0","0","0","0","0","0","0","0","0","0","0","2","0","1","0","2","0","1","0","0","0","0","0","0","0","0","0","0","0","0","0","0","0","0","0","0","0","0","0","0","0","0","0"
"00000204","남구문화예술회관","00000014","봉선27","20221003","0","0","2","0","0","0","0","0","0","0","0","0","0","0","2","0","1","1","2","1","1","1","2","1","0","0","0","0","0","0","0","0","0","0","0","0","0","0","0","0","0","0","0","0","0","0","0","0"
"00000204","남구문화예술회관","00000019","봉선37","20221003","3","3","13","3","3","2","11","2","0","0","0","0","0","1","2","1","0","3","3","3","0","2","3","2","0","1","0","1","0","0","0","0","0","0","0","0","0","0","0","0","0","0","0","0","0","0","0","0"
"00000204","남구문화예술회관","00000068","송정98","20221003","0","2","0","2","0","2","0","2","0","0","0","0","0","0","0","0","0","0","1","0","0","0","1","0","0","0","0","0","0","0","0","0","0","0","0","0","0","0","0","0","0","0","0","0","0","0","0","0"
"00000204","남구문화예술회관","00000119","지원56","20221003","1","1","1","1","1","0","1","0","0","0","0","0","0","1","0","1","0","1","0","1","0","0","0","0","0","0","0","0","0","1","0","1","0","0","0","0","0","0","0","0","0","0","0","0","0","0","0","0"
"00000205","남구문화예술회관","00000014","봉선27","20221003","9","9","16","9","9","9","13","9","0","0","0","0","0","0","3","0","0","0","0","0","0","0","0","0","0","0","0","0","0","0","0","0","1","0","0","0","1","0","0","0","0","0","0","0","0","0","0","0"
"00000205","남구문화예술회관","00000019","봉선37","20221003","9","20","12","20","8","19","10","19","0","1","2","1","1","0","0","0","0","2","0","2","0","2","0","2","0","0","0","0","0","0","0","0","0","1","0","1","0","1","0","1","0","0","0","0","0","0","0","0"
"00000205","남구문화예술회관","00000068","송정98","20221003","11","13","16","13","10","13","15","13","0","0","0","0","1","0","1","0","0","0","0","0","0","0","0","0","0","0","0","0","0","0","0","0","0","0","0","0","0","0","0","0","0","0","0","0","0","0","0","0"
"00000205","남구문화예술회관","00000119","지원56","20221003","3","3","3","3","2","2","3","2","0","1","0","1","1","0","0","0","1","2","0","2","1","1","0","1","0","1","0","1","0","0","0","0","0","0","0","0","0","0","0","0","0","0","0","0","0","0","0","0"
"00000206","구남구청","00000015","일곡28","20221003","9","13","11","13","9","11","9","11","0","0","0","0","0","2","2","2","2","4","2","4","2","3","2","3","0","1","0","1","0","0","0","0","0","0","0","0","0","0","0","0","0","0","0","0","0","0","0","0"
"00000206","구남구청","00000047","봉선76","20221003","0","0","0","0","0","0","0","0","0","0","0","0","0","0","0","0","1","0","0","0","1","0","0","0","0","0","0","0","0","0","0","0","0","0","0","0","0","0","0","0","0","0","0","0","0","0","0","0"
"00000206","구남구청","00000068","송정98","20221003","2","2","2","2","1","1","0","1","1","0","1","0","0","1","1","1","1","0","2","0","1","0","2","0","0","0","0","0","0","0","0","0","0","1","1","1","0","1","1","1","0","0","0","0","0","0","0","0"
"00000207","구남구청","00000015","일곡28","20221003","6","9","10","9","5","8","8","8","0","0","0","0","1","1","2","1","1","4","5","4","0","2","5","2","0","1","0","1","1","1","0","1","0","0","0","0","0","0","0","0","0","0","0","0","0","0","0","0"
"00000207","구남구청","00000068","송정98","20221003","6","9","16","9","6","8","12","8","0","1","1","1","0","0","3","0","0","2","3","2","0","2","1","2","0","0","2","0","0","0","0","0","0","0","0","0","0","0","0","0","0","0","0","0","0","0","0","0"
"00000209","전남대병원오거리","00000019","봉선37","20221003","1","0","2","0","1","0","2","0","0","0","0","0","0","0","0","0","6","2","4","2","6","2","4","2","0","0","0","0","0","0","0","0","0","0","1","0","0","0","1","0","0","0","0","0","0","0","0","0"
"00000209","전남대병원오거리","00000023","지원45","20221003","0","0","0","0","0","0","0","0","0","0","0","0","0","0","0","0","8","3","3","3","8","3","3","3","0","0","0","0","0","0","0","0","0","0","1","0","0","0","1","0","0","0","0","0","0","0","0","0"
"00000209","전남대병원오거리","00000026","운림51","20221003","0","0","0","0","0","0","0","0","0","0","0","0","0","0","0","0","4","7","5","7","4","7","4","7","0","0","0","0","0","0","1","0","1","0","0","0","1","0","0","0","0","0","0","0","0","0","0","0"
"00000209","전남대병원오거리","00000027","지원52","20221003","0","0","0","0","0","0","0","0","0","0","0","0","0","0","0","0","0","0","0","0","0","0","0","0","0","0","0","0","0","0","0","0","0","0","0","0","0","0","0","0","0","0","0","0","0","0","0","0"
"00000209","전남대병원오거리","00000029","운림54","20221003","0","0","0","0","0","0","0","0","0","0","0","0","0","0","0","0","11","9","8","9","11","9","8","9","0","0","0","0","0","0","0","0","2","0","0","0","2","0","0","0","0","0","0","0","0","0","0","0"
"00000209","전남대병원오거리","00000034","금남59","20221003","0","1","1","1","0","1","1","1","0","0","0","0","0","0","0","0","2","2","1","2","2","2","1","2","0","0","0","0","0","0","0","0","0","1","0","1","0","0","0","0","0","0","0","0","0","1","0","1"
"00000209","전남대병원오거리","00000065","첨단95","20221003","0","0","0","0","0","0","0","0","0","0","0","0","0","0","0","0","6","4","3","4","6","4","3","4","0","0","0","0","0","0","0","0","0","0","1","0","0","0","1","0","0","0","0","0","0","0","0","0"
"00000209","전남대병원오거리","00000071","228(구151화순사평)","20221003","1","0","0","0","1","0","0","0","0","0","0","0","0","0","0","0","1","0","0","0","1","0","0","0","0","0","0","0","0","0","0","0","1","0","0","0","1","0","0","0","0","0","0","0","0","0","0","0"
"00000209","전남대병원오거리","00000072","지원152(능주역)","20221003","0","0","0","0","0","0","0","0","0","0","0","0","0","0","0","0","1","0","0","0","1","0","0","0","0","0","0","0","0","0","0","0","2","0","0","0","2","0","0","0","0","0","0","0","0","0","0","0"
"00000209","전남대병원오거리","00000098","수완49","20221003","0","1","0","1","0","1","0","1","0","0","0","0","0","0","0","0","1","0","2","0","1","0","2","0","0","0","0","0","0","0","0","0","0","0","0","0","0","0","0","0","0","0","0","0","0","0","0","0"
"00000209","전남대병원오거리","00000102","수완12","20221003","0","0","0","0","0","0","0","0","0","0","0","0","0","0","0","0","4","2","1","2","4","2","1","2","0","0","0","0","0","0","0","0","0","1","0","1","0","1","0","1","0","0","0","0","0","0","0","0"
"00000209","전남대병원오거리","00000122","228(화순전대병원)","20221003","0","4","4","4","0","4","4","4","0","0","0","0","0","0","0","0","1","0","2","0","1","0","2","0","0","0","0","0","0","0","0","0","0","1","0","1","0","1","0","1","0","0","0","0","0","0","0","0"
"00000209","전남대병원오거리","00000123","지원152(도웅리)","20221003","0","0","0","0","0","0","0","0","0","0","0","0","0","0","0","0","0","0","0","0","0","0","0","0","0","0","0","0","0","0","0","0","0","2","0","2","0","2","0","2","0","0","0","0","0","0","0","0"
"00000210","전남대병원오거리","00000019","봉선37","20221003","0","4","0","4","0","4","0","4","0","0","0","0","0","0","0","0","0","2","3","2","0","2","1","2","0","0","1","0","0","0","1","0","0","2","0","2","0","2","0","2","0","0","0","0","0","0","0","0"
"00000210","전남대병원오거리","00000023","지원45","20221003","2","1","7","1","2","1","7","1","0","0","0","0","0","0","0","0","2","0","0","0","2","0","0","0","0","0","0","0","0","0","0","0","0","0","0","0","0","0","0","0","0","0","0","0","0","0","0","0"
"00000210","전남대병원오거리","00000026","운림51","20221003","1","2","8","2","0","2","8","2","1","0","0","0","0","0","0","0","4","2","0","2","4","2","0","2","0","0","0","0","0","0","0","0","1","1","0","1","1","1","0","1","0","0","0","0","0","0","0","0"
"00000210","전남대병원오거리","00000029","운림54","20221003","11","8","11","8","11","8","10","8","0","0","1","0","0","0","0","0","1","2","1","2","1","2","1","2","0","0","0","0","0","0","0","0","0","4","0","4","0","3","0","3","0","0","0","0","0","1","0","1"
"00000210","전남대병원오거리","00000034","금남59","20221003","1","0","2","0","0","0","2","0","0","0","0","0","1","0","0","0","1","2","0","2","1","2","0","2","0","0","0","0","0","0","0","0","0","1","0","1","0","1","0","1","0","0","0","0","0","0","0","0"
"00000210","전남대병원오거리","00000065","첨단95","20221003","0","1","2","1","0","1","2","1","0","0","0","0","0","0","0","0","1","5","3","5","1","4","3","4","0","0","0","0","0","1","0","1","0","1","0","1","0","1","0","1","0","0","0","0","0","0","0","0"
"00000210","전남대병원오거리","00000071","228(구151화순사평)","20221003","0","0","0","0","0","0","0","0","0","0","0","0","0","0","0","0","3","0","0","0","2","0","0","0","0","0","0","0","1","0","0","0","0","0","0","0","0","0","0","0","0","0","0","0","0","0","0","0"
"00000210","전남대병원오거리","00000072","지원152(능주역)","20221003","0","0","0","0","0","0","0","0","0","0","0","0","0","0","0","0","1","1","0","1","1","1","0","1","0","0","0","0","0","0","0","0","0","0","0","0","0","0","0","0","0","0","0","0","0","0","0","0"
"00000210","전남대병원오거리","00000098","수완49","20221003","2","1","0","1","2","1","0","1","0","0","0","0","0","0","0","0","0","0","1","0","0","0","1","0","0","0","0","0","0","0","0","0","0","1","0","1","0","1","0","1","0","0","0","0","0","0","0","0"
"00000210","전남대병원오거리","00000102","수완12","20221003","0","2","1","2","0","2","0","2","0","0","1","0","0","0","0","0","0","3","1","3","0","3","1","3","0","0","0","0","0","0","0","0","0","0","2","0","0","0","2","0","0","0","0","0","0","0","0","0"
"00000210","전남대병원오거리","00000122","228(화순전대병원)","20221003","0","1","1","1","0","1","1","1","0","0","0","0","0","0","0","0","0","5","3","5","0","4","3","4","0","0","0","0","0","1","0","1","0","1","0","1","0","1","0","1","0","0","0","0","0","0","0","0"
"00000210","전남대병원오거리","00000123","지원152(도웅리)","20221003","0","0","1","0","0","0","1","0","0","0","0","0","0","0","0","0","0","0","3","0","0","0","3","0","0","0","0","0","0","0","0","0","0","0","0","0","0","0","0","0","0","0","0","0","0","0","0","0"
"00000212","남면사무소","00000071","228(구151화순사평)","20221003","0","0","0","0","0","0","0","0","0","0","0","0","0","0","0","0","0","0","0","0","0","0","0","0","0","0","0","0","0","0","0","0","0","0","0","0","0","0","0","0","0","0","0","0","0","0","0","0"
"00000213","남광주역","00000001","순환01(시청행)","20221003","14","8","4","8","14","8","4","8","0","0","0","0","0","0","0","0","5","3","4","3","5","3","4","3","0","0","0","0","0","0","0","0","10","8","11","8","10","8","10","8","0","0","0","0","0","0","1","0"
"00000213","남광주역","00000008","진월17","20221003","7","7","14","7","7","7","14","7","0","0","0","0","0","0","0","0","10","18","10","18","9","18","9","18","1","0","0","0","0","0","1","0","13","17","12","17","12","17","11","17","0","0","0","0","1","0","1","0"
"00000213","남광주역","00000012","지원25","20221003","5","2","4","2","5","2","4","2","0","0","0","0","0","0","0","0","1","1","4","1","1","1","4","1","0","0","0","0","0","0","0","0","7","11","14","11","7","11","13","11","0","0","0","0","0","0","1","0"
"00000213","남광주역","00000014","봉선27","20221003","4","1","7","1","4","1","6","1","0","0","0","0","0","0","1","0","7","5","8","5","7","5","8","5","0","0","0","0","0","0","0","0","7","1","8","1","7","1","8","1","0","0","0","0","0","0","0","0"
"00000213","남광주역","00000015","일곡28","20221003","10","9","15","9","10","9","14","9","0","0","0","0","0","0","1","0","8","5","8","5","8","5","8","5","0","0","0","0","0","0","0","0","20","17","42","17","20","14","36","14","0","0","1","0","0","3","5","3"
"00000213","남광주역","00000019","봉선37","20221003","15","5","12","5","13","4","10","4","0","0","0","0","2","1","2","1","3","3","6","3","2","3","6","3","0","0","0","0","1","0","0","0","17","22","41","22","16","20","38","20","0","1","0","1","1","1","3","1"
"00000213","남광주역","00000025","운림50","20221003","10","6","8","6","10","6","7","6","0","0","0","0","0","0","1","0","2","2","7","2","2","2","7","2","0","0","0","0","0","0","0","0","5","3","9","3","5","3","8","3","0","0","0","0","0","0","1","0"
"00000213","남광주역","00000034","금남59","20221003","2","4","3","4","2","4","3","4","0","0","0","0","0","0","0","0","0","0","2","0","0","0","1","0","0","0","0","0","0","0","1","0","10","4","9","4","10","4","8","4","0","0","0","0","0","0","1","0"
"00000213","남광주역","00000065","첨단95","20221003","9","5","7","5","8","5","7","5","0","0","0","0","1","0","0","0","0","1","6","1","0","1","6","1","0","0","0","0","0","0","0","0","8","5","12","5","7","5","12","5","0","0","0","0","1","0","0","0"
"00000213","남광주역","00000068","송정98","20221003","7","2","0","2","6","2","0","2","0","0","0","0","1","0","0","0","2","4","5","4","2","4","5","4","0","0","0","0","0","0","0","0","14","6","15","6","13","6","14","6","0","0","0","0","1","0","1","0"
"00000213","남광주역","00000114","수완03","20221003","9","15","23","15","9","14","20","14","0","0","0","0","0","1","3","1","5","3","9","3","4","2","8","2","0","0","1","0","1","1","0","1","25","20","56","20","25","18","51","18","0","0","2","0","0","2","3","2"
"00000214","남광주역","00000008","진월17","20221003","15","5","15","5","15","5","14","5","0","0","1","0","0","0","0","0","27","10","8","10","27","10","8","10","0","0","0","0","0","0","0","0","6","14","14","14","6","14","13","14","0","0","0","0","0","0","1","0"
"00000214","남광주역","00000012","지원25","20221003","1","0","0","0","1","0","0","0","0","0","0","0","0","0","0","0","8","5","3","5","8","5","2","5","0","0","0","0","0","0","1","0","1","1","0","1","1","1","0","1","0","0","0","0","0","0","0","0"
"00000214","남광주역","00000014","봉선27","20221003","7","3","12","3","7","3","11","3","0","0","0","0","0","0","1","0","8","3","1","3","8","3","1","3","0","0","0","0","0","0","0","0","6","14","13","14","5","13","11","13","0","1","0","1","1","0","2","0"
"00000214","남광주역","00000015","일곡28","20221003","12","10","7","10","12","10","6","10","0","0","1","0","0","0","0","0","16","13","15","13","16","13","15","13","0","0","0","0","0","0","0","0","15","8","15","8","14","8","15","8","0","0","0","0","1","0","0","0"
"00000214","남광주역","00000019","봉선37","20221003","4","1","1","1","4","1","1","1","0","0","0","0","0","0","0","0","22","27","14","27","21","23","13","23","0","2","0","2","1","2","1","2","3","13","4","13","3","13","4","13","0","0","0","0","0","0","0","0"
"00000214","남광주역","00000025","운림50","20221003","1","1","0","1","1","1","0","1","0","0","0","0","0","0","0","0","7","4","4","4","6","4","4","4","0","0","0","0","1","0","0","0","1","10","7","10","1","10","7","10","0","0","0","0","0","0","0","0"
"00000214","남광주역","00000034","금남59","20221003","0","1","2","1","0","1","1","1","0","0","0","0","0","0","1","0","16","13","3","13","16","13","3","13","0","0","0","0","0","0","0","0","1","5","2","5","1","4","2","4","0","1","0","1","0","0","0","0"
"00000214","남광주역","00000065","첨단95","20221003","0","1","1","1","0","1","1","1","0","0","0","0","0","0","0","0","11","6","2","6","11","6","2","6","0","0","0","0","0","0","0","0","4","6","9","6","4","6","7","6","0","0","0","0","0","0","2","0"
"00000214","남광주역","00000068","송정98","20221003","5","1","1","1","5","1","1","1","0","0","0","0","0","0","0","0","8","2","3","2","8","2","3","2","0","0","0","0","0","0","0","0","8","6","6","6","8","6","6","6","0","0","0","0","0","0","0","0"
"00000214","남광주역","00000112","순환01(운천저수지)","20221003","4","4","9","4","4","4","9","4","0","0","0","0","0","0","0","0","20","10","4","10","20","10","4","10","0","0","0","0","0","0","0","0","10","6","12","6","10","6","12","6","0","0","0","0","0","0","0","0"
"00000214","남광주역","00000114","수완03","20221003","9","4","26","4","9","4","25","4","0","0","0","0","0","0","1","0","21","25","16","25","21","21","15","21","0","2","0","2","0","2","1","2","7","8","11","8","7","7","10","7","0","0","0","0","0","1","1","1"
"00000215","광암교입구","00000019","봉선37","20221003","1","3","5","3","1","3","5","3","0","0","0","0","0","0","0","0","0","2","2","2","0","2","2","2","0","0","0","0","0","0","0","0","1","0","2","0","1","0","2","0","0","0","0","0","0","0","0","0"
"00000215","광암교입구","00000068","송정98","20221003","1","3","2","3","1","2","2","2","0","0","0","0","0","1","0","1","0","2","4","2","0","2","4","2","0","0","0","0","0","0","0","0","0","0","0","0","0","0","0","0","0","0","0","0","0","0","0","0"
"00000215","광암교입구","00000079","첨단192","20221003","0","0","0","0","0","0","0","0","0","0","0","0","0","0","0","0","0","0","0","0","0","0","0","0","0","0","0","0","0","0","0","0","0","0","0","0","0","0","0","0","0","0","0","0","0","0","0","0"
"00000215","광암교입구","00000120","양산60","20221003","0","0","0","0","0","0","0","0","0","0","0","0","0","0","0","0","0","0","1","0","0","0","1","0","0","0","0","0","0","0","0","0","0","0","0","0","0","0","0","0","0","0","0","0","0","0","0","0"
"00000215","광암교입구","00000211","마을777(우치공원)","20221003","0","0","0","0","0","0","0","0","0","0","0","0","0","0","0","0","0","0","0","0","0","0","0","0","0","0","0","0","0","0","0","0","0","1","0","1","0","1","0","1","0","0","0","0","0","0","0","0"
"00000216","광암교입구","00000019","봉선37","20221003","0","3","8","3","0","3","8","3","0","0","0","0","0","0","0","0","0","0","1","0","0","0","1","0","0","0","0","0","0","0","0","0","0","1","0","1","0","1","0","1","0","0","0","0","0","0","0","0"
"00000216","광암교입구","00000059","임곡89","20221003","0","0","0","0","0","0","0","0","0","0","0","0","0","0","0","0","0","0","0","0","0","0","0","0","0","0","0","0","0","0","0","0","0","0","0","0","0","0","0","0","0","0","0","0","0","0","0","0"
"00000216","광암교입구","00000068","송정98","20221003","1","0","6","0","1","0","6","0","0","0","0","0","0","0","0","0","1","0","1","0","1","0","1","0","0","0","0","0","0","0","0","0","0","0","0","0","0","0","0","0","0","0","0","0","0","0","0","0"
"00000216","광암교입구","00000120","양산60","20221003","0","0","1","0","0","0","1","0","0","0","0","0","0","0","0","0","0","1","0","1","0","1","0","1","0","0","0","0","0","0","0","0","0","0","0","0","0","0","0","0","0","0","0","0","0","0","0","0"
"00000216","광암교입구","00000211","마을777(우치공원)","20221003","0","2","0","2","0","2","0","2","0","0","0","0","0","0","0","0","0","0","0","0","0","0","0","0","0","0","0","0","0","0","0","0","0","0","1","0","0","0","1","0","0","0","0","0","0","0","0","0"
"00000217","신흥목재포장","00000064","첨단94","20221003","0","0","0","0","0","0","0","0","0","0","0","0","0","0","0","0","0","0","1","0","0","0","1","0","0","0","0","0","0","0","0","0","0","0","0","0","0","0","0","0","0","0","0","0","0","0","0","0"
"00000217","신흥목재포장","00000203","마을700","20221003","0","0","1","0","0","0","1","0","0","0","0","0","0","0","0","0","0","0","0","0","0","0","0","0","0","0","0","0","0","0","0","0","0","0","0","0","0","0","0","0","0","0","0","0","0","0","0","0"
"00000218","신흥목재포장","00000203","마을700","20221003","0","0","2","0","0","0","2","0","0","0","0","0","0","0","0","0","0","0","0","0","0","0","0","0","0","0","0","0","0","0","0","0","0","0","0","0","0","0","0","0","0","0","0","0","0","0","0","0"
"00000220","첨단2동행정복지센터","00000005","첨단09","20221003","2","8","16","8","2","3","4","3","0","1","5","1","0","4","7","4","6","13","21","13","6","12","17","12","0","0","0","0","0","1","4","1","0","4","3","4","0","3","3","3","0","0","0","0","0","1","0","1"
"00000220","첨단2동행정복지센터","00000007","매월16","20221003","0","0","3","0","0","0","2","0","0","0","1","0","0","0","0","0","2","3","0","3","2","3","0","3","0","0","0","0","0","0","0","0","0","1","1","1","0","1","1","1","0","0","0","0","0","0","0","0"
"00000220","첨단2동행정복지센터","00000017","첨단30","20221003","0","3","0","3","0","2","0","2","0","0","0","0","0","1","0","1","2","2","2","2","2","2","2","2","0","0","0","0","0","0","0","0","1","0","1","0","1","0","1","0","0","0","0","0","0","0","0","0"
"00000220","첨단2동행정복지센터","00000026","운림51","20221003","3","5","7","5","3","4","5","4","0","1","1","1","0","0","1","0","5","6","4","6","5","6","3","6","0","0","0","0","0","0","1","0","0","1","3","1","0","1","3","1","0","0","0","0","0","0","0","0"
"00000220","첨단2동행정복지센터","00000061","임곡91","20221003","0","0","2","0","0","0","1","0","0","0","0","0","0","0","1","0","0","0","0","0","0","0","0","0","0","0","0","0","0","0","0","0","2","0","0","0","2","0","0","0","0","0","0","0","0","0","0","0"
"00000220","첨단2동행정복지센터","00000064","첨단94","20221003","2","1","8","1","2","0","3","0","0","1","0","1","0","0","5","0","0","1","0","1","0","1","0","1","0","0","0","0","0","0","0","0","0","1","0","1","0","1","0","1","0","0","0","0","0","0","0","0"
"00000220","첨단2동행정복지센터","00000095","금호46","20221003","10","17","17","17","10","12","14","12","0","0","0","0","0","5","3","5","0","0","0","0","0","0","0","0","0","0","0","0","0","0","0","0","2","4","4","4","2","4","4","4","0","0","0","0","0","0","0","0"
"00000220","첨단2동행정복지센터","00000096","일곡10","20221003","4","6","27","6","4","3","16","3","0","0","0","0","0","3","11","3","1","3","1","3","1","2","1","2","0","0","0","0","0","1","0","1","0","1","3","1","0","1","3","1","0","0","0","0","0","0","0","0"
"00000220","첨단2동행정복지센터","00000116","첨단22","20221003","1","0","1","0","1","0","0","0","0","0","1","0","0","0","0","0","0","3","1","3","0","3","1","3","0","0","0","0","0","0","0","0","0","0","1","0","0","0","1","0","0","0","0","0","0","0","0","0"
"00000220","첨단2동행정복지센터","00000195","마을720","20221003","0","1","0","1","0","0","0","0","0","0","0","0","0","1","0","1","2","2","3","2","2","2","3","2","0","0","0","0","0","0","0","0","0","1","1","1","0","1","1","1","0","0","0","0","0","0","0","0"
"00000220","첨단2동행정복지센터","00000203","마을700","20221003","3","3","23","3","3","1","13","1","0","0","5","0","0","2","5","2","0","2","1","2","0","2","1","2","0","0","0","0","0","0","0","0","2","5","2","5","2","5","2","5","0","0","0","0","0","0","0","0"
"00000220","첨단2동행정복지센터","00000213","마을788","20221003","0","0","3","0","0","0","2","0","0","0","0","0","0","0","1","0","0","0","0","0","0","0","0","0","0","0","0","0","0","0","0","0","1","0","0","0","1","0","0","0","0","0","0","0","0","0","0","0"
"00000221","호남샤니","00000011","첨단20","20221003","0","0","1","0","0","0","1","0","0","0","0","0","0","0","0","0","0","1","0","1","0","1","0","1","0","0","0","0","0","0","0","0","0","0","0","0","0","0","0","0","0","0","0","0","0","0","0","0"
"00000221","호남샤니","00000081","진곡196","20221003","0","0","0","0","0","0","0","0","0","0","0","0","0","0","0","0","0","0","0","0","0","0","0","0","0","0","0","0","0","0","0","0","0","0","0","0","0","0","0","0","0","0","0","0","0","0","0","0"
"00000222","호남샤니","00000011","첨단20","20221003","0","0","1","0","0","0","1","0","0","0","0","0","0","0","0","0","0","0","0","0","0","0","0","0","0","0","0","0","0","0","0","0","0","0","0","0","0","0","0","0","0","0","0","0","0","0","0","0"
"00000222","호남샤니","00000081","진곡196","20221003","0","0","1","0","0","0","1","0","0","0","0","0","0","0","0","0","0","0","0","0","0","0","0","0","0","0","0","0","0","0","0","0","0","0","0","0","0","0","0","0","0","0","0","0","0","0","0","0"
"00000224","광주남초교","00000006","지원15","20221003","4","2","0","2","3","2","0","2","0","0","0","0","1","0","0","0","0","0","0","0","0","0","0","0","0","0","0","0","0","0","0","0","0","0","0","0","0","0","0","0","0","0","0","0","0","0","0","0"
"00000224","광주남초교","00000012","지원25","20221003","9","4","4","4","9","4","3","4","0","0","0","0","0","0","1","0","0","0","0","0","0","0","0","0","0","0","0","0","0","0","0","0","0","0","0","0","0","0","0","0","0","0","0","0","0","0","0","0"
"00000224","광주남초교","00000023","지원45","20221003","3","3","6","3","3","2","6","2","0","0","0","0","0","1","0","1","0","0","1","0","0","0","1","0","0","0","0","0","0","0","0","0","0","0","0","0","0","0","0","0","0","0","0","0","0","0","0","0"
"00000224","광주남초교","00000027","지원52","20221003","0","1","0","1","0","1","0","1","0","0","0","0","0","0","0","0","0","0","0","0","0","0","0","0","0","0","0","0","0","0","0","0","0","0","0","0","0","0","0","0","0","0","0","0","0","0","0","0"
"00000224","광주남초교","00000047","봉선76","20221003","1","0","0","0","1","0","0","0","0","0","0","0","0","0","0","0","0","0","1","0","0","0","1","0","0","0","0","0","0","0","0","0","0","0","0","0","0","0","0","0","0","0","0","0","0","0","0","0"
"00000224","광주남초교","00000071","228(구151화순사평)","20221003","1","0","0","0","1","0","0","0","0","0","0","0","0","0","0","0","1","0","0","0","1","0","0","0","0","0","0","0","0","0","0","0","0","0","0","0","0","0","0","0","0","0","0","0","0","0","0","0"
"00000224","광주남초교","00000072","지원152(능주역)","20221003","0","0","0","0","0","0","0","0","0","0","0","0","0","0","0","0","0","0","0","0","0","0","0","0","0","0","0","0","0","0","0","0","0","0","0","0","0","0","0","0","0","0","0","0","0","0","0","0"
"00000224","광주남초교","00000122","228(화순전대병원)","20221003","0","3","0","3","0","3","0","3","0","0","0","0","0","0","0","0","0","0","1","0","0","0","1","0","0","0","0","0","0","0","0","0","0","0","0","0","0","0","0","0","0","0","0","0","0","0","0","0"
"00000224","광주남초교","00000123","지원152(도웅리)","20221003","0","1","0","1","0","1","0","1","0","0","0","0","0","0","0","0","0","0","0","0","0","0","0","0","0","0","0","0","0","0","0","0","0","0","0","0","0","0","0","0","0","0","0","0","0","0","0","0"
"00000225","광주남초교","00000006","지원15","20221003","0","1","0","1","0","1","0","1","0","0","0","0","0","0","0","0","3","1","2","1","3","1","2","1","0","0","0","0","0","0","0","0","0","0","0","0","0","0","0","0","0","0","0","0","0","0","0","0"
"00000225","광주남초교","00000012","지원25","20221003","0","0","0","0","0","0","0","0","0","0","0","0","0","0","0","0","0","0","4","0","0","0","4","0","0","0","0","0","0","0","0","0","0","0","0","0","0","0","0","0","0","0","0","0","0","0","0","0"
"00000225","광주남초교","00000023","지원45","20221003","0","2","0","2","0","1","0","1","0","0","0","0","0","1","0","1","1","2","2","2","1","2","1","2","0","0","0","0","0","0","1","0","0","0","0","0","0","0","0","0","0","0","0","0","0","0","0","0"
"00000225","광주남초교","00000027","지원52","20221003","0","0","0","0","0","0","0","0","0","0","0","0","0","0","0","0","0","0","0","0","0","0","0","0","0","0","0","0","0","0","0","0","0","0","0","0","0","0","0","0","0","0","0","0","0","0","0","0"
"00000225","광주남초교","00000047","봉선76","20221003","0","0","0","0","0","0","0","0","0","0","0","0","0","0","0","0","0","0","0","0","0","0","0","0","0","0","0","0","0","0","0","0","0","0","0","0","0","0","0","0","0","0","0","0","0","0","0","0"
"00000225","광주남초교","00000071","228(구151화순사평)","20221003","0","0","0","0","0","0","0","0","0","0","0","0","0","0","0","0","0","0","0","0","0","0","0","0","0","0","0","0","0","0","0","0","0","0","0","0","0","0","0","0","0","0","0","0","0","0","0","0"
"00000225","광주남초교","00000072","지원152(능주역)","20221003","0","0","1","0","0","0","1","0","0","0","0","0","0","0","0","0","0","0","2","0","0","0","2","0","0","0","0","0","0","0","0","0","0","0","0","0","0","0","0","0","0","0","0","0","0","0","0","0"
"00000225","광주남초교","00000122","228(화순전대병원)","20221003","0","0","0","0","0","0","0","0","0","0","0","0","0","0","0","0","0","0","1","0","0","0","1","0","0","0","0","0","0","0","0","0","0","0","0","0","0","0","0","0","0","0","0","0","0","0","0","0"
"00000225","광주남초교","00000123","지원152(도웅리)","20221003","0","0","0","0","0","0","0","0","0","0","0","0","0","0","0","0","0","0","0","0","0","0","0","0","0","0","0","0","0","0","0","0","0","0","0","0","0","0","0","0","0","0","0","0","0","0","0","0"
"00000226","내남","00000027","지원52","20221003","1","1","0","1","1","1","0","1","0","0","0","0","0","0","0","0","0","0","0","0","0","0","0","0","0","0","0","0","0","0","0","0","0","0","0","0","0","0","0","0","0","0","0","0","0","0","0","0"
"00000227","내등","00000084","임곡290","20221003","0","0","2","0","0","0","2","0","0","0","0","0","0","0","0","0","0","0","0","0","0","0","0","0","0","0","0","0","0","0","0","0","0","0","0","0","0","0","0","0","0","0","0","0","0","0","0","0"
"00000228","육판리","00000027","지원52","20221003","0","0","0","0","0","0","0","0","0","0","0","0","0","0","0","0","0","0","0","0","0","0","0","0","0","0","0","0","0","0","0","0","0","1","0","1","0","1","0","1","0","0","0","0","0","0","0","0"
"00000228","육판리","00000072","지원152(능주역)","20221003","1","0","0","0","1","0","0","0","0","0","0","0","0","0","0","0","0","0","0","0","0","0","0","0","0","0","0","0","0","0","0","0","1","0","0","0","1","0","0","0","0","0","0","0","0","0","0","0"
"00000228","육판리","00000122","228(화순전대병원)","20221003","0","0","0","0","0","0","0","0","0","0","0","0","0","0","0","0","1","0","0","0","1","0","0","0","0","0","0","0","0","0","0","0","0","0","0","0","0","0","0","0","0","0","0","0","0","0","0","0"
"00000228","육판리","00000123","지원152(도웅리)","20221003","0","0","0","0","0","0","0","0","0","0","0","0","0","0","0","0","0","0","1","0","0","0","1","0","0","0","0","0","0","0","0","0","1","0","0","0","1","0","0","0","0","0","0","0","0","0","0","0"
"00000229","육판리","00000027","지원52","20221003","4","0","1","0","4","0","1","0","0","0","0","0","0","0","0","0","0","0","0","0","0","0","0","0","0","0","0","0","0","0","0","0","0","0","0","0","0","0","0","0","0","0","0","0","0","0","0","0"
"00000229","육판리","00000071","228(구151화순사평)","20221003","8","0","0","0","8","0","0","0","0","0","0","0","0","0","0","0","0","0","0","0","0","0","0","0","0","0","0","0","0","0","0","0","0","0","0","0","0","0","0","0","0","0","0","0","0","0","0","0"
"00000229","육판리","00000072","지원152(능주역)","20221003","0","1","0","1","0","1","0","1","0","0","0","0","0","0","0","0","0","0","0","0","0","0","0","0","0","0","0","0","0","0","0","0","0","0","0","0","0","0","0","0","0","0","0","0","0","0","0","0"
"00000229","육판리","00000122","228(화순전대병원)","20221003","0","3","4","3","0","3","3","3","0","0","0","0","0","0","1","0","0","0","0","0","0","0","0","0","0","0","0","0","0","0","0","0","0","0","1","0","0","0","1","0","0","0","0","0","0","0","0","0"
"00000229","육판리","00000123","지원152(도웅리)","20221003","0","0","2","0","0","0","2","0","0","0","0","0","0","0","0","0","0","0","0","0","0","0","0","0","0","0","0","0","0","0","0","0","0","0","0","0","0","0","0","0","0","0","0","0","0","0","0","0"
"00000230","생룡","00000006","지원15","20221003","0","0","0","0","0","0","0","0","0","0","0","0","0","0","0","0","0","1","0","1","0","1","0","1","0","0","0","0","0","0","0","0","0","0","0","0","0","0","0","0","0","0","0","0","0","0","0","0"
"00000230","생룡","00000013","매월26","20221003","0","0","0","0","0","0","0","0","0","0","0","0","0","0","0","0","0","0","0","0","0","0","0","0","0","0","0","0","0","0","0","0","0","0","0","0","0","0","0","0","0","0","0","0","0","0","0","0"
"00000230","생룡","00000032","금남57","20221003","1","1","1","1","1","0","1","0","0","1","0","1","0","0","0","0","0","0","0","0","0","0","0","0","0","0","0","0","0","0","0","0","0","0","0","0","0","0","0","0","0","0","0","0","0","0","0","0"
"00000230","생룡","00000077","용전184","20221003","0","0","1","0","0","0","1","0","0","0","0","0","0","0","0","0","1","0","0","0","1","0","0","0","0","0","0","0","0","0","0","0","0","0","0","0","0","0","0","0","0","0","0","0","0","0","0","0"
"00000230","생룡","00000214","마을799","20221003","0","0","1","0","0","0","1","0","0","0","0","0","0","0","0","0","0","0","0","0","0","0","0","0","0","0","0","0","0","0","0","0","0","0","0","0","0","0","0","0","0","0","0","0","0","0","0","0"
"00000231","넘은골","00000071","228(구151화순사평)","20221003","0","0","0","0","0","0","0","0","0","0","0","0","0","0","0","0","0","0","0","0","0","0","0","0","0","0","0","0","0","0","0","0","0","0","0","0","0","0","0","0","0","0","0","0","0","0","0","0"
"00000233","노대","00000048","진월77","20221003","1","3","0","3","1","3","0","3","0","0","0","0","0","0","0","0","0","0","0","0","0","0","0","0","0","0","0","0","0","0","0","0","0","0","0","0","0","0","0","0","0","0","0","0","0","0","0","0"
"00000233","노대","00000074","진월177","20221003","0","1","3","1","0","1","3","1","0","0","0","0","0","0","0","0","1","4","1","4","1","4","0","4","0","0","0","0","0","0","1","0","0","0","0","0","0","0","0","0","0","0","0","0","0","0","0","0"
"00000234","녹동","00000006","지원15","20221003","0","0","0","0","0","0","0","0","0","0","0","0","0","0","0","0","1","0","0","0","1","0","0","0","0","0","0","0","0","0","0","0","0","0","0","0","0","0","0","0","0","0","0","0","0","0","0","0"
"00000234","녹동","00000012","지원25","20221003","0","0","0","0","0","0","0","0","0","0","0","0","0","0","0","0","0","1","1","1","0","1","1","1","0","0","0","0","0","0","0","0","0","0","0","0","0","0","0","0","0","0","0","0","0","0","0","0"
"00000234","녹동","00000019","봉선37","20221003","0","0","0","0","0","0","0","0","0","0","0","0","0","0","0","0","1","1","2","1","1","1","2","1","0","0","0","0","0","0","0","0","0","0","0","0","0","0","0","0","0","0","0","0","0","0","0","0"
"00000234","녹동","00000023","지원45","20221003","0","0","0","0","0","0","0","0","0","0","0","0","0","0","0","0","1","0","2","0","1","0","2","0","0","0","0","0","0","0","0","0","0","0","0","0","0","0","0","0","0","0","0","0","0","0","0","0"
"00000234","녹동","00000027","지원52","20221003","0","0","0","0","0","0","0","0","0","0","0","0","0","0","0","0","0","0","0","0","0","0","0","0","0","0","0","0","0","0","0","0","0","0","0","0","0","0","0","0","0","0","0","0","0","0","0","0"
"00000234","녹동","00000071","228(구151화순사평)","20221003","0","0","0","0","0","0","0","0","0","0","0","0","0","0","0","0","0","0","0","0","0","0","0","0","0","0","0","0","0","0","0","0","0","0","0","0","0","0","0","0","0","0","0","0","0","0","0","0"
"00000234","녹동","00000119","지원56","20221003","0","0","0","0","0","0","0","0","0","0","0","0","0","0","0","0","0","2","3","2","0","1","0","1","0","0","0","0","0","1","3","1","0","0","0","0","0","0","0","0","0","0","0","0","0","0","0","0"
"00000234","녹동","00000122","228(화순전대병원)","20221003","0","1","0","1","0","1","0","1","0","0","0","0","0","0","0","0","0","0","1","0","0","0","1","0","0","0","0","0","0","0","0","0","0","0","0","0","0","0","0","0","0","0","0","0","0","0","0","0"
"00000234","녹동","00000123","지원152(도웅리)","20221003","0","0","0","0","0","0","0","0","0","0","0","0","0","0","0","0","0","0","0","0","0","0","0","0","0","0","0","0","0","0","0","0","0","1","0","1","0","1","0","1","0","0","0","0","0","0","0","0"
"00000238","동면농공단지","00000071","228(구151화순사평)","20221003","0","0","0","0","0","0","0","0","0","0","0","0","0","0","0","0","0","0","0","0","0","0","0","0","0","0","0","0","0","0","0","0","0","0","0","0","0","0","0","0","0","0","0","0","0","0","0","0"
"00000240","유창허니문","00000031","419","20221003","0","2","3","2","0","2","3","2","0","0","0","0","0","0","0","0","0","0","0","0","0","0","0","0","0","0","0","0","0","0","0","0","0","0","0","0","0","0","0","0","0","0","0","0","0","0","0","0"
"00000240","유창허니문","00000054","용봉83","20221003","4","0","6","0","4","0","5","0","0","0","0","0","0","0","1","0","0","0","0","0","0","0","0","0","0","0","0","0","0","0","0","0","0","0","0","0","0","0","0","0","0","0","0","0","0","0","0","0"
"00000241","유창허니문","00000031","419","20221003","0","0","0","0","0","0","0","0","0","0","0","0","0","0","0","0","0","0","1","0","0","0","1","0","0","0","0","0","0","0","0","0","0","0","0","0","0","0","0","0","0","0","0","0","0","0","0","0"
"00000242","그린파크","00000027","지원52","20221003","0","3","0","3","0","3","0","3","0","0","0","0","0","0","0","0","0","0","0","0","0","0","0","0","0","0","0","0","0","0","0","0","0","0","0","0","0","0","0","0","0","0","0","0","0","0","0","0"
"00000242","그린파크","00000087","1187","20221003","0","1","0","1","0","1","0","1","0","0","0","0","0","0","0","0","0","1","1","1","0","1","1","1","0","0","0","0","0","0","0","0","0","0","0","0","0","0","0","0","0","0","0","0","0","0","0","0"
"00000243","농성1동주민센터","00000017","첨단30","20221003","3","2","1","2","3","2","1","2","0","0","0","0","0","0","0","0","0","0","3","0","0","0","3","0","0","0","0","0","0","0","0","0","0","0","0","0","0","0","0","0","0","0","0","0","0","0","0","0"
"00000243","농성1동주민센터","00000040","대촌69","20221003","0","0","1","0","0","0","1","0","0","0","0","0","0","0","0","0","0","0","0","0","0","0","0","0","0","0","0","0","0","0","0","0","0","0","0","0","0","0","0","0","0","0","0","0","0","0","0","0"
"00000243","농성1동주민센터","00000059","임곡89","20221003","0","0","1","0","0","0","1","0","0","0","0","0","0","0","0","0","0","0","0","0","0","0","0","0","0","0","0","0","0","0","0","0","0","0","0","0","0","0","0","0","0","0","0","0","0","0","0","0"
"00000243","농성1동주민센터","00000101","송암31","20221003","1","2","0","2","1","1","0","1","0","0","0","0","0","1","0","1","1","0","0","0","1","0","0","0","0","0","0","0","0","0","0","0","0","0","1","0","0","0","1","0","0","0","0","0","0","0","0","0"
"00000243","농성1동주민센터","00000119","지원56","20221003","2","0","1","0","2","0","1","0","0","0","0","0","0","0","0","0","0","0","0","0","0","0","0","0","0","0","0","0","0","0","0","0","0","0","0","0","0","0","0","0","0","0","0","0","0","0","0","0"
"00000244","농성파출소","00000034","금남59","20221003","1","3","4","3","1","2","4","2","0","0","0","0","0","1","0","1","2","4","0","4","2","4","0","4","0","0","0","0","0","0","0","0","0","0","0","0","0","0","0","0","0","0","0","0","0","0","0","0"
"00000244","농성파출소","00000035","매월61(칠석)","20221003","2","2","0","2","2","2","0","2","0","0","0","0","0","0","0","0","3","0","0","0","3","0","0","0","0","0","0","0","0","0","0","0","0","0","0","0","0","0","0","0","0","0","0","0","0","0","0","0"
"00000244","농성파출소","00000087","1187","20221003","2","2","3","2","2","2","2","2","0","0","0","0","0","0","1","0","1","1","0","1","1","1","0","1","0","0","0","0","0","0","0","0","2","2","0","2","2","2","0","2","0","0","0","0","0","0","0","0"
"00000244","농성파출소","00000091","송암74","20221003","1","3","2","3","1","2","2","2","0","1","0","1","0","0","0","0","9","6","3","6","9","6","3","6","0","0","0","0","0","0","0","0","0","0","0","0","0","0","0","0","0","0","0","0","0","0","0","0"
"00000245","농성파출소","00000034","금남59","20221003","4","1","2","1","4","1","2","1","0","0","0","0","0","0","0","0","0","1","2","1","0","1","2","1","0","0","0","0","0","0","0","0","2","0","1","0","2","0","0","0","0","0","0","0","0","0","1","0"
"00000245","농성파출소","00000035","매월61(칠석)","20221003","4","2","2","2","4","1","2","1","0","0","0","0","0","1","0","1","0","0","0","0","0","0","0","0","0","0","0","0","0","0","0","0","1","0","0","0","1","0","0","0","0","0","0","0","0","0","0","0"
"00000245","농성파출소","00000091","송암74","20221003","0","3","1","3","0","2","1","2","0","0","0","0","0","1","0","1","0","2","0","2","0","2","0","2","0","0","0","0","0","0","0","0","0","1","1","1","0","1","1","1","0","0","0","0","0","0","0","0"
"00000250","한국농어촌공사","00000007","매월16","20221003","2","0","0","0","2","0","0","0","0","0","0","0","0","0","0","0","1","0","0","0","1","0","0","0","0","0","0","0","0","0","0","0","0","0","0","0","0","0","0","0","0","0","0","0","0","0","0","0"
"00000250","한국농어촌공사","00000010","송정19","20221003","2","4","2","4","2","4","2","4","0","0","0","0","0","0","0","0","0","0","1","0","0","0","1","0","0","0","0","0","0","0","0","0","0","0","0","0","0","0","0","0","0","0","0","0","0","0","0","0"
"00000250","한국농어촌공사","00000040","대촌69","20221003","0","0","0","0","0","0","0","0","0","0","0","0","0","0","0","0","0","0","0","0","0","0","0","0","0","0","0","0","0","0","0","0","0","0","0","0","0","0","0","0","0","0","0","0","0","0","0","0"
"00000250","한국농어촌공사","00000043","송암72","20221003","3","0","1","0","3","0","1","0","0","0","0","0","0","0","0","0","0","0","0","0","0","0","0","0","0","0","0","0","0","0","0","0","0","0","0","0","0","0","0","0","0","0","0","0","0","0","0","0"
"00000252","건국동행정복지센터","00000032","금남57","20221003","0","0","2","0","0","0","2","0","0","0","0","0","0","0","0","0","0","0","0","0","0","0","0","0","0","0","0","0","0","0","0","0","0","0","0","0","0","0","0","0","0","0","0","0","0","0","0","0"
"00000252","건국동행정복지센터","00000065","첨단95","20221003","0","0","0","0","0","0","0","0","0","0","0","0","0","0","0","0","0","0","0","0","0","0","0","0","0","0","0","0","0","0","0","0","0","0","0","0","0","0","0","0","0","0","0","0","0","0","0","0"
"00000252","건국동행정복지센터","00000120","양산60","20221003","0","0","0","0","0","0","0","0","0","0","0","0","0","0","0","0","0","1","0","1","0","1","0","1","0","0","0","0","0","0","0","0","0","0","0","0","0","0","0","0","0","0","0","0","0","0","0","0"
"00000253","농장다리","00000087","1187","20221003","0","4","1","4","0","4","1","4","0","0","0","0","0","0","0","0","0","0","0","0","0","0","0","0","0","0","0","0","0","0","0","0","0","0","0","0","0","0","0","0","0","0","0","0","0","0","0","0"
"00000253","농장다리","00000091","송암74","20221003","6","4","6","4","5","4","3","4","0","0","0","0","1","0","3","0","0","0","1","0","0","0","1","0","0","0","0","0","0","0","0","0","0","0","0","0","0","0","0","0","0","0","0","0","0","0","0","0"
"00000253","농장다리","00000097","1187-1","20221003","0","0","0","0","0","0","0","0","0","0","0","0","0","0","0","0","0","1","0","1","0","1","0","1","0","0","0","0","0","0","0","0","0","0","0","0","0","0","0","0","0","0","0","0","0","0","0","0"
"00000253","농장다리","00000106","두암81(무등파크)","20221003","0","0","1","0","0","0","1","0","0","0","0","0","0","0","0","0","0","0","0","0","0","0","0","0","0","0","0","0","0","0","0","0","0","0","0","0","0","0","0","0","0","0","0","0","0","0","0","0"
"00000253","농장다리","00000130","두암81","20221003","1","0","1","0","1","0","1","0","0","0","0","0","0","0","0","0","0","0","0","0","0","0","0","0","0","0","0","0","0","0","0","0","0","0","0","0","0","0","0","0","0","0","0","0","0","0","0","0"
"00000253","농장다리","00000208","마을715(대촌)","20221003","0","0","0","0","0","0","0","0","0","0","0","0","0","0","0","0","0","0","0","0","0","0","0","0","0","0","0","0","0","0","0","0","0","0","0","0","0","0","0","0","0","0","0","0","0","0","0","0"
"00000254","농장다리","00000052","두암81(각화초교)","20221003","0","4","1","4","0","4","1","4","0","0","0","0","0","0","0","0","0","0","0","0","0","0","0","0","0","0","0","0","0","0","0","0","0","0","0","0","0","0","0","0","0","0","0","0","0","0","0","0"
"00000254","농장다리","00000087","1187","20221003","0","0","0","0","0","0","0","0","0","0","0","0","0","0","0","0","1","0","2","0","1","0","2","0","0","0","0","0","0","0","0","0","0","0","0","0","0","0","0","0","0","0","0","0","0","0","0","0"
"00000254","농장다리","00000091","송암74","20221003","0","3","1","3","0","3","1","3","0","0","0","0","0","0","0","0","0","0","2","0","0","0","2","0","0","0","0","0","0","0","0","0","0","0","0","0","0","0","0","0","0","0","0","0","0","0","0","0"
"00000254","농장다리","00000097","1187-1","20221003","2","0","0","0","2","0","0","0","0","0","0","0","0","0","0","0","0","0","0","0","0","0","0","0","0","0","0","0","0","0","0","0","0","0","0","0","0","0","0","0","0","0","0","0","0","0","0","0"
"00000254","농장다리","00000129","두암81(장등동)","20221003","0","2","2","2","0","2","2","2","0","0","0","0","0","0","0","0","0","0","0","0","0","0","0","0","0","0","0","0","0","0","0","0","0","0","0","0","0","0","0","0","0","0","0","0","0","0","0","0"
"00000254","농장다리","00000208","마을715(대촌)","20221003","0","0","1","0","0","0","1","0","0","0","0","0","0","0","0","0","0","0","1","0","0","0","1","0","0","0","0","0","0","0","0","0","0","0","0","0","0","0","0","0","0","0","0","0","0","0","0","0"
"00000255","패밀리농장","00000082","송정197","20221003","0","0","0","0","0","0","0","0","0","0","0","0","0","0","0","0","0","0","0","0","0","0","0","0","0","0","0","0","0","0","0","0","0","0","0","0","0","0","0","0","0","0","0","0","0","0","0","0"
"00000256","신덕마을","00000066","송정96","20221003","0","0","0","0","0","0","0","0","0","0","0","0","0","0","0","0","0","0","0","0","0","0","0","0","0","0","0","0","0","0","0","0","0","0","0","0","0","0","0","0","0","0","0","0","0","0","0","0"
"00000257","신덕마을","00000066","송정96","20221003","0","0","0","0","0","0","0","0","0","0","0","0","0","0","0","0","1","4","2","4","1","4","2","4","0","0","0","0","0","0","0","0","0","0","0","0","0","0","0","0","0","0","0","0","0","0","0","0"
"00000257","신덕마을","00000093","송정97","20221003","0","0","0","0","0","0","0","0","0","0","0","0","0","0","0","0","1","0","0","0","1","0","0","0","0","0","0","0","0","0","0","0","0","0","0","0","0","0","0","0","0","0","0","0","0","0","0","0"
"00000258","장덕농협","00000062","첨단92","20221003","0","1","0","1","0","1","0","1","0","0","0","0","0","0","0","0","0","0","0","0","0","0","0","0","0","0","0","0","0","0","0","0","0","0","0","0","0","0","0","0","0","0","0","0","0","0","0","0"
"00000260","비엔날레전시관입구","00000054","용봉83","20221003","0","0","0","0","0","0","0","0","0","0","0","0","0","0","0","0","0","0","0","0","0","0","0","0","0","0","0","0","0","0","0","0","0","0","0","0","0","0","0","0","0","0","0","0","0","0","0","0"
"00000260","비엔날레전시관입구","00000211","마을777(우치공원)","20221003","8","6","3","6","7","3","3","3","1","0","0","0","0","3","0","3","1","0","3","0","1","0","2","0","0","0","0","0","0","0","1","0","0","0","0","0","0","0","0","0","0","0","0","0","0","0","0","0"
"00000261","장덕농협","00000064","첨단94","20221003","0","0","0","0","0","0","0","0","0","0","0","0","0","0","0","0","0","0","1","0","0","0","1","0","0","0","0","0","0","0","0","0","0","0","0","0","0","0","0","0","0","0","0","0","0","0","0","0"
"00000262","능주고","00000072","지원152(능주역)","20221003","0","0","0","0","0","0","0","0","0","0","0","0","0","0","0","0","0","0","0","0","0","0","0","0","0","0","0","0","0","0","0","0","0","0","0","0","0","0","0","0","0","0","0","0","0","0","0","0"
"00000265","능주사거리","00000072","지원152(능주역)","20221003","0","0","0","0","0","0","0","0","0","0","0","0","0","0","0","0","0","0","0","0","0","0","0","0","0","0","0","0","0","0","0","0","0","0","0","0","0","0","0","0","0","0","0","0","0","0","0","0"
"00000273","다지2구","00000071","228(구151화순사평)","20221003","1","0","0","0","0","0","0","0","0","0","0","0","1","0","0","0","0","0","0","0","0","0","0","0","0","0","0","0","0","0","0","0","0","0","0","0","0","0","0","0","0","0","0","0","0","0","0","0"
"00000274","한국단자공업","00000062","첨단92","20221003","0","0","0","0","0","0","0","0","0","0","0","0","0","0","0","0","1","0","0","0","1","0","0","0","0","0","0","0","0","0","0","0","0","0","0","0","0","0","0","0","0","0","0","0","0","0","0","0"
"00000277","대광여고","00000004","진월07","20221003","1","2","1","2","1","1","1","1","0","0","0","0","0","1","0","1","1","8","25","8","1","6","21","6","0","0","0","0","0","2","4","2","2","0","1","0","2","0","1","0","0","0","0","0","0","0","0","0"
"00000277","대광여고","00000008","진월17","20221003","4","3","3","3","4","3","3","3","0","0","0","0","0","0","0","0","3","3","1","3","3","3","1","3","0","0","0","0","0","0","0","0","1","0","1","0","1","0","1","0","0","0","0","0","0","0","0","0"
"00000277","대광여고","00000015","일곡28","20221003","5","3","2","3","5","1","2","1","0","2","0","2","0","0","0","0","1","4","1","4","1","4","1","4","0","0","0","0","0","0","0","0","0","0","1","0","0","0","1","0","0","0","0","0","0","0","0","0"
"00000277","대광여고","00000041","대촌70","20221003","1","1","5","1","1","1","4","1","0","0","0","0","0","0","1","0","0","2","1","2","0","2","1","2","0","0","0","0","0","0","0","0","0","0","4","0","0","0","3","0","0","0","1","0","0","0","0","0"
"00000277","대광여고","00000044","송암73","20221003","2","3","1","3","2","3","1","3","0","0","0","0","0","0","0","0","1","5","3","5","1","4","3","4","0","0","0","0","0","1","0","1","0","0","0","0","0","0","0","0","0","0","0","0","0","0","0","0"
"00000277","대광여고","00000048","진월77","20221003","1","2","0","2","1","2","0","2","0","0","0","0","0","0","0","0","0","3","0","3","0","3","0","3","0","0","0","0","0","0","0","0","0","2","2","2","0","1","1","1","0","0","0","0","0","1","1","1"
"00000277","대광여고","00000049","진월78","20221003","0","0","0","0","0","0","0","0","0","0","0","0","0","0","0","0","0","1","1","1","0","0","1","0","0","1","0","1","0","0","0","0","0","0","0","0","0","0","0","0","0","0","0","0","0","0","0","0"
"00000277","대광여고","00000050","진월79","20221003","0","1","2","1","0","1","1","1","0","0","0","0","0","0","1","0","0","1","3","1","0","1","3","1","0","0","0","0","0","0","0","0","0","0","3","0","0","0","3","0","0","0","0","0","0","0","0","0"
"00000277","대광여고","00000065","첨단95","20221003","1","4","8","4","1","3","5","3","0","1","0","1","0","0","3","0","0","8","5","8","0","7","4","7","0","0","0","0","0","1","1","1","1","1","1","1","1","1","1","1","0","0","0","0","0","0","0","0"
"00000277","대광여고","00000069","송정99","20221003","0","0","0","0","0","0","0","0","0","0","0","0","0","0","0","0","0","0","0","0","0","0","0","0","0","0","0","0","0","0","0","0","0","0","0","0","0","0","0","0","0","0","0","0","0","0","0","0"
"00000277","대광여고","00000073","대촌170","20221003","5","0","2","0","5","0","2","0","0","0","0","0","0","0","0","0","0","0","0","0","0","0","0","0","0","0","0","0","0","0","0","0","0","0","1","0","0","0","0","0","0","0","0","0","0","0","1","0"
"00000277","대광여고","00000074","진월177","20221003","2","2","1","2","2","2","1","2","0","0","0","0","0","0","0","0","0","0","0","0","0","0","0","0","0","0","0","0","0","0","0","0","2","0","0","0","2","0","0","0","0","0","0","0","0","0","0","0"
"00000277","대광여고","00000100","진월75","20221003","0","9","3","9","0","6","3","6","0","2","0","2","0","1","0","1","2","1","1","1","2","1","1","1","0","0","0","0","0","0","0","0","1","4","3","4","1","3","3","3","0","0","0","0","0","1","0","1"
"00000277","대광여고","00000101","송암31","20221003","3","0","0","0","1","0","0","0","0","0","0","0","2","0","0","0","2","1","3","1","2","1","2","1","0","0","0","0","0","0","1","0","0","0","0","0","0","0","0","0","0","0","0","0","0","0","0","0"
"00000277","대광여고","00000114","수완03","20221003","6","9","12","9","6","7","11","7","0","0","0","0","0","2","1","2","5","4","6","4","5","4","5","4","0","0","0","0","0","0","1","0","7","4","13","4","6","4","13","4","0","0","0","0","1","0","0","0"
"00000277","대광여고","00000208","마을715(대촌)","20221003","0","1","0","1","0","1","0","1","0","0","0","0","0","0","0","0","0","0","0","0","0","0","0","0","0","0","0","0","0","0","0","0","0","1","1","1","0","1","1","1","0","0","0","0","0","0","0","0"
"00000278","대광여고","00000004","진월07","20221003","31","59","40","59","30","55","35","55","0","3","0","3","1","1","5","1","5","2","1","2","5","1","1","1","0","0","0","0","0","1","0","1","5","8","7","8","5","7","6","7","0","1","0","1","0","0","1","0"
"00000278","대광여고","00000008","진월17","20221003","21","15","17","15","21","15","17","15","0","0","0","0","0","0","0","0","2","2","4","2","1","1","4","1","0","1","0","1","1","0","0","0","4","1","4","1","3","1","4","1","0","0","0","0","1","0","0","0"
"00000278","대광여고","00000015","일곡28","20221003","17","9","23","9","14","7","16","7","1","1","0","1","2","1","7","1","2","1","1","1","2","1","1","1","0","0","0","0","0","0","0","0","1","5","5","5","1","4","5","4","0","0","0","0","0","1","0","1"
"00000278","대광여고","00000041","대촌70","20221003","4","1","0","1","4","1","0","1","0","0","0","0","0","0","0","0","2","2","4","2","1","2","4","2","0","0","0","0","1","0","0","0","0","0","1","0","0","0","1","0","0","0","0","0","0","0","0","0"
"00000278","대광여고","00000044","송암73","20221003","7","3","14","3","7","3","10","3","0","0","0","0","0","0","4","0","1","1","0","1","1","1","0","1","0","0","0","0","0","0","0","0","3","2","5","2","3","2","5","2","0","0","0","0","0","0","0","0"
"00000278","대광여고","00000048","진월77","20221003","1","0","1","0","1","0","1","0","0","0","0","0","0","0","0","0","0","0","0","0","0","0","0","0","0","0","0","0","0","0","0","0","0","1","0","1","0","1","0","1","0","0","0","0","0","0","0","0"
"00000278","대광여고","00000049","진월78","20221003","0","0","0","0","0","0","0","0","0","0","0","0","0","0","0","0","0","0","0","0","0","0","0","0","0","0","0","0","0","0","0","0","0","0","0","0","0","0","0","0","0","0","0","0","0","0","0","0"
"00000278","대광여고","00000050","진월79","20221003","13","11","4","11","13","9","3","9","0","1","0","1","0","1","1","1","3","0","2","0","3","0","2","0","0","0","0","0","0","0","0","0","2","1","0","1","2","1","0","1","0","0","0","0","0","0","0","0"
"00000278","대광여고","00000065","첨단95","20221003","9","4","6","4","9","4","6","4","0","0","0","0","0","0","0","0","1","1","2","1","1","1","2","1","0","0","0","0","0","0","0","0","1","0","1","0","1","0","1","0","0","0","0","0","0","0","0","0"
"00000278","대광여고","00000073","대촌170","20221003","1","4","0","4","1","4","0","4","0","0","0","0","0","0","0","0","0","0","2","0","0","0","1","0","0","0","0","0","0","0","1","0","0","0","0","0","0","0","0","0","0","0","0","0","0","0","0","0"
"00000278","대광여고","00000074","진월177","20221003","0","2","1","2","0","2","1","2","0","0","0","0","0","0","0","0","0","1","4","1","0","1","4","1","0","0","0","0","0","0","0","0","0","0","0","0","0","0","0","0","0","0","0","0","0","0","0","0"
"00000278","대광여고","00000100","진월75","20221003","0","2","3","2","0","1","3","1","0","0","0","0","0","1","0","1","1","1","1","1","1","1","1","1","0","0","0","0","0","0","0","0","0","0","2","0","0","0","1","0","0","0","0","0","0","0","1","0"
"00000278","대광여고","00000101","송암31","20221003","6","4","5","4","6","4","5","4","0","0","0","0","0","0","0","0","1","0","2","0","1","0","2","0","0","0","0","0","0","0","0","0","2","0","1","0","2","0","1","0","0","0","0","0","0","0","0","0"
"00000278","대광여고","00000114","수완03","20221003","17","16","21","16","17","16","21","16","0","0","0","0","0","0","0","0","6","13","9","13","6","13","8","13","0","0","0","0","0","0","1","0","2","0","0","0","1","0","0","0","0","0","0","0","1","0","0","0"
"00000278","대광여고","00000208","마을715(대촌)","20221003","1","1","2","1","1","1","2","1","0","0","0","0","0","0","0","0","1","2","1","2","0","2","1","2","0","0","0","0","1","0","0","0","0","1","0","1","0","1","0","1","0","0","0","0","0","0","0","0"
"00000279","송정대덕아파트","00000023","지원45","20221003","4","27","11","27","4","23","10","23","0","1","1","1","0","3","0","3","0","0","1","0","0","0","1","0","0","0","0","0","0","0","0","0","1","0","2","0","1","0","1","0","0","0","0","0","0","0","1","0"
"00000279","송정대덕아파트","00000044","송암73","20221003","10","18","13","18","10","17","13","17","0","0","0","0","0","1","0","1","0","0","1","0","0","0","1","0","0","0","0","0","0","0","0","0","0","2","0","2","0","2","0","2","0","0","0","0","0","0","0","0"
"00000279","송정대덕아파트","00000066","송정96","20221003","0","0","1","0","0","0","1","0","0","0","0","0","0","0","0","0","0","0","0","0","0","0","0","0","0","0","0","0","0","0","0","0","0","0","0","0","0","0","0","0","0","0","0","0","0","0","0","0"
"00000279","송정대덕아파트","00000092","첨단40","20221003","4","19","1","19","4","19","1","19","0","0","0","0","0","0","0","0","1","2","1","2","1","1","1","1","0","0","0","0","0","1","0","1","0","0","0","0","0","0","0","0","0","0","0","0","0","0","0","0"
"00000279","송정대덕아파트","00000125","선운101","20221003","4","20","6","20","4","20","6","20","0","0","0","0","0","0","0","0","0","0","0","0","0","0","0","0","0","0","0","0","0","0","0","0","1","0","0","0","1","0","0","0","0","0","0","0","0","0","0","0"
"00000279","송정대덕아파트","00000203","마을700","20221003","7","18","7","18","7","17","5","17","0","0","0","0","0","1","2","1","0","2","0","2","0","2","0","2","0","0","0","0","0","0","0","0","0","0","0","0","0","0","0","0","0","0","0","0","0","0","0","0"
"00000280","대덕아파트","00000084","임곡290","20221003","0","2","0","2","0","2","0","2","0","0","0","0","0","0","0","0","0","0","0","0","0","0","0","0","0","0","0","0","0","0","0","0","0","0","0","0","0","0","0","0","0","0","0","0","0","0","0","0"
"00000281","대덕아파트","00000084","임곡290","20221003","0","0","0","0","0","0","0","0","0","0","0","0","0","0","0","0","0","0","0","0","0","0","0","0","0","0","0","0","0","0","0","0","0","0","0","0","0","0","0","0","0","0","0","0","0","0","0","0"
"00000282","호남삼육고입구","00000008","진월17","20221003","2","9","2","9","2","5","2","5","0","1","0","1","0","3","0","3","1","6","4","6","1","6","4","6","0","0","0","0","0","0","0","0","0","0","0","0","0","0","0","0","0","0","0","0","0","0","0","0"
"00000282","호남삼육고입구","00000015","일곡28","20221003","4","0","2","0","4","0","2","0","0","0","0","0","0","0","0","0","3","5","5","5","3","2","3","2","0","1","1","1","0","2","1","2","0","0","0","0","0","0","0","0","0","0","0","0","0","0","0","0"
"00000282","호남삼육고입구","00000041","대촌70","20221003","0","0","0","0","0","0","0","0","0","0","0","0","0","0","0","0","0","0","2","0","0","0","2","0","0","0","0","0","0","0","0","0","0","0","0","0","0","0","0","0","0","0","0","0","0","0","0","0"
"00000282","호남삼육고입구","00000044","송암73","20221003","2","3","4","3","1","3","4","3","0","0","0","0","1","0","0","0","0","1","1","1","0","1","1","1","0","0","0","0","0","0","0","0","0","0","0","0","0","0","0","0","0","0","0","0","0","0","0","0"
"00000282","호남삼육고입구","00000050","진월79","20221003","0","1","0","1","0","1","0","1","0","0","0","0","0","0","0","0","0","2","0","2","0","2","0","2","0","0","0","0","0","0","0","0","0","0","0","0","0","0","0","0","0","0","0","0","0","0","0","0"
"00000282","호남삼육고입구","00000065","첨단95","20221003","0","0","1","0","0","0","0","0","0","0","0","0","0","0","1","0","2","2","7","2","2","2","5","2","0","0","0","0","0","0","2","0","0","0","0","0","0","0","0","0","0","0","0","0","0","0","0","0"
"00000282","호남삼육고입구","00000073","대촌170","20221003","0","1","0","1","0","0","0","0","0","0","0","0","0","1","0","1","0","0","1","0","0","0","1","0","0","0","0","0","0","0","0","0","0","0","1","0","0","0","1","0","0","0","0","0","0","0","0","0"
"00000282","호남삼육고입구","00000074","진월177","20221003","2","1","0","1","2","1","0","1","0","0","0","0","0","0","0","0","0","0","0","0","0","0","0","0","0","0","0","0","0","0","0","0","0","0","0","0","0","0","0","0","0","0","0","0","0","0","0","0"
"00000282","호남삼육고입구","00000101","송암31","20221003","1","2","1","2","1","1","1","1","0","0","0","0","0","1","0","1","1","1","0","1","1","1","0","1","0","0","0","0","0","0","0","0","0","0","0","0","0","0","0","0","0","0","0","0","0","0","0","0"
"00000282","호남삼육고입구","00000208","마을715(대촌)","20221003","0","0","0","0","0","0","0","0","0","0","0","0","0","0","0","0","0","1","0","1","0","1","0","1","0","0","0","0","0","0","0","0","0","0","0","0","0","0","0","0","0","0","0","0","0","0","0","0"
"00000284","대반초교","00000019","봉선37","20221003","10","5","9","5","9","4","7","4","1","0","0","0","0","1","2","1","2","3","6","3","2","3","6","3","0","0","0","0","0","0","0","0","0","0","0","0","0","0","0","0","0","0","0","0","0","0","0","0"
"00000284","대반초교","00000092","첨단40","20221003","1","3","0","3","1","2","0","2","0","0","0","0","0","1","0","1","0","0","1","0","0","0","1","0","0","0","0","0","0","0","0","0","0","0","0","0","0","0","0","0","0","0","0","0","0","0","0","0"
"00000284","대반초교","00000203","마을700","20221003","6","2","0","2","6","2","0","2","0","0","0","0","0","0","0","0","1","2","0","2","1","2","0","2","0","0","0","0","0","0","0","0","0","0","0","0","0","0","0","0","0","0","0","0","0","0","0","0"
"00000285","대성사거리","00000003","매월06","20221003","7","1","4","1","7","1","4","1","0","0","0","0","0","0","0","0","2","0","4","0","2","0","4","0","0","0","0","0","0","0","0","0","0","3","0","3","0","3","0","3","0","0","0","0","0","0","0","0"
"00000285","대성사거리","00000004","진월07","20221003","9","7","9","7","9","7","8","7","0","0","1","0","0","0","0","0","0","3","1","3","0","3","1","3","0","0","0","0","0","0","0","0","1","1","2","1","0","1","2","1","0","0","0","0","1","0","0","0"
"00000285","대성사거리","00000023","지원45","20221003","3","1","8","1","3","1","7","1","0","0","0","0","0","0","1","0","1","0","0","0","1","0","0","0","0","0","0","0","0","0","0","0","0","1","4","1","0","1","4","1","0","0","0","0","0","0","0","0"
"00000285","대성사거리","00000041","대촌70","20221003","1","3","3","3","1","3","3","3","0","0","0","0","0","0","0","0","0","0","0","0","0","0","0","0","0","0","0","0","0","0","0","0","0","2","2","2","0","2","2","2","0","0","0","0","0","0","0","0"
"00000285","대성사거리","00000042","대촌71","20221003","1","0","0","0","1","0","0","0","0","0","0","0","0","0","0","0","0","0","0","0","0","0","0","0","0","0","0","0","0","0","0","0","0","0","0","0","0","0","0","0","0","0","0","0","0","0","0","0"
"00000285","대성사거리","00000050","진월79","20221003","3","2","0","2","3","2","0","2","0","0","0","0","0","0","0","0","0","1","1","1","0","1","1","1","0","0","0","0","0","0","0","0","1","0","0","0","1","0","0","0","0","0","0","0","0","0","0","0"
"00000285","대성사거리","00000069","송정99","20221003","0","0","0","0","0","0","0","0","0","0","0","0","0","0","0","0","0","0","0","0","0","0","0","0","0","0","0","0","0","0","0","0","0","0","0","0","0","0","0","0","0","0","0","0","0","0","0","0"
"00000285","대성사거리","00000073","대촌170","20221003","0","0","0","0","0","0","0","0","0","0","0","0","0","0","0","0","0","0","0","0","0","0","0","0","0","0","0","0","0","0","0","0","0","0","0","0","0","0","0","0","0","0","0","0","0","0","0","0"
"00000285","대성사거리","00000074","진월177","20221003","3","0","0","0","3","0","0","0","0","0","0","0","0","0","0","0","0","0","0","0","0","0","0","0","0","0","0","0","0","0","0","0","0","0","1","0","0","0","1","0","0","0","0","0","0","0","0","0"
"00000285","대성사거리","00000102","수완12","20221003","3","6","2","6","3","6","2","6","0","0","0","0","0","0","0","0","2","1","0","1","2","1","0","1","0","0","0","0","0","0","0","0","0","0","0","0","0","0","0","0","0","0","0","0","0","0","0","0"
"00000285","대성사거리","00000111","송암68","20221003","1","7","6","7","1","7","3","7","0","0","0","0","0","0","3","0","1","4","2","4","0","4","2","4","0","0","0","0","1","0","0","0","0","0","0","0","0","0","0","0","0","0","0","0","0","0","0","0"
"00000285","대성사거리","00000208","마을715(대촌)","20221003","2","1","4","1","2","1","4","1","0","0","0","0","0","0","0","0","0","0","1","0","0","0","1","0","0","0","0","0","0","0","0","0","0","0","0","0","0","0","0","0","0","0","0","0","0","0","0","0"
"00000286","대성사거리","00000003","매월06","20221003","1","12","4","12","1","11","4","11","0","0","0","0","0","1","0","1","0","4","0","4","0","4","0","4","0","0","0","0","0","0","0","0","1","2","1","2","1","2","1","2","0","0","0","0","0","0","0","0"
"00000286","대성사거리","00000004","진월07","20221003","7","18","9","18","7","13","9","13","0","2","0","2","0","3","0","3","2","1","1","1","2","1","1","1","0","0","0","0","0","0","0","0","1","4","1","4","1","4","1","4","0","0","0","0","0","0","0","0"
"00000286","대성사거리","00000023","지원45","20221003","6","3","5","3","6","2","5","2","0","0","0","0","0","1","0","1","3","3","1","3","3","2","1","2","0","0","0","0","0","1","0","1","0","0","0","0","0","0","0","0","0","0","0","0","0","0","0","0"
"00000286","대성사거리","00000041","대촌70","20221003","2","2","0","2","2","2","0","2","0","0","0","0","0","0","0","0","0","1","0","1","0","1","0","1","0","0","0","0","0","0","0","0","0","1","0","1","0","1","0","1","0","0","0","0","0","0","0","0"
"00000286","대성사거리","00000050","진월79","20221003","3","0","2","0","1","0","1","0","0","0","0","0","2","0","1","0","0","2","0","2","0","2","0","2","0","0","0","0","0","0","0","0","0","0","1","0","0","0","1","0","0","0","0","0","0","0","0","0"
"00000286","대성사거리","00000073","대촌170","20221003","1","1","0","1","1","1","0","1","0","0","0","0","0","0","0","0","0","0","0","0","0","0","0","0","0","0","0","0","0","0","0","0","0","0","0","0","0","0","0","0","0","0","0","0","0","0","0","0"
"00000286","대성사거리","00000074","진월177","20221003","0","0","0","0","0","0","0","0","0","0","0","0","0","0","0","0","0","2","0","2","0","2","0","2","0","0","0","0","0","0","0","0","0","0","0","0","0","0","0","0","0","0","0","0","0","0","0","0"
"00000286","대성사거리","00000102","수완12","20221003","12","6","1","6","12","5","0","5","0","1","0","1","0","0","1","0","0","1","0","1","0","0","0","0","0","0","0","0","0","1","0","1","2","0","0","0","2","0","0","0","0","0","0","0","0","0","0","0"
"00000286","대성사거리","00000111","송암68","20221003","7","6","3","6","7","6","2","6","0","0","0","0","0","0","1","0","0","2","0","2","0","2","0","2","0","0","0","0","0","0","0","0","0","2","0","2","0","1","0","1","0","0","0","0","0","1","0","1"
"00000286","대성사거리","00000208","마을715(대촌)","20221003","1","0","0","0","1","0","0","0","0","0","0","0","0","0","0","0","0","0","0","0","0","0","0","0","0","0","0","0","0","0","0","0","0","0","0","0","0","0","0","0","0","0","0","0","0","0","0","0"
"00000288","대성초교","00000003","매월06","20221003","10","13","13","13","10","12","12","12","0","0","0","0","0","1","1","1","1","0","4","0","1","0","4","0","0","0","0","0","0","0","0","0","1","2","0","2","1","1","0","1","0","0","0","0","0","1","0","1"
"00000288","대성초교","00000004","진월07","20221003","27","27","20","27","27","25","19","25","0","0","1","0","0","2","0","2","3","1","2","1","3","1","2","1","0","0","0","0","0","0","0","0","4","2","0","2","4","2","0","2","0","0","0","0","0","0","0","0"
"00000288","대성초교","00000023","지원45","20221003","16","13","5","13","14","9","4","9","2","2","0","2","0","2","1","2","3","1","4","1","3","1","3","1","0","0","0","0","0","0","1","0","0","0","0","0","0","0","0","0","0","0","0","0","0","0","0","0"
"00000288","대성초교","00000091","송암74","20221003","2","16","2","16","2","9","2","9","0","3","0","3","0","4","0","4","0","1","0","1","0","1","0","1","0","0","0","0","0","0","0","0","0","0","0","0","0","0","0","0","0","0","0","0","0","0","0","0"
"00000288","대성초교","00000102","수완12","20221003","17","8","1","8","15","7","0","7","0","0","0","0","2","1","1","1","0","0","0","0","0","0","0","0","0","0","0","0","0","0","0","0","0","1","0","1","0","1","0","1","0","0","0","0","0","0","0","0"
"00000289","도로교통공단 대신파크","00000004","진월07","20221003","19","32","35","32","17","28","33","28","0","2","0","2","2","2","2","2","5","13","12","13","5","10","8","10","0","2","0","2","0","1","4","1","11","10","10","10","11","9","10","9","0","0","0","0","0","1","0","1"
"00000289","도로교통공단 대신파크","00000006","지원15","20221003","2","2","4","2","2","2","4","2","0","0","0","0","0","0","0","0","3","3","3","3","3","3","3","3","0","0","0","0","0","0","0","0","5","2","2","2","5","2","2","2","0","0","0","0","0","0","0","0"
"00000289","도로교통공단 대신파크","00000010","송정19","20221003","4","9","4","9","4","9","4","9","0","0","0","0","0","0","0","0","1","5","4","5","1","3","4","3","0","0","0","0","0","2","0","2","6","6","3","6","6","6","2","6","0","0","0","0","0","0","1","0"
"00000289","도로교통공단 대신파크","00000015","일곡28","20221003","3","10","13","10","3","10","11","10","0","0","0","0","0","0","2","0","4","5","3","5","4","5","3","5","0","0","0","0","0","0","0","0","9","8","11","8","9","8","10","8","0","0","0","0","0","0","1","0"
"00000289","도로교통공단 대신파크","00000018","운림35","20221003","4","3","1","3","4","3","1","3","0","0","0","0","0","0","0","0","0","1","3","1","0","1","3","1","0","0","0","0","0","0","0","0","8","4","5","4","8","4","5","4","0","0","0","0","0","0","0","0"
"00000289","도로교통공단 대신파크","00000020","일곡38","20221003","3","5","1","5","3","5","1","5","0","0","0","0","0","0","0","0","0","1","0","1","0","1","0","1","0","0","0","0","0","0","0","0","4","1","1","1","4","1","1","1","0","0","0","0","0","0","0","0"
"00000289","도로교통공단 대신파크","00000029","운림54","20221003","24","28","26","28","23","27","25","27","0","1","0","1","1","0","1","0","11","8","6","8","11","8","6","8","0","0","0","0","0","0","0","0","32","34","14","34","32","27","11","27","0","3","0","3","0","4","3","4"
"00000289","도로교통공단 대신파크","00000031","419","20221003","0","2","1","2","0","2","1","2","0","0","0","0","0","0","0","0","4","4","1","4","4","3","1","3","0","0","0","0","0","1","0","1","0","1","0","1","0","0","0","0","0","1","0","1","0","0","0","0"
"00000289","도로교통공단 대신파크","00000051","문흥80","20221003","1","2","0","2","1","2","0","2","0","0","0","0","0","0","0","0","2","0","1","0","1","0","1","0","0","0","0","0","1","0","0","0","1","1","4","1","1","1","3","1","0","0","0","0","0","0","1","0"
"00000289","도로교통공단 대신파크","00000054","용봉83","20221003","2","1","1","1","2","1","1","1","0","0","0","0","0","0","0","0","13","8","6","8","13","8","6","8","0","0","0","0","0","0","0","0","0","1","1","1","0","1","1","1","0","0","0","0","0","0","0","0"
"00000289","도로교통공단 대신파크","00000077","용전184","20221003","0","1","1","1","0","1","1","1","0","0","0","0","0","0","0","0","3","2","1","2","3","2","1","2","0","0","0","0","0","0","0","0","0","1","2","1","0","1","2","1","0","0","0","0","0","0","0","0"
"00000289","도로교통공단 대신파크","00000213","마을788","20221003","2","2","2","2","2","1","1","1","0","0","0","0","0","1","1","1","0","2","2","2","0","2","1","2","0","0","0","0","0","0","1","0","1","0","1","0","1","0","1","0","0","0","0","0","0","0","0","0"
"00000290","도로교통공단 대신파크","00000004","진월07","20221003","2","8","11","8","2","5","9","5","0","0","2","0","0","3","0","3","3","7","24","7","3","7","20","7","0","0","2","0","0","0","2","0","9","7","15","7","8","7","14","7","0","0","0","0","1","0","1","0"
"00000290","도로교통공단 대신파크","00000006","지원15","20221003","1","0","0","0","1","0","0","0","0","0","0","0","0","0","0","0","1","2","5","2","1","2","5","2","0","0","0","0","0","0","0","0","5","4","4","4","5","4","4","4","0","0","0","0","0","0","0","0"
"00000290","도로교통공단 대신파크","00000010","송정19","20221003","5","0","1","0","5","0","1","0","0","0","0","0","0","0","0","0","4","2","3","2","4","2","3","2","0","0","0","0","0","0","0","0","1","2","4","2","1","2","3","2","0","0","0","0","0","0","1","0"
"00000290","도로교통공단 대신파크","00000015","일곡28","20221003","3","3","3","3","2","1","3","1","0","0","0","0","1","2","0","2","8","7","15","7","8","6","14","6","0","1","0","1","0","0","1","0","4","4","2","4","4","4","2","4","0","0","0","0","0","0","0","0"
"00000290","도로교통공단 대신파크","00000018","운림35","20221003","1","0","2","0","1","0","2","0","0","0","0","0","0","0","0","0","3","5","5","5","3","5","4","5","0","0","0","0","0","0","1","0","0","2","3","2","0","2","3","2","0","0","0","0","0","0","0","0"
"00000290","도로교통공단 대신파크","00000020","일곡38","20221003","0","3","4","3","0","2","2","2","0","1","0","1","0","0","2","0","0","1","6","1","0","1","6","1","0","0","0","0","0","0","0","0","1","0","2","0","1","0","2","0","0","0","0","0","0","0","0","0"
"00000290","도로교통공단 대신파크","00000029","운림54","20221003","0","4","9","4","0","3","7","3","0","0","2","0","0","1","0","1","16","7","10","7","16","7","10","7","0","0","0","0","0","0","0","0","1","7","20","7","1","7","19","7","0","0","0","0","0","0","1","0"
"00000290","도로교통공단 대신파크","00000031","419","20221003","2","0","1","0","2","0","1","0","0","0","0","0","0","0","0","0","0","0","2","0","0","0","2","0","0","0","0","0","0","0","0","0","2","4","2","4","2","4","2","4","0","0","0","0","0","0","0","0"
"00000290","도로교통공단 대신파크","00000051","문흥80","20221003","0","0","0","0","0","0","0","0","0","0","0","0","0","0","0","0","0","1","1","1","0","1","1","1","0","0","0","0","0","0","0","0","0","1","1","1","0","1","1","1","0","0","0","0","0","0","0","0"
"00000290","도로교통공단 대신파크","00000054","용봉83","20221003","0","3","2","3","0","2","1","2","0","0","0","0","0","1","1","1","0","2","0","2","0","2","0","2","0","0","0","0","0","0","0","0","10","6","19","6","10","5","19","5","0","0","0","0","0","1","0","1"
"00000290","도로교통공단 대신파크","00000077","용전184","20221003","3","0","0","0","3","0","0","0","0","0","0","0","0","0","0","0","1","0","0","0","1","0","0","0","0","0","0","0","0","0","0","0","1","4","0","4","1","4","0","4","0","0","0","0","0","0","0","0"
"00000290","도로교통공단 대신파크","00000213","마을788","20221003","1","2","0","2","1","1","0","1","0","0","0","0","0","1","0","1","0","1","0","1","0","1","0","1","0","0","0","0","0","0","0","0","0","1","1","1","0","1","0","1","0","0","1","0","0","0","0","0"
"00000292","중앙일보","00000011","첨단20","20221003","0","0","3","0","0","0","3","0","0","0","0","0","0","0","0","0","0","0","0","0","0","0","0","0","0","0","0","0","0","0","0","0","0","0","0","0","0","0","0","0","0","0","0","0","0","0","0","0"
"00000295","상무대우아파트","00000001","순환01(시청행)","20221003","21","20","10","20","17","18","9","18","0","0","0","0","4","2","1","2","0","0","5","0","0","0","3","0","0","0","0","0","0","0","2","0","0","1","0","1","0","1","0","1","0","0","0","0","0","0","0","0"
"00000295","상무대우아파트","00000007","매월16","20221003","3","0","13","0","3","0","11","0","0","0","1","0","0","0","1","0","0","1","2","1","0","1","2","1","0","0","0","0","0","0","0","0","0","0","0","0","0","0","0","0","0","0","0","0","0","0","0","0"
"00000295","상무대우아파트","00000020","일곡38","20221003","13","14","6","14","12","11","6","11","0","1","0","1","1","2","0","2","0","4","2","4","0","4","2","4","0","0","0","0","0","0","0","0","0","0","0","0","0","0","0","0","0","0","0","0","0","0","0","0"
"00000295","상무대우아파트","00000023","지원45","20221003","12","6","7","6","10","6","7","6","0","0","0","0","2","0","0","0","6","8","3","8","5","6","3","6","0","1","0","1","1","1","0","1","0","1","0","1","0","1","0","1","0","0","0","0","0","0","0","0"
"00000295","상무대우아파트","00000036","상무62(상무역행)","20221003","1","1","0","1","1","1","0","1","0","0","0","0","0","0","0","0","0","0","1","0","0","0","1","0","0","0","0","0","0","0","0","0","0","0","0","0","0","0","0","0","0","0","0","0","0","0","0","0"
"00000295","상무대우아파트","00000037","상무63","20221003","1","1","3","1","1","1","3","1","0","0","0","0","0","0","0","0","0","0","0","0","0","0","0","0","0","0","0","0","0","0","0","0","0","0","1","0","0","0","1","0","0","0","0","0","0","0","0","0"
"00000295","상무대우아파트","00000038","상무64","20221003","2","2","3","2","2","1","3","1","0","0","0","0","0","1","0","1","0","0","1","0","0","0","1","0","0","0","0","0","0","0","0","0","0","0","0","0","0","0","0","0","0","0","0","0","0","0","0","0"
"00000295","상무대우아파트","00000086","518","20221003","5","3","3","3","4","3","2","3","0","0","0","0","1","0","1","0","0","0","0","0","0","0","0","0","0","0","0","0","0","0","0","0","0","0","0","0","0","0","0","0","0","0","0","0","0","0","0","0"
"00000295","상무대우아파트","00000214","마을799","20221003","0","0","3","0","0","0","2","0","0","0","0","0","0","0","1","0","0","0","0","0","0","0","0","0","0","0","0","0","0","0","0","0","0","0","0","0","0","0","0","0","0","0","0","0","0","0","0","0"
"00000296","대인광장(서)","00000019","봉선37","20221003","0","1","0","1","0","0","0","0","0","1","0","1","0","0","0","0","1","3","1","3","1","3","1","3","0","0","0","0","0","0","0","0","0","0","0","0","0","0","0","0","0","0","0","0","0","0","0","0"
"00000296","대인광장(서)","00000033","금남58","20221003","1","2","1","2","1","1","1","1","0","1","0","1","0","0","0","0","2","1","1","1","2","1","1","1","0","0","0","0","0","0","0","0","0","0","0","0","0","0","0","0","0","0","0","0","0","0","0","0"
"00000297","대인시장(동)","00000003","매월06","20221003","10","8","3","8","10","8","3","8","0","0","0","0","0","0","0","0","2","7","6","7","2","7","6","7","0","0","0","0","0","0","0","0","1","6","2","6","1","6","2","6","0","0","0","0","0","0","0","0"
"00000297","대인시장(동)","00000029","운림54","20221003","10","10","7","10","10","10","7","10","0","0","0","0","0","0","0","0","12","14","7","14","12","14","6","14","0","0","0","0","0","0","1","0","6","3","2","3","6","3","2","3","0","0","0","0","0","0","0","0"
"00000297","대인시장(동)","00000031","419","20221003","0","0","0","0","0","0","0","0","0","0","0","0","0","0","0","0","2","6","1","6","2","6","1","6","0","0","0","0","0","0","0","0","0","0","0","0","0","0","0","0","0","0","0","0","0","0","0","0"
"00000297","대인시장(동)","00000058","석곡87","20221003","1","0","0","0","1","0","0","0","0","0","0","0","0","0","0","0","0","3","5","3","0","3","4","3","0","0","0","0","0","0","1","0","0","0","0","0","0","0","0","0","0","0","0","0","0","0","0","0"
"00000297","대인시장(동)","00000068","송정98","20221003","3","8","11","8","3","8","11","8","0","0","0","0","0","0","0","0","5","11","3","11","5","10","2","10","0","0","0","0","0","1","1","1","0","0","0","0","0","0","0","0","0","0","0","0","0","0","0","0"
"00000297","대인시장(동)","00000071","228(구151화순사평)","20221003","0","0","0","0","0","0","0","0","0","0","0","0","0","0","0","0","0","0","0","0","0","0","0","0","0","0","0","0","0","0","0","0","1","1","0","1","1","1","0","1","0","0","0","0","0","0","0","0"
"00000297","대인시장(동)","00000077","용전184","20221003","0","0","0","0","0","0","0","0","0","0","0","0","0","0","0","0","1","0","2","0","1","0","2","0","0","0","0","0","0","0","0","0","0","0","0","0","0","0","0","0","0","0","0","0","0","0","0","0"
"00000297","대인시장(동)","00000086","518","20221003","0","5","1","5","0","5","1","5","0","0","0","0","0","0","0","0","1","0","1","0","1","0","1","0","0","0","0","0","0","0","0","0","0","0","0","0","0","0","0","0","0","0","0","0","0","0","0","0"
"00000297","대인시장(동)","00000090","문흥39","20221003","2","6","5","6","2","6","5","6","0","0","0","0","0","0","0","0","4","10","5","10","4","10","5","10","0","0","0","0","0","0","0","0","1","3","0","3","1","3","0","3","0","0","0","0","0","0","0","0"
"00000297","대인시장(동)","00000122","228(화순전대병원)","20221003","2","0","5","0","2","0","5","0","0","0","0","0","0","0","0","0","0","1","0","1","0","1","0","1","0","0","0","0","0","0","0","0","3","3","0","3","3","3","0","3","0","0","0","0","0","0","0","0"
"00000297","대인시장(동)","00000208","마을715(대촌)","20221003","1","1","2","1","1","1","2","1","0","0","0","0","0","0","0","0","0","0","0","0","0","0","0","0","0","0","0","0","0","0","0","0","0","0","0","0","0","0","0","0","0","0","0","0","0","0","0","0"
"00000298","대인시장(동)","00000003","매월06","20221003","1","2","13","2","1","2","13","2","0","0","0","0","0","0","0","0","2","4","7","4","2","4","7","4","0","0","0","0","0","0","0","0","0","1","0","1","0","1","0","1","0","0","0","0","0","0","0","0"
"00000298","대인시장(동)","00000029","운림54","20221003","6","27","60","27","6","26","58","26","0","0","1","0","0","1","1","1","3","5","4","5","3","4","4","4","0","0","0","0","0","1","0","1","3","1","12","1","3","1","12","1","0","0","0","0","0","0","0","0"
"00000298","대인시장(동)","00000031","419","20221003","1","5","0","5","1","5","0","5","0","0","0","0","0","0","0","0","0","0","1","0","0","0","1","0","0","0","0","0","0","0","0","0","0","0","0","0","0","0","0","0","0","0","0","0","0","0","0","0"
"00000298","대인시장(동)","00000058","석곡87","20221003","2","2","3","2","2","2","3","2","0","0","0","0","0","0","0","0","0","0","0","0","0","0","0","0","0","0","0","0","0","0","0","0","1","3","0","3","1","3","0","3","0","0","0","0","0","0","0","0"
"00000298","대인시장(동)","00000068","송정98","20221003","2","8","8","8","2","8","8","8","0","0","0","0","0","0","0","0","0","4","2","4","0","4","2","4","0","0","0","0","0","0","0","0","1","0","3","0","1","0","3","0","0","0","0","0","0","0","0","0"
"00000298","대인시장(동)","00000071","228(구151화순사평)","20221003","0","0","0","0","0","0","0","0","0","0","0","0","0","0","0","0","1","0","0","0","1","0","0","0","0","0","0","0","0","0","0","0","0","0","0","0","0","0","0","0","0","0","0","0","0","0","0","0"
"00000298","대인시장(동)","00000077","용전184","20221003","1","3","5","3","1","3","2","3","0","0","0","0","0","0","3","0","0","0","0","0","0","0","0","0","0","0","0","0","0","0","0","0","0","0","0","0","0","0","0","0","0","0","0","0","0","0","0","0"
"00000298","대인시장(동)","00000086","518","20221003","0","1","2","1","0","1","2","1","0","0","0","0","0","0","0","0","0","0","0","0","0","0","0","0","0","0","0","0","0","0","0","0","1","0","1","0","1","0","1","0","0","0","0","0","0","0","0","0"
"00000298","대인시장(동)","00000090","문흥39","20221003","2","4","8","4","2","4","8","4","0","0","0","0","0","0","0","0","1","1","0","1","1","0","0","0","0","0","0","0","0","1","0","1","1","4","2","4","1","3","2","3","0","0","0","0","0","1","0","1"
"00000298","대인시장(동)","00000122","228(화순전대병원)","20221003","0","0","1","0","0","0","1","0","0","0","0","0","0","0","0","0","0","4","1","4","0","4","1","4","0","0","0","0","0","0","0","0","0","1","0","1","0","1","0","1","0","0","0","0","0","0","0","0"
"00000298","대인시장(동)","00000208","마을715(대촌)","20221003","0","0","1","0","0","0","1","0","0","0","0","0","0","0","0","0","0","0","0","0","0","0","0","0","0","0","0","0","0","0","0","0","0","0","0","0","0","0","0","0","0","0","0","0","0","0","0","0"
"00000299","대인시장(서)","00000004","진월07","20221003","3","7","19","7","3","7","19","7","0","0","0","0","0","0","0","0","1","10","6","10","1","9","6","9","0","1","0","1","0","0","0","0","1","5","1","5","1","4","1","4","0","0","0","0","0","1","0","1"
"00000299","대인시장(서)","00000019","봉선37","20221003","3","14","12","14","3","14","11","14","0","0","0","0","0","0","1","0","0","9","3","9","0","9","3","9","0","0","0","0","0","0","0","0","2","1","0","1","2","1","0","1","0","0","0","0","0","0","0","0"
"00000299","대인시장(서)","00000027","지원52","20221003","0","0","3","0","0","0","3","0","0","0","0","0","0","0","0","0","0","0","1","0","0","0","1","0","0","0","0","0","0","0","0","0","0","0","0","0","0","0","0","0","0","0","0","0","0","0","0","0"
"00000299","대인시장(서)","00000033","금남58","20221003","3","7","11","7","3","7","11","7","0","0","0","0","0","0","0","0","0","0","0","0","0","0","0","0","0","0","0","0","0","0","0","0","1","1","1","1","1","1","1","1","0","0","0","0","0","0","0","0"
"00000299","대인시장(서)","00000072","지원152(능주역)","20221003","0","0","0","0","0","0","0","0","0","0","0","0","0","0","0","0","0","2","0","2","0","2","0","2","0","0","0","0","0","0","0","0","0","0","0","0","0","0","0","0","0","0","0","0","0","0","0","0"
"00000299","대인시장(서)","00000106","두암81(무등파크)","20221003","0","0","1","0","0","0","1","0","0","0","0","0","0","0","0","0","0","3","1","3","0","2","1","2","0","0","0","0","0","1","0","1","0","0","0","0","0","0","0","0","0","0","0","0","0","0","0","0"
"00000299","대인시장(서)","00000109","좌석02","20221003","1","5","4","5","1","4","4","4","0","1","0","1","0","0","0","0","0","1","0","1","0","1","0","1","0","0","0","0","0","0","0","0","1","4","2","4","1","2","2","2","0","0","0","0","0","2","0","2"
"00000299","대인시장(서)","00000123","지원152(도웅리)","20221003","0","1","1","1","0","1","1","1","0","0","0","0","0","0","0","0","0","2","0","2","0","2","0","2","0","0","0","0","0","0","0","0","0","0","0","0","0","0","0","0","0","0","0","0","0","0","0","0"
"00000299","대인시장(서)","00000130","두암81","20221003","0","0","3","0","0","0","3","0","0","0","0","0","0","0","0","0","0","2","0","2","0","1","0","1","0","0","0","0","0","1","0","1","0","0","0","0","0","0","0","0","0","0","0","0","0","0","0","0"
"00000299","대인시장(서)","00000208","마을715(대촌)","20221003","0","0","2","0","0","0","2","0","0","0","0","0","0","0","0","0","0","0","0","0","0","0","0","0","0","0","0","0","0","0","0","0","0","0","0","0","0","0","0","0","0","0","0","0","0","0","0","0"
"00000300","대인시장(서)","00000019","봉선37","20221003","1","16","17","16","1","16","17","16","0","0","0","0","0","0","0","0","4","2","1","2","3","2","1","2","0","0","0","0","1","0","0","0","1","0","1","0","1","0","1","0","0","0","0","0","0","0","0","0"
"00000300","대인시장(서)","00000027","지원52","20221003","0","0","0","0","0","0","0","0","0","0","0","0","0","0","0","0","0","0","0","0","0","0","0","0","0","0","0","0","0","0","0","0","0","0","0","0","0","0","0","0","0","0","0","0","0","0","0","0"
"00000300","대인시장(서)","00000033","금남58","20221003","1","2","1","2","1","2","1","2","0","0","0","0","0","0","0","0","1","2","1","2","1","2","1","2","0","0","0","0","0","0","0","0","0","0","0","0","0","0","0","0","0","0","0","0","0","0","0","0"
"00000300","대인시장(서)","00000041","대촌70","20221003","0","0","1","0","0","0","1","0","0","0","0","0","0","0","0","0","0","0","0","0","0","0","0","0","0","0","0","0","0","0","0","0","0","0","0","0","0","0","0","0","0","0","0","0","0","0","0","0"
"00000300","대인시장(서)","00000052","두암81(각화초교)","20221003","1","0","3","0","1","0","3","0","0","0","0","0","0","0","0","0","1","0","0","0","1","0","0","0","0","0","0","0","0","0","0","0","0","0","0","0","0","0","0","0","0","0","0","0","0","0","0","0"
"00000300","대인시장(서)","00000072","지원152(능주역)","20221003","0","0","0","0","0","0","0","0","0","0","0","0","0","0","0","0","0","0","0","0","0","0","0","0","0","0","0","0","0","0","0","0","0","0","0","0","0","0","0","0","0","0","0","0","0","0","0","0"
"00000300","대인시장(서)","00000073","대촌170","20221003","0","0","1","0","0","0","1","0","0","0","0","0","0","0","0","0","0","0","0","0","0","0","0","0","0","0","0","0","0","0","0","0","0","1","0","1","0","1","0","1","0","0","0","0","0","0","0","0"
"00000300","대인시장(서)","00000109","좌석02","20221003","0","0","0","0","0","0","0","0","0","0","0","0","0","0","0","0","1","3","3","3","1","2","3","2","0","1","0","1","0","0","0","0","0","0","0","0","0","0","0","0","0","0","0","0","0","0","0","0"
"00000300","대인시장(서)","00000123","지원152(도웅리)","20221003","0","2","2","2","0","2","2","2","0","0","0","0","0","0","0","0","0","0","1","0","0","0","1","0","0","0","0","0","0","0","0","0","0","1","0","1","0","1","0","1","0","0","0","0","0","0","0","0"
"00000300","대인시장(서)","00000129","두암81(장등동)","20221003","0","2","2","2","0","2","2","2","0","0","0","0","0","0","0","0","0","0","0","0","0","0","0","0","0","0","0","0","0","0","0","0","0","1","0","1","0","1","0","1","0","0","0","0","0","0","0","0"
"00000300","대인시장(서)","00000208","마을715(대촌)","20221003","0","1","0","1","0","1","0","1","0","0","0","0","0","0","0","0","0","0","1","0","0","0","1","0","0","0","0","0","0","0","0","0","1","0","0","0","1","0","0","0","0","0","0","0","0","0","0","0"
"00000301","대주빌라","00000008","진월17","20221003","1","1","1","1","1","1","1","1","0","0","0","0","0","0","0","0","0","0","0","0","0","0","0","0","0","0","0","0","0","0","0","0","0","0","0","0","0","0","0","0","0","0","0","0","0","0","0","0"
"00000301","대주빌라","00000052","두암81(각화초교)","20221003","0","0","0","0","0","0","0","0","0","0","0","0","0","0","0","0","0","0","0","0","0","0","0","0","0","0","0","0","0","0","0","0","0","0","0","0","0","0","0","0","0","0","0","0","0","0","0","0"
"00000301","대주빌라","00000088","금호36","20221003","1","1","1","1","1","0","1","0","0","1","0","1","0","0","0","0","0","1","4","1","0","1","4","1","0","0","0","0","0","0","0","0","0","0","0","0","0","0","0","0","0","0","0","0","0","0","0","0"
"00000302","대주빌라","00000008","진월17","20221003","6","14","6","14","4","12","5","12","1","0","1","0","1","2","0","2","0","2","0","2","0","2","0","2","0","0","0","0","0","0","0","0","0","0","0","0","0","0","0","0","0","0","0","0","0","0","0","0"
"00000302","대주빌라","00000088","금호36","20221003","7","20","8","20","6","13","7","13","0","2","1","2","1","5","0","5","0","0","0","0","0","0","0","0","0","0","0","0","0","0","0","0","0","0","0","0","0","0","0","0","0","0","0","0","0","0","0","0"
"00000302","대주빌라","00000106","두암81(무등파크)","20221003","0","1","1","1","0","1","1","1","0","0","0","0","0","0","0","0","0","0","1","0","0","0","1","0","0","0","0","0","0","0","0","0","0","0","0","0","0","0","0","0","0","0","0","0","0","0","0","0"
"00000302","대주빌라","00000130","두암81","20221003","2","0","1","0","2","0","1","0","0","0","0","0","0","0","0","0","0","0","0","0","0","0","0","0","0","0","0","0","0","0","0","0","0","0","0","0","0","0","0","0","0","0","0","0","0","0","0","0"
"00000302","대주빌라","00000213","마을788","20221003","0","1","0","1","0","1","0","1","0","0","0","0","0","0","0","0","0","0","0","0","0","0","0","0","0","0","0","0","0","0","0","0","0","0","0","0","0","0","0","0","0","0","0","0","0","0","0","0"
"00000303","마재대주아파트","00000003","매월06","20221003","0","2","0","2","0","2","0","2","0","0","0","0","0","0","0","0","0","3","2","3","0","3","2","3","0","0","0","0","0","0","0","0","1","0","0","0","1","0","0","0","0","0","0","0","0","0","0","0"
"00000303","마재대주아파트","00000008","진월17","20221003","12","9","9","9","9","7","9","7","2","0","0","0","1","2","0","2","0","0","0","0","0","0","0","0","0","0","0","0","0","0","0","0","0","1","5","1","0","1","5","1","0","0","0","0","0","0","0","0"
"00000303","마재대주아파트","00000013","매월26","20221003","0","0","0","0","0","0","0","0","0","0","0","0","0","0","0","0","1","2","2","2","1","2","2","2","0","0","0","0","0","0","0","0","0","0","0","0","0","0","0","0","0","0","0","0","0","0","0","0"
"00000303","마재대주아파트","00000023","지원45","20221003","10","15","11","15","10","13","7","13","0","2","3","2","0","0","1","0","0","1","3","1","0","1","3","1","0","0","0","0","0","0","0","0","0","0","0","0","0","0","0","0","0","0","0","0","0","0","0","0"
"00000303","마재대주아파트","00000035","매월61(칠석)","20221003","4","1","1","1","4","0","1","0","0","0","0","0","0","1","0","1","1","0","1","0","1","0","1","0","0","0","0","0","0","0","0","0","0","0","0","0","0","0","0","0","0","0","0","0","0","0","0","0"
"00000303","마재대주아파트","00000043","송암72","20221003","0","0","1","0","0","0","0","0","0","0","0","0","0","0","1","0","0","1","0","1","0","1","0","1","0","0","0","0","0","0","0","0","0","0","0","0","0","0","0","0","0","0","0","0","0","0","0","0"
"00000303","마재대주아파트","00000091","송암74","20221003","2","1","0","1","2","0","0","0","0","0","0","0","0","1","0","1","0","0","0","0","0","0","0","0","0","0","0","0","0","0","0","0","0","1","0","1","0","1","0","1","0","0","0","0","0","0","0","0"
"00000303","마재대주아파트","00000100","진월75","20221003","1","4","2","4","1","2","2","2","0","1","0","1","0","1","0","1","0","2","1","2","0","2","1","2","0","0","0","0","0","0","0","0","2","0","0","0","2","0","0","0","0","0","0","0","0","0","0","0"
"00000303","마재대주아파트","00000112","순환01(운천저수지)","20221003","4","8","9","8","4","6","8","6","0","0","0","0","0","2","1","2","0","1","3","1","0","1","3","1","0","0","0","0","0","0","0","0","0","0","0","0","0","0","0","0","0","0","0","0","0","0","0","0"
"00000304","풍암모아아파트","00000001","순환01(시청행)","20221003","4","13","9","13","4","12","8","12","0","0","0","0","0","1","1","1","1","1","3","1","1","1","3","1","0","0","0","0","0","0","0","0","0","0","0","0","0","0","0","0","0","0","0","0","0","0","0","0"
"00000304","풍암모아아파트","00000023","지원45","20221003","5","8","8","8","5","8","8","8","0","0","0","0","0","0","0","0","1","3","2","3","1","3","2","3","0","0","0","0","0","0","0","0","0","0","0","0","0","0","0","0","0","0","0","0","0","0","0","0"
"00000304","풍암모아아파트","00000024","송암47","20221003","4","3","2","3","4","3","2","3","0","0","0","0","0","0","0","0","0","1","1","1","0","0","1","0","0","0","0","0","0","1","0","1","0","0","0","0","0","0","0","0","0","0","0","0","0","0","0","0"
"00000304","풍암모아아파트","00000034","금남59","20221003","1","2","1","2","1","2","1","2","0","0","0","0","0","0","0","0","0","0","0","0","0","0","0","0","0","0","0","0","0","0","0","0","0","0","1","0","0","0","1","0","0","0","0","0","0","0","0","0"
"00000304","풍암모아아파트","00000049","진월78","20221003","1","0","0","0","1","0","0","0","0","0","0","0","0","0","0","0","0","0","0","0","0","0","0","0","0","0","0","0","0","0","0","0","0","0","0","0","0","0","0","0","0","0","0","0","0","0","0","0"
"00000304","풍암모아아파트","00000100","진월75","20221003","5","5","3","5","5","4","2","4","0","0","0","0","0","1","1","1","0","0","0","0","0","0","0","0","0","0","0","0","0","0","0","0","0","0","0","0","0","0","0","0","0","0","0","0","0","0","0","0"
"00000305","진월대주아파트","00000004","진월07","20221003","3","2","1","2","3","0","1","0","0","0","0","0","0","2","0","2","5","9","25","9","5","7","19","7","0","0","1","0","0","2","5","2","0","0","1","0","0","0","1","0","0","0","0","0","0","0","0","0"
"00000305","진월대주아파트","00000008","진월17","20221003","10","6","17","6","8","2","10","2","1","1","1","1","1","3","6","3","3","1","4","1","3","1","4","1","0","0","0","0","0","0","0","0","1","1","0","1","1","1","0","1","0","0","0","0","0","0","0","0"
"00000305","진월대주아파트","00000015","일곡28","20221003","5","4","3","4","5","1","3","1","0","2","0","2","0","1","0","1","4","3","5","3","4","3","3","3","0","0","0","0","0","0","2","0","0","0","1","0","0","0","1","0","0","0","0","0","0","0","0","0"
"00000305","진월대주아파트","00000041","대촌70","20221003","4","2","4","2","4","1","0","1","0","0","0","0","0","1","4","1","0","0","0","0","0","0","0","0","0","0","0","0","0","0","0","0","0","0","1","0","0","0","1","0","0","0","0","0","0","0","0","0"
"00000305","진월대주아파트","00000044","송암73","20221003","0","0","0","0","0","0","0","0","0","0","0","0","0","0","0","0","1","6","5","6","1","5","4","5","0","0","0","0","0","1","1","1","0","0","0","0","0","0","0","0","0","0","0","0","0","0","0","0"
"00000305","진월대주아파트","00000048","진월77","20221003","1","0","1","0","1","0","1","0","0","0","0","0","0","0","0","0","1","2","0","2","1","2","0","2","0","0","0","0","0","0","0","0","0","0","0","0","0","0","0","0","0","0","0","0","0","0","0","0"
"00000305","진월대주아파트","00000049","진월78","20221003","0","0","1","0","0","0","1","0","0","0","0","0","0","0","0","0","0","0","0","0","0","0","0","0","0","0","0","0","0","0","0","0","0","0","0","0","0","0","0","0","0","0","0","0","0","0","0","0"
"00000305","진월대주아파트","00000050","진월79","20221003","0","6","5","6","0","4","2","4","0","0","1","0","0","2","2","2","1","1","1","1","1","1","1","1","0","0","0","0","0","0","0","0","1","0","2","0","1","0","2","0","0","0","0","0","0","0","0","0"
"00000305","진월대주아파트","00000065","첨단95","20221003","2","9","6","9","2","7","2","7","0","0","2","0","0","2","2","2","2","2","9","2","2","2","8","2","0","0","1","0","0","0","0","0","0","2","2","2","0","2","2","2","0","0","0","0","0","0","0","0"
"00000305","진월대주아파트","00000069","송정99","20221003","0","0","0","0","0","0","0","0","0","0","0","0","0","0","0","0","0","0","0","0","0","0","0","0","0","0","0","0","0","0","0","0","0","0","0","0","0","0","0","0","0","0","0","0","0","0","0","0"
"00000305","진월대주아파트","00000073","대촌170","20221003","1","4","0","4","1","4","0","4","0","0","0","0","0","0","0","0","0","0","0","0","0","0","0","0","0","0","0","0","0","0","0","0","1","0","0","0","1","0","0","0","0","0","0","0","0","0","0","0"
"00000305","진월대주아파트","00000074","진월177","20221003","2","0","4","0","2","0","3","0","0","0","0","0","0","0","1","0","0","0","1","0","0","0","1","0","0","0","0","0","0","0","0","0","1","1","0","1","1","1","0","1","0","0","0","0","0","0","0","0"
"00000305","진월대주아파트","00000100","진월75","20221003","1","2","10","2","1","2","5","2","0","0","2","0","0","0","3","0","2","3","0","3","2","3","0","3","0","0","0","0","0","0","0","0","0","0","2","0","0","0","1","0","0","0","1","0","0","0","0","0"
"00000305","진월대주아파트","00000101","송암31","20221003","1","0","4","0","1","0","2","0","0","0","0","0","0","0","2","0","4","3","5","3","3","3","5","3","1","0","0","0","0","0","0","0","0","1","0","1","0","0","0","0","0","0","0","0","0","1","0","1"
"00000305","진월대주아파트","00000208","마을715(대촌)","20221003","1","2","5","2","1","2","4","2","0","0","0","0","0","0","1","0","0","1","0","1","0","1","0","1","0","0","0","0","0","0","0","0","0","1","0","1","0","1","0","1","0","0","0","0","0","0","0","0"
"00000306","진월대주아파트","00000004","진월07","20221003","40","66","56","66","38","48","42","48","0","3","1","3","2","15","13","15","2","1","1","1","2","0","1","0","0","0","0","0","0","1","0","1","1","0","2","0","1","0","2","0","0","0","0","0","0","0","0","0"
"00000306","진월대주아파트","00000008","진월17","20221003","23","19","16","19","19","19","14","19","0","0","1","0","4","0","1","0","0","5","2","5","0","3","2","3","0","1","0","1","0","1","0","1","0","1","0","1","0","1","0","1","0","0","0","0","0","0","0","0"
"00000306","진월대주아파트","00000015","일곡28","20221003","21","31","24","31","20","25","14","25","0","2","2","2","1","4","8","4","2","0","0","0","2","0","0","0","0","0","0","0","0","0","0","0","0","2","1","2","0","2","0","2","0","0","0","0","0","0","1","0"
"00000306","진월대주아파트","00000041","대촌70","20221003","1","7","0","7","1","6","0","6","0","0","0","0","0","1","0","1","1","0","1","0","1","0","1","0","0","0","0","0","0","0","0","0","0","0","0","0","0","0","0","0","0","0","0","0","0","0","0","0"
"00000306","진월대주아파트","00000044","송암73","20221003","5","10","14","10","5","10","11","10","0","0","0","0","0","0","3","0","0","0","2","0","0","0","2","0","0","0","0","0","0","0","0","0","0","0","1","0","0","0","1","0","0","0","0","0","0","0","0","0"
"00000306","진월대주아파트","00000048","진월77","20221003","3","0","0","0","3","0","0","0","0","0","0","0","0","0","0","0","2","0","1","0","2","0","0","0","0","0","0","0","0","0","1","0","0","0","0","0","0","0","0","0","0","0","0","0","0","0","0","0"
"00000306","진월대주아파트","00000049","진월78","20221003","1","0","0","0","1","0","0","0","0","0","0","0","0","0","0","0","0","0","1","0","0","0","1","0","0","0","0","0","0","0","0","0","0","0","0","0","0","0","0","0","0","0","0","0","0","0","0","0"
"00000306","진월대주아파트","00000050","진월79","20221003","3","2","3","2","3","1","2","1","0","0","0","0","0","1","1","1","0","1","0","1","0","1","0","1","0","0","0","0","0","0","0","0","0","1","1","1","0","1","1","1","0","0","0","0","0","0","0","0"
"00000306","진월대주아파트","00000065","첨단95","20221003","10","21","6","21","9","19","6","19","0","2","0","2","1","0","0","0","0","0","0","0","0","0","0","0","0","0","0","0","0","0","0","0","1","0","3","0","1","0","2","0","0","0","1","0","0","0","0","0"
"00000306","진월대주아파트","00000069","송정99","20221003","0","0","0","0","0","0","0","0","0","0","0","0","0","0","0","0","1","0","0","0","1","0","0","0","0","0","0","0","0","0","0","0","0","0","0","0","0","0","0","0","0","0","0","0","0","0","0","0"
"00000306","진월대주아파트","00000073","대촌170","20221003","0","0","0","0","0","0","0","0","0","0","0","0","0","0","0","0","0","0","3","0","0","0","3","0","0","0","0","0","0","0","0","0","0","0","1","0","0","0","1","0","0","0","0","0","0","0","0","0"
"00000306","진월대주아파트","00000074","진월177","20221003","0","2","0","2","0","2","0","2","0","0","0","0","0","0","0","0","0","2","1","2","0","2","1","2","0","0","0","0","0","0","0","0","0","1","0","1","0","1","0","1","0","0","0","0","0","0","0","0"
"00000306","진월대주아파트","00000100","진월75","20221003","2","8","4","8","2","5","1","5","0","1","0","1","0","2","3","2","0","0","2","0","0","0","2","0","0","0","0","0","0","0","0","0","0","0","0","0","0","0","0","0","0","0","0","0","0","0","0","0"
"00000306","진월대주아파트","00000101","송암31","20221003","8","11","10","11","8","11","7","11","0","0","0","0","0","0","3","0","1","1","0","1","1","1","0","1","0","0","0","0","0","0","0","0","0","0","0","0","0","0","0","0","0","0","0","0","0","0","0","0"
"00000306","진월대주아파트","00000208","마을715(대촌)","20221003","1","3","2","3","1","3","1","3","0","0","0","0","0","0","1","0","1","0","2","0","1","0","2","0","0","0","0","0","0","0","0","0","0","0","0","0","0","0","0","0","0","0","0","0","0","0","0","0"
"00000308","비엔날레전시관입구","00000031","419","20221003","2","5","8","5","2","5","7","5","0","0","0","0","0","0","1","0","0","0","0","0","0","0","0","0","0","0","0","0","0","0","0","0","0","0","0","0","0","0","0","0","0","0","0","0","0","0","0","0"
"00000308","비엔날레전시관입구","00000054","용봉83","20221003","20","17","7","17","18","16","6","16","1","0","0","0","1","1","1","1","0","0","0","0","0","0","0","0","0","0","0","0","0","0","0","0","0","0","0","0","0","0","0","0","0","0","0","0","0","0","0","0"
"00000308","비엔날레전시관입구","00000211","마을777(우치공원)","20221003","12","10","9","10","10","6","7","6","0","0","1","0","2","4","1","4","0","0","1","0","0","0","1","0","0","0","0","0","0","0","0","0","0","0","0","0","0","0","0","0","0","0","0","0","0","0","0","0"
"00000309","마재대주아파트","00000001","순환01(시청행)","20221003","2","9","8","9","2","7","7","7","0","0","0","0","0","2","1","2","1","2","1","2","1","1","1","1","0","0","0","0","0","1","0","1","2","4","6","4","2","4","6","4","0","0","0","0","0","0","0","0"
"00000309","마재대주아파트","00000003","매월06","20221003","8","14","7","14","8","12","7","12","0","0","0","0","0","2","0","2","2","2","2","2","2","2","2","2","0","0","0","0","0","0","0","0","1","0","3","0","1","0","3","0","0","0","0","0","0","0","0","0"
"00000309","마재대주아파트","00000008","진월17","20221003","0","0","0","0","0","0","0","0","0","0","0","0","0","0","0","0","7","2","3","2","6","2","3","2","0","0","0","0","1","0","0","0","0","0","1","0","0","0","1","0","0","0","0","0","0","0","0","0"
"00000309","마재대주아파트","00000013","매월26","20221003","17","18","12","18","12","16","11","16","1","1","0","1","4","1","1","1","2","1","2","1","2","1","2","1","0","0","0","0","0","0","0","0","2","0","0","0","1","0","0","0","1","0","0","0","0","0","0","0"
"00000309","마재대주아파트","00000023","지원45","20221003","4","11","3","11","4","8","3","8","0","1","0","1","0","2","0","2","2","3","2","3","2","2","2","2","0","1","0","1","0","0","0","0","2","1","2","1","1","0","2","0","0","0","0","0","1","1","0","1"
"00000309","마재대주아파트","00000035","매월61(칠석)","20221003","2","2","8","2","2","2","7","2","0","0","1","0","0","0","0","0","0","1","3","1","0","1","3","1","0","0","0","0","0","0","0","0","0","1","0","1","0","1","0","1","0","0","0","0","0","0","0","0"
"00000309","마재대주아파트","00000043","송암72","20221003","7","1","1","1","7","1","0","1","0","0","0","0","0","0","1","0","0","0","0","0","0","0","0","0","0","0","0","0","0","0","0","0","0","0","1","0","0","0","0","0","0","0","0","0","0","0","1","0"
"00000309","마재대주아파트","00000083","대촌270","20221003","0","3","0","3","0","3","0","3","0","0","0","0","0","0","0","0","0","0","0","0","0","0","0","0","0","0","0","0","0","0","0","0","0","0","1","0","0","0","1","0","0","0","0","0","0","0","0","0"
"00000309","마재대주아파트","00000091","송암74","20221003","0","5","6","5","0","4","4","4","0","1","0","1","0","0","2","0","0","3","2","3","0","3","2","3","0","0","0","0","0","0","0","0","1","1","2","1","1","1","2","1","0","0","0","0","0","0","0","0"
"00000309","마재대주아파트","00000100","진월75","20221003","3","1","2","1","3","1","2","1","0","0","0","0","0","0","0","0","0","0","1","0","0","0","1","0","0","0","0","0","0","0","0","0","1","0","1","0","1","0","1","0","0","0","0","0","0","0","0","0"
"00000310","국립광주과학관","00000005","첨단09","20221003","1","3","5","3","1","1","4","1","0","1","0","1","0","1","1","1","0","0","0","0","0","0","0","0","0","0","0","0","0","0","0","0","0","0","0","0","0","0","0","0","0","0","0","0","0","0","0","0"
"00000310","국립광주과학관","00000007","매월16","20221003","0","1","0","1","0","1","0","1","0","0","0","0","0","0","0","0","0","1","0","1","0","1","0","1","0","0","0","0","0","0","0","0","0","0","0","0","0","0","0","0","0","0","0","0","0","0","0","0"
"00000310","국립광주과학관","00000017","첨단30","20221003","0","3","2","3","0","3","2","3","0","0","0","0","0","0","0","0","1","0","0","0","1","0","0","0","0","0","0","0","0","0","0","0","0","1","0","1","0","1","0","1","0","0","0","0","0","0","0","0"
"00000310","국립광주과학관","00000026","운림51","20221003","0","2","4","2","0","2","3","2","0","0","1","0","0","0","0","0","0","0","0","0","0","0","0","0","0","0","0","0","0","0","0","0","0","3","0","3","0","3","0","3","0","0","0","0","0","0","0","0"
"00000310","국립광주과학관","00000090","문흥39","20221003","0","3","0","3","0","1","0","1","0","2","0","2","0","0","0","0","0","0","0","0","0","0","0","0","0","0","0","0","0","0","0","0","0","0","0","0","0","0","0","0","0","0","0","0","0","0","0","0"
"00000310","국립광주과학관","00000095","금호46","20221003","0","1","1","1","0","1","1","1","0","0","0","0","0","0","0","0","0","0","0","0","0","0","0","0","0","0","0","0","0","0","0","0","0","0","0","0","0","0","0","0","0","0","0","0","0","0","0","0"
"00000310","국립광주과학관","00000117","첨단23","20221003","1","3","1","3","1","3","1","3","0","0","0","0","0","0","0","0","0","0","0","0","0","0","0","0","0","0","0","0","0","0","0","0","0","1","0","1","0","1","0","1","0","0","0","0","0","0","0","0"
"00000311","국립광주과학관","00000005","첨단09","20221003","0","0","0","0","0","0","0","0","0","0","0","0","0","0","0","0","0","4","0","4","0","3","0","3","0","1","0","1","0","0","0","0","1","0","0","0","1","0","0","0","0","0","0","0","0","0","0","0"
"00000311","국립광주과학관","00000026","운림51","20221003","0","0","0","0","0","0","0","0","0","0","0","0","0","0","0","0","0","0","1","0","0","0","1","0","0","0","0","0","0","0","0","0","0","0","0","0","0","0","0","0","0","0","0","0","0","0","0","0"
"00000311","국립광주과학관","00000090","문흥39","20221003","0","0","0","0","0","0","0","0","0","0","0","0","0","0","0","0","0","0","0","0","0","0","0","0","0","0","0","0","0","0","0","0","0","0","0","0","0","0","0","0","0","0","0","0","0","0","0","0"
"00000311","국립광주과학관","00000117","첨단23","20221003","0","0","0","0","0","0","0","0","0","0","0","0","0","0","0","0","1","0","0","0","1","0","0","0","0","0","0","0","0","0","0","0","0","0","0","0","0","0","0","0","0","0","0","0","0","0","0","0"
"00000312","장등동","00000010","송정19","20221003","0","0","0","0","0","0","0","0","0","0","0","0","0","0","0","0","0","0","0","0","0","0","0","0","0","0","0","0","0","0","0","0","0","0","0","0","0","0","0","0","0","0","0","0","0","0","0","0"
"00000312","장등동","00000018","운림35","20221003","0","0","0","0","0","0","0","0","0","0","0","0","0","0","0","0","0","0","0","0","0","0","0","0","0","0","0","0","0","0","0","0","0","0","0","0","0","0","0","0","0","0","0","0","0","0","0","0"
"00000312","장등동","00000106","두암81(무등파크)","20221003","0","0","0","0","0","0","0","0","0","0","0","0","0","0","0","0","0","0","0","0","0","0","0","0","0","0","0","0","0","0","0","0","1","0","2","0","1","0","1","0","0","0","0","0","0","0","1","0"
"00000313","대촌마을","00000011","첨단20","20221003","1","0","1","0","1","0","1","0","0","0","0","0","0","0","0","0","0","0","0","0","0","0","0","0","0","0","0","0","0","0","0","0","0","0","0","0","0","0","0","0","0","0","0","0","0","0","0","0"
"00000313","대촌마을","00000026","운림51","20221003","0","1","1","1","0","1","1","1","0","0","0","0","0","0","0","0","0","0","0","0","0","0","0","0","0","0","0","0","0","0","0","0","0","0","0","0","0","0","0","0","0","0","0","0","0","0","0","0"
"00000316","광주시립미술관하정웅미술관","00000087","1187","20221003","5","0","1","0","5","0","1","0","0","0","0","0","0","0","0","0","0","0","0","0","0","0","0","0","0","0","0","0","0","0","0","0","0","0","0","0","0","0","0","0","0","0","0","0","0","0","0","0"
"00000318","봉선대화아파트","00000014","봉선27","20221003","8","1","10","1","8","1","10","1","0","0","0","0","0","0","0","0","0","1","0","1","0","1","0","1","0","0","0","0","0","0","0","0","0","1","0","1","0","1","0","1","0","0","0","0","0","0","0","0"
"00000318","봉선대화아파트","00000015","일곡28","20221003","4","9","7","9","4","9","4","9","0","0","0","0","0","0","3","0","0","1","2","1","0","1","2","1","0","0","0","0","0","0","0","0","0","0","1","0","0","0","1","0","0","0","0","0","0","0","0","0"
"00000318","봉선대화아파트","00000030","금남55","20221003","1","4","1","4","1","4","1","4","0","0","0","0","0","0","0","0","0","2","0","2","0","2","0","2","0","0","0","0","0","0","0","0","0","1","1","1","0","0","1","0","0","1","0","1","0","0","0","0"
"00000318","봉선대화아파트","00000034","금남59","20221003","4","7","1","7","4","5","1","5","0","0","0","0","0","2","0","2","0","0","0","0","0","0","0","0","0","0","0","0","0","0","0","0","0","1","0","1","0","1","0","1","0","0","0","0","0","0","0","0"
"00000318","봉선대화아파트","00000068","송정98","20221003","7","10","6","10","7","10","6","10","0","0","0","0","0","0","0","0","0","0","1","0","0","0","1","0","0","0","0","0","0","0","0","0","0","1","2","1","0","1","1","1","0","0","0","0","0","0","1","0"
"00000318","봉선대화아파트","00000111","송암68","20221003","13","12","7","12","13","10","7","10","0","0","0","0","0","2","0","2","1","0","0","0","1","0","0","0","0","0","0","0","0","0","0","0","0","1","2","1","0","1","1","1","0","0","1","0","0","0","0","0"
"00000320","덕산아파트","00000014","봉선27","20221003","11","6","5","6","10","5","3","5","0","0","0","0","1","1","2","1","2","1","2","1","2","1","2","1","0","0","0","0","0","0","0","0","2","0","0","0","2","0","0","0","0","0","0","0","0","0","0","0"
"00000320","덕산아파트","00000015","일곡28","20221003","18","3","4","3","18","3","3","3","0","0","0","0","0","0","1","0","0","3","3","3","0","3","3","3","0","0","0","0","0","0","0","0","0","0","0","0","0","0","0","0","0","0","0","0","0","0","0","0"
"00000320","덕산아파트","00000018","운림35","20221003","4","2","4","2","3","2","4","2","0","0","0","0","1","0","0","0","2","1","1","1","2","1","1","1","0","0","0","0","0","0","0","0","0","1","0","1","0","1","0","1","0","0","0","0","0","0","0","0"
"00000320","덕산아파트","00000030","금남55","20221003","2","1","0","1","2","1","0","1","0","0","0","0","0","0","0","0","0","0","0","0","0","0","0","0","0","0","0","0","0","0","0","0","0","0","0","0","0","0","0","0","0","0","0","0","0","0","0","0"
"00000320","덕산아파트","00000213","마을788","20221003","1","2","2","2","1","2","2","2","0","0","0","0","0","0","0","0","4","2","3","2","4","2","3","2","0","0","0","0","0","0","0","0","0","0","1","0","0","0","1","0","0","0","0","0","0","0","0","0"
"00000321","덕산아파트","00000014","봉선27","20221003","18","18","23","18","17","15","20","15","0","2","0","2","1","1","3","1","0","0","3","0","0","0","2","0","0","0","0","0","0","0","1","0","2","0","0","0","2","0","0","0","0","0","0","0","0","0","0","0"
"00000321","덕산아파트","00000015","일곡28","20221003","7","11","3","11","7","10","3","10","0","0","0","0","0","1","0","1","0","1","1","1","0","1","1","1","0","0","0","0","0","0","0","0","0","2","1","2","0","2","0","2","0","0","0","0","0","0","1","0"
"00000321","덕산아파트","00000018","운림35","20221003","2","5","3","5","2","4","3","4","0","1","0","1","0","0","0","0","1","0","2","0","1","0","2","0","0","0","0","0","0","0","0","0","1","0","0","0","1","0","0","0","0","0","0","0","0","0","0","0"
"00000321","덕산아파트","00000030","금남55","20221003","3","5","1","5","3","5","1","5","0","0","0","0","0","0","0","0","1","0","1","0","1","0","1","0","0","0","0","0","0","0","0","0","1","0","0","0","1","0","0","0","0","0","0","0","0","0","0","0"
"00000321","덕산아파트","00000213","마을788","20221003","0","2","0","2","0","2","0","2","0","0","0","0","0","0","0","0","0","0","1","0","0","0","1","0","0","0","0","0","0","0","0","0","0","0","0","0","0","0","0","0","0","0","0","0","0","0","0","0"
"00000323","중앙교회","00000080","첨단193","20221003","0","0","0","0","0","0","0","0","0","0","0","0","0","0","0","0","0","0","1","0","0","0","0","0","0","0","0","0","0","0","1","0","0","0","0","0","0","0","0","0","0","0","0","0","0","0","0","0"
"00000324","덕촌","00000080","첨단193","20221003","0","0","0","0","0","0","0","0","0","0","0","0","0","0","0","0","0","0","0","0","0","0","0","0","0","0","0","0","0","0","0","0","0","0","0","0","0","0","0","0","0","0","0","0","0","0","0","0"
"00000326","문흥지구입구(동)","00000003","매월06","20221003","0","0","0","0","0","0","0","0","0","0","0","0","0","0","0","0","0","0","0","0","0","0","0","0","0","0","0","0","0","0","0","0","0","0","1","0","0","0","1","0","0","0","0","0","0","0","0","0"
"00000326","문흥지구입구(동)","00000008","진월17","20221003","0","0","0","0","0","0","0","0","0","0","0","0","0","0","0","0","1","0","0","0","1","0","0","0","0","0","0","0","0","0","0","0","0","0","0","0","0","0","0","0","0","0","0","0","0","0","0","0"
"00000326","문흥지구입구(동)","00000009","문흥18","20221003","0","0","0","0","0","0","0","0","0","0","0","0","0","0","0","0","0","1","1","1","0","1","1","1","0","0","0","0","0","0","0","0","0","0","0","0","0","0","0","0","0","0","0","0","0","0","0","0"
"00000326","문흥지구입구(동)","00000010","송정19","20221003","0","0","0","0","0","0","0","0","0","0","0","0","0","0","0","0","0","0","0","0","0","0","0","0","0","0","0","0","0","0","0","0","0","0","0","0","0","0","0","0","0","0","0","0","0","0","0","0"
"00000326","문흥지구입구(동)","00000058","석곡87","20221003","0","0","0","0","0","0","0","0","0","0","0","0","0","0","0","0","0","0","1","0","0","0","1","0","0","0","0","0","0","0","0","0","1","0","1","0","1","0","1","0","0","0","0","0","0","0","0","0"
"00000326","문흥지구입구(동)","00000076","두암181","20221003","0","0","0","0","0","0","0","0","0","0","0","0","0","0","0","0","0","0","0","0","0","0","0","0","0","0","0","0","0","0","0","0","0","1","0","1","0","1","0","1","0","0","0","0","0","0","0","0"
"00000326","문흥지구입구(동)","00000086","518","20221003","0","0","0","0","0","0","0","0","0","0","0","0","0","0","0","0","0","0","0","0","0","0","0","0","0","0","0","0","0","0","0","0","0","1","0","1","0","1","0","1","0","0","0","0","0","0","0","0"
"00000326","문흥지구입구(동)","00000090","문흥39","20221003","0","0","0","0","0","0","0","0","0","0","0","0","0","0","0","0","1","0","0","0","1","0","0","0","0","0","0","0","0","0","0","0","0","0","0","0","0","0","0","0","0","0","0","0","0","0","0","0"
"00000326","문흥지구입구(동)","00000118","문흥53","20221003","0","0","0","0","0","0","0","0","0","0","0","0","0","0","0","0","2","0","0","0","2","0","0","0","0","0","0","0","0","0","0","0","0","0","0","0","0","0","0","0","0","0","0","0","0","0","0","0"
"00000327","도산동","00000010","송정19","20221003","0","2","0","2","0","2","0","2","0","0","0","0","0","0","0","0","0","0","0","0","0","0","0","0","0","0","0","0","0","0","0","0","0","0","0","0","0","0","0","0","0","0","0","0","0","0","0","0"
"00000327","도산동","00000016","송정29","20221003","0","1","0","1","0","0","0","0","0","1","0","1","0","0","0","0","0","0","0","0","0","0","0","0","0","0","0","0","0","0","0","0","0","0","0","0","0","0","0","0","0","0","0","0","0","0","0","0"
"00000327","도산동","00000023","지원45","20221003","0","1","0","1","0","1","0","1","0","0","0","0","0","0","0","0","0","0","0","0","0","0","0","0","0","0","0","0","0","0","0","0","0","0","0","0","0","0","0","0","0","0","0","0","0","0","0","0"
"00000327","도산동","00000044","송암73","20221003","0","0","0","0","0","0","0","0","0","0","0","0","0","0","0","0","0","0","0","0","0","0","0","0","0","0","0","0","0","0","0","0","0","0","0","0","0","0","0","0","0","0","0","0","0","0","0","0"
"00000327","도산동","00000068","송정98","20221003","0","0","0","0","0","0","0","0","0","0","0","0","0","0","0","0","0","0","2","0","0","0","2","0","0","0","0","0","0","0","0","0","0","0","0","0","0","0","0","0","0","0","0","0","0","0","0","0"
"00000327","도산동","00000092","첨단40","20221003","0","0","0","0","0","0","0","0","0","0","0","0","0","0","0","0","0","0","1","0","0","0","1","0","0","0","0","0","0","0","0","0","0","0","0","0","0","0","0","0","0","0","0","0","0","0","0","0"
"00000327","도산동","00000094","송정93","20221003","0","0","0","0","0","0","0","0","0","0","0","0","0","0","0","0","0","0","0","0","0","0","0","0","0","0","0","0","0","0","0","0","0","0","0","0","0","0","0","0","0","0","0","0","0","0","0","0"
"00000327","도산동","00000100","진월75","20221003","0","0","0","0","0","0","0","0","0","0","0","0","0","0","0","0","0","0","0","0","0","0","0","0","0","0","0","0","0","0","0","0","0","0","0","0","0","0","0","0","0","0","0","0","0","0","0","0"
"00000327","도산동","00000108","송정33","20221003","2","0","1","0","2","0","1","0","0","0","0","0","0","0","0","0","0","0","1","0","0","0","0","0","0","0","0","0","0","0","1","0","0","0","0","0","0","0","0","0","0","0","0","0","0","0","0","0"
"00000329","도산역","00000016","송정29","20221003","3","8","9","8","3","8","7","8","0","0","2","0","0","0","0","0","0","1","0","1","0","1","0","1","0","0","0","0","0","0","0","0","0","3","1","3","0","3","1","3","0","0","0","0","0","0","0","0"
"00000329","도산역","00000060","임곡90","20221003","2","0","1","0","2","0","1","0","0","0","0","0","0","0","0","0","0","1","0","1","0","1","0","1","0","0","0","0","0","0","0","0","0","0","0","0","0","0","0","0","0","0","0","0","0","0","0","0"
"00000329","도산역","00000068","송정98","20221003","5","5","2","5","4","4","2","4","0","0","0","0","1","1","0","1","0","0","0","0","0","0","0","0","0","0","0","0","0","0","0","0","1","1","1","1","1","1","1","1","0","0","0","0","0","0","0","0"
"00000329","도산역","00000082","송정197","20221003","0","0","1","0","0","0","1","0","0","0","0","0","0","0","0","0","0","0","0","0","0","0","0","0","0","0","0","0","0","0","0","0","0","0","0","0","0","0","0","0","0","0","0","0","0","0","0","0"
"00000329","도산역","00000085","송정296","20221003","2","0","2","0","2","0","2","0","0","0","0","0","0","0","0","0","0","0","0","0","0","0","0","0","0","0","0","0","0","0","0","0","1","0","0","0","1","0","0","0","0","0","0","0","0","0","0","0"
"00000329","도산역","00000100","진월75","20221003","2","2","1","2","2","2","1","2","0","0","0","0","0","0","0","0","0","0","0","0","0","0","0","0","0","0","0","0","0","0","0","0","0","2","3","2","0","1","2","1","0","0","0","0","0","1","1","1"
"00000329","도산역","00000108","송정33","20221003","2","7","2","7","2","7","2","7","0","0","0","0","0","0","0","0","0","0","1","0","0","0","1","0","0","0","0","0","0","0","0","0","0","2","2","2","0","2","2","2","0","0","0","0","0","0","0","0"
"00000329","도산역","00000109","좌석02","20221003","7","6","4","6","6","6","4","6","1","0","0","0","0","0","0","0","7","22","11","22","7","15","10","15","0","2","0","2","0","5","1","5","1","0","0","0","1","0","0","0","0","0","0","0","0","0","0","0"
"00000329","도산역","00000125","선운101","20221003","1","2","0","2","1","2","0","2","0","0","0","0","0","0","0","0","0","0","0","0","0","0","0","0","0","0","0","0","0","0","0","0","0","0","1","0","0","0","1","0","0","0","0","0","0","0","0","0"
"00000330","도산파출소","00000023","지원45","20221003","0","0","0","0","0","0","0","0","0","0","0","0","0","0","0","0","0","0","1","0","0","0","1","0","0","0","0","0","0","0","0","0","0","0","0","0","0","0","0","0","0","0","0","0","0","0","0","0"
"00000330","도산파출소","00000068","송정98","20221003","0","0","0","0","0","0","0","0","0","0","0","0","0","0","0","0","1","0","0","0","1","0","0","0","0","0","0","0","0","0","0","0","0","0","0","0","0","0","0","0","0","0","0","0","0","0","0","0"
"00000331","도산파출소","00000016","송정29","20221003","0","0","1","0","0","0","1","0","0","0","0","0","0","0","0","0","0","0","0","0","0","0","0","0","0","0","0","0","0","0","0","0","0","0","0","0","0","0","0","0","0","0","0","0","0","0","0","0"
"00000331","도산파출소","00000023","지원45","20221003","0","0","1","0","0","0","1","0","0","0","0","0","0","0","0","0","0","0","0","0","0","0","0","0","0","0","0","0","0","0","0","0","1","0","0","0","1","0","0","0","0","0","0","0","0","0","0","0"
"00000331","도산파출소","00000044","송암73","20221003","0","0","0","0","0","0","0","0","0","0","0","0","0","0","0","0","0","0","0","0","0","0","0","0","0","0","0","0","0","0","0","0","0","0","0","0","0","0","0","0","0","0","0","0","0","0","0","0"
"00000331","도산파출소","00000068","송정98","20221003","0","0","0","0","0","0","0","0","0","0","0","0","0","0","0","0","0","0","0","0","0","0","0","0","0","0","0","0","0","0","0","0","0","0","0","0","0","0","0","0","0","0","0","0","0","0","0","0"
"00000331","도산파출소","00000085","송정296","20221003","0","0","1","0","0","0","1","0","0","0","0","0","0","0","0","0","0","0","0","0","0","0","0","0","0","0","0","0","0","0","0","0","0","0","0","0","0","0","0","0","0","0","0","0","0","0","0","0"
"00000331","도산파출소","00000108","송정33","20221003","0","1","1","1","0","1","1","1","0","0","0","0","0","0","0","0","0","0","0","0","0","0","0","0","0","0","0","0","0","0","0","0","0","0","0","0","0","0","0","0","0","0","0","0","0","0","0","0"
"00000332","도선사","00000008","진월17","20221003","0","0","0","0","0","0","0","0","0","0","0","0","0","0","0","0","0","0","0","0","0","0","0","0","0","0","0","0","0","0","0","0","0","0","0","0","0","0","0","0","0","0","0","0","0","0","0","0"
"00000332","도선사","00000009","문흥18","20221003","0","0","0","0","0","0","0","0","0","0","0","0","0","0","0","0","0","0","0","0","0","0","0","0","0","0","0","0","0","0","0","0","0","1","0","1","0","1","0","1","0","0","0","0","0","0","0","0"
"00000332","도선사","00000018","운림35","20221003","0","0","0","0","0","0","0","0","0","0","0","0","0","0","0","0","0","0","0","0","0","0","0","0","0","0","0","0","0","0","0","0","2","0","0","0","2","0","0","0","0","0","0","0","0","0","0","0"
"00000332","도선사","00000058","석곡87","20221003","0","0","0","0","0","0","0","0","0","0","0","0","0","0","0","0","0","1","0","1","0","1","0","1","0","0","0","0","0","0","0","0","0","0","0","0","0","0","0","0","0","0","0","0","0","0","0","0"
"00000332","도선사","00000090","문흥39","20221003","0","0","0","0","0","0","0","0","0","0","0","0","0","0","0","0","0","0","0","0","0","0","0","0","0","0","0","0","0","0","0","0","0","0","1","0","0","0","1","0","0","0","0","0","0","0","0","0"
"00000333","도선사","00000024","송암47","20221003","0","0","0","0","0","0","0","0","0","0","0","0","0","0","0","0","0","0","0","0","0","0","0","0","0","0","0","0","0","0","0","0","0","0","0","0","0","0","0","0","0","0","0","0","0","0","0","0"
"00000333","도선사","00000058","석곡87","20221003","0","1","0","1","0","1","0","1","0","0","0","0","0","0","0","0","0","0","0","0","0","0","0","0","0","0","0","0","0","0","0","0","0","0","0","0","0","0","0","0","0","0","0","0","0","0","0","0"
"00000333","도선사","00000086","518","20221003","0","0","0","0","0","0","0","0","0","0","0","0","0","0","0","0","0","0","0","0","0","0","0","0","0","0","0","0","0","0","0","0","0","0","0","0","0","0","0","0","0","0","0","0","0","0","0","0"
"00000333","도선사","00000090","문흥39","20221003","0","0","0","0","0","0","0","0","0","0","0","0","0","0","0","0","0","0","0","0","0","0","0","0","0","0","0","0","0","0","0","0","0","0","0","0","0","0","0","0","0","0","0","0","0","0","0","0"
"00000333","도선사","00000091","송암74","20221003","0","0","0","0","0","0","0","0","0","0","0","0","0","0","0","0","0","0","0","0","0","0","0","0","0","0","0","0","0","0","0","0","0","0","0","0","0","0","0","0","0","0","0","0","0","0","0","0"
"00000333","도선사","00000130","두암81","20221003","0","0","0","0","0","0","0","0","0","0","0","0","0","0","0","0","0","1","0","1","0","1","0","1","0","0","0","0","0","0","0","0","0","0","0","0","0","0","0","0","0","0","0","0","0","0","0","0"
"00000335","도촌교","00000011","첨단20","20221003","1","0","0","0","1","0","0","0","0","0","0","0","0","0","0","0","1","0","3","0","1","0","3","0","0","0","0","0","0","0","0","0","0","0","0","0","0","0","0","0","0","0","0","0","0","0","0","0"
"00000335","도촌교","00000203","마을700","20221003","0","1","1","1","0","0","0","0","0","0","1","0","0","1","0","1","1","0","1","0","1","0","1","0","0","0","0","0","0","0","0","0","0","0","0","0","0","0","0","0","0","0","0","0","0","0","0","0"
"00000340","국립아시아문화전당(구.도청)","00000005","첨단09","20221003","3","11","40","11","3","11","32","11","0","0","0","0","0","0","8","0","6","17","14","17","5","16","12","16","0","0","0","0","1","1","2","1","7","5","5","5","7","5","4","5","0","0","0","0","0","0","1","0"
"00000340","국립아시아문화전당(구.도청)","00000023","지원45","20221003","1","3","18","3","1","3","14","3","0","0","1","0","0","0","3","0","10","5","7","5","10","5","7","5","0","0","0","0","0","0","0","0","0","1","1","1","0","1","1","1","0","0","0","0","0","0","0","0"
"00000340","국립아시아문화전당(구.도청)","00000026","운림51","20221003","2","9","21","9","2","9","17","9","0","0","0","0","0","0","4","0","4","8","7","8","4","7","7","7","0","1","0","1","0","0","0","0","2","2","0","2","2","2","0","2","0","0","0","0","0","0","0","0"
"00000340","국립아시아문화전당(구.도청)","00000030","금남55","20221003","0","0","5","0","0","0","4","0","0","0","0","0","0","0","1","0","0","1","0","1","0","1","0","1","0","0","0","0","0","0","0","0","2","1","1","1","2","1","1","1","0","0","0","0","0","0","0","0"
"00000340","국립아시아문화전당(구.도청)","00000034","금남59","20221003","0","10","34","10","0","10","26","10","0","0","3","0","0","0","5","0","3","0","0","0","3","0","0","0","0","0","0","0","0","0","0","0","1","0","2","0","1","0","2","0","0","0","0","0","0","0","0","0"
"00000340","국립아시아문화전당(구.도청)","00000035","매월61(칠석)","20221003","1","0","2","0","1","0","2","0","0","0","0","0","0","0","0","0","1","2","1","2","1","2","1","2","0","0","0","0","0","0","0","0","0","0","3","0","0","0","2","0","0","0","0","0","0","0","1","0"
"00000340","국립아시아문화전당(구.도청)","00000051","문흥80","20221003","0","1","20","1","0","1","16","1","0","0","0","0","0","0","4","0","0","0","0","0","0","0","0","0","0","0","0","0","0","0","0","0","0","2","4","2","0","2","2","2","0","0","1","0","0","0","1","0"
"00000340","국립아시아문화전당(구.도청)","00000065","첨단95","20221003","0","8","44","8","0","7","41","7","0","1","2","1","0","0","1","0","3","3","2","3","3","3","2","3","0","0","0","0","0","0","0","0","0","0","1","0","0","0","1","0","0","0","0","0","0","0","0","0"
"00000340","국립아시아문화전당(구.도청)","00000068","송정98","20221003","1","12","42","12","1","12","36","12","0","0","0","0","0","0","6","0","5","6","5","6","5","6","5","6","0","0","0","0","0","0","0","0","1","0","2","0","0","0","2","0","0","0","0","0","1","0","0","0"
"00000340","국립아시아문화전당(구.도청)","00000071","228(구151화순사평)","20221003","1","1","0","1","1","1","0","1","0","0","0","0","0","0","0","0","0","0","0","0","0","0","0","0","0","0","0","0","0","0","0","0","0","0","0","0","0","0","0","0","0","0","0","0","0","0","0","0"
"00000340","국립아시아문화전당(구.도청)","00000086","518","20221003","0","2","4","2","0","1","1","1","0","0","1","0","0","1","2","1","0","4","2","4","0","4","2","4","0","0","0","0","0","0","0","0","0","1","0","1","0","1","0","1","0","0","0","0","0","0","0","0"
"00000340","국립아시아문화전당(구.도청)","00000087","1187","20221003","0","4","3","4","0","4","3","4","0","0","0","0","0","0","0","0","0","0","1","0","0","0","1","0","0","0","0","0","0","0","0","0","7","3","1","3","7","3","1","3","0","0","0","0","0","0","0","0"
"00000340","국립아시아문화전당(구.도청)","00000088","금호36","20221003","0","25","46","25","0","22","40","22","0","0","2","0","0","3","4","3","1","10","4","10","1","7","4","7","0","1","0","1","0","2","0","2","4","8","11","8","4","7","11","7","0","0","0","0","0","1","0","1"
"00000340","국립아시아문화전당(구.도청)","00000097","1187-1","20221003","4","4","0","4","4","4","0","4","0","0","0","0","0","0","0","0","0","0","0","0","0","0","0","0","0","0","0","0","0","0","0","0","8","12","0","12","7","12","0","12","0","0","0","0","1","0","0","0"
"00000340","국립아시아문화전당(구.도청)","00000102","수완12","20221003","3","7","17","7","3","7","10","7","0","0","5","0","0","0","2","0","3","8","1","8","2","7","1","7","0","0","0","0","1","1","0","1","1","3","0","3","1","3","0","3","0","0","0","0","0","0","0","0"
"00000340","국립아시아문화전당(구.도청)","00000109","좌석02","20221003","0","1","2","1","0","1","0","1","0","0","1","0","0","0","1","0","1","11","7","11","1","10","7","10","0","0","0","0","0","1","0","1","1","1","0","1","1","1","0","1","0","0","0","0","0","0","0","0"
"00000340","국립아시아문화전당(구.도청)","00000122","228(화순전대병원)","20221003","1","2","20","2","1","1","16","1","0","0","2","0","0","1","2","1","0","0","1","0","0","0","1","0","0","0","0","0","0","0","0","0","3","1","0","1","3","1","0","1","0","0","0","0","0","0","0","0"
"00000341","도촌교","00000011","첨단20","20221003","0","1","2","1","0","1","2","1","0","0","0","0","0","0","0","0","1","0","1","0","1","0","1","0","0","0","0","0","0","0","0","0","0","0","0","0","0","0","0","0","0","0","0","0","0","0","0","0"
"00000341","도촌교","00000203","마을700","20221003","0","0","0","0","0","0","0","0","0","0","0","0","0","0","0","0","0","0","1","0","0","0","1","0","0","0","0","0","0","0","0","0","0","0","0","0","0","0","0","0","0","0","0","0","0","0","0","0"
"00000342","도현","00000011","첨단20","20221003","0","2","0","2","0","2","0","2","0","0","0","0","0","0","0","0","0","0","0","0","0","0","0","0","0","0","0","0","0","0","0","0","0","0","0","0","0","0","0","0","0","0","0","0","0","0","0","0"
"00000342","도현","00000064","첨단94","20221003","0","0","0","0","0","0","0","0","0","0","0","0","0","0","0","0","0","0","0","0","0","0","0","0","0","0","0","0","0","0","0","0","0","0","0","0","0","0","0","0","0","0","0","0","0","0","0","0"
"00000343","도현","00000011","첨단20","20221003","0","0","1","0","0","0","1","0","0","0","0","0","0","0","0","0","0","1","0","1","0","1","0","1","0","0","0","0","0","0","0","0","0","0","0","0","0","0","0","0","0","0","0","0","0","0","0","0"
"00000344","돌고개역(동)","00000010","송정19","20221003","1","1","1","1","1","1","1","1","0","0","0","0","0","0","0","0","0","1","4","1","0","1","4","1","0","0","0","0","0","0","0","0","0","0","1","0","0","0","1","0","0","0","0","0","0","0","0","0"
"00000344","돌고개역(동)","00000017","첨단30","20221003","2","2","2","2","2","2","2","2","0","0","0","0","0","0","0","0","0","0","1","0","0","0","1","0","0","0","0","0","0","0","0","0","0","0","4","0","0","0","4","0","0","0","0","0","0","0","0","0"
"00000344","돌고개역(동)","00000019","봉선37","20221003","1","5","1","5","1","4","1","4","0","1","0","1","0","0","0","0","2","0","0","0","2","0","0","0","0","0","0","0","0","0","0","0","0","0","0","0","0","0","0","0","0","0","0","0","0","0","0","0"
"00000344","돌고개역(동)","00000039","유덕65","20221003","0","1","1","1","0","1","1","1","0","0","0","0","0","0","0","0","0","0","0","0","0","0","0","0","0","0","0","0","0","0","0","0","1","0","0","0","1","0","0","0","0","0","0","0","0","0","0","0"
"00000344","돌고개역(동)","00000059","임곡89","20221003","0","0","0","0","0","0","0","0","0","0","0","0","0","0","0","0","0","0","0","0","0","0","0","0","0","0","0","0","0","0","0","0","0","0","0","0","0","0","0","0","0","0","0","0","0","0","0","0"
"00000344","돌고개역(동)","00000090","문흥39","20221003","0","0","1","0","0","0","0","0","0","0","1","0","0","0","0","0","0","2","2","2","0","2","2","2","0","0","0","0","0","0","0","0","0","0","0","0","0","0","0","0","0","0","0","0","0","0","0","0"
"00000344","돌고개역(동)","00000101","송암31","20221003","1","1","2","1","1","1","2","1","0","0","0","0","0","0","0","0","0","0","0","0","0","0","0","0","0","0","0","0","0","0","0","0","0","0","0","0","0","0","0","0","0","0","0","0","0","0","0","0"
"00000344","돌고개역(동)","00000119","지원56","20221003","0","0","0","0","0","0","0","0","0","0","0","0","0","0","0","0","0","0","0","0","0","0","0","0","0","0","0","0","0","0","0","0","0","0","1","0","0","0","0","0","0","0","1","0","0","0","0","0"
"00000344","돌고개역(동)","00000201","마을760","20221003","1","3","1","3","1","3","0","3","0","0","1","0","0","0","0","0","0","0","1","0","0","0","1","0","0","0","0","0","0","0","0","0","0","0","1","0","0","0","1","0","0","0","0","0","0","0","0","0"
"00000345","돌고개역(동)","00000010","송정19","20221003","3","2","8","2","3","2","7","2","0","0","1","0","0","0","0","0","1","1","3","1","1","1","3","1","0","0","0","0","0","0","0","0","2","1","1","1","2","1","1","1","0","0","0","0","0","0","0","0"
"00000345","돌고개역(동)","00000017","첨단30","20221003","5","6","8","6","3","6","5","6","1","0","1","0","1","0","2","0","1","0","0","0","1","0","0","0","0","0","0","0","0","0","0","0","5","8","4","8","5","8","4","8","0","0","0","0","0","0","0","0"
"00000345","돌고개역(동)","00000019","봉선37","20221003","5","2","4","2","4","2","3","2","0","0","0","0","1","0","1","0","7","4","1","4","7","4","1","4","0","0","0","0","0","0","0","0","2","1","1","1","2","1","1","1","0","0","0","0","0","0","0","0"
"00000345","돌고개역(동)","00000027","지원52","20221003","0","0","0","0","0","0","0","0","0","0","0","0","0","0","0","0","0","0","0","0","0","0","0","0","0","0","0","0","0","0","0","0","0","0","0","0","0","0","0","0","0","0","0","0","0","0","0","0"
"00000345","돌고개역(동)","00000034","금남59","20221003","1","6","0","6","1","5","0","5","0","0","0","0","0","1","0","1","9","7","3","7","9","7","3","7","0","0","0","0","0","0","0","0","2","3","0","3","2","2","0","2","0","0","0","0","0","1","0","1"
"00000345","돌고개역(동)","00000035","매월61(칠석)","20221003","2","0","0","0","1","0","0","0","0","0","0","0","1","0","0","0","3","5","1","5","3","4","1","4","0","0","0","0","0","1","0","1","0","0","1","0","0","0","1","0","0","0","0","0","0","0","0","0"
"00000345","돌고개역(동)","00000039","유덕65","20221003","0","0","0","0","0","0","0","0","0","0","0","0","0","0","0","0","3","1","0","1","3","1","0","1","0","0","0","0","0","0","0","0","0","0","0","0","0","0","0","0","0","0","0","0","0","0","0","0"
"00000345","돌고개역(동)","00000043","송암72","20221003","3","7","3","7","2","6","3","6","0","0","0","0","1","1","0","1","1","2","0","2","1","2","0","2","0","0","0","0","0","0","0","0","0","2","1","2","0","2","1","2","0","0","0","0","0","0","0","0"
"00000345","돌고개역(동)","00000050","진월79","20221003","0","0","0","0","0","0","0","0","0","0","0","0","0","0","0","0","1","6","3","6","1","6","3","6","0","0","0","0","0","0","0","0","0","0","0","0","0","0","0","0","0","0","0","0","0","0","0","0"
"00000345","돌고개역(동)","00000059","임곡89","20221003","0","1","0","1","0","1","0","1","0","0","0","0","0","0","0","0","0","1","0","1","0","1","0","1","0","0","0","0","0","0","0","0","2","0","0","0","2","0","0","0","0","0","0","0","0","0","0","0"
"00000345","돌고개역(동)","00000069","송정99","20221003","0","0","0","0","0","0","0","0","0","0","0","0","0","0","0","0","0","0","0","0","0","0","0","0","0","0","0","0","0","0","0","0","0","0","0","0","0","0","0","0","0","0","0","0","0","0","0","0"
"00000345","돌고개역(동)","00000088","금호36","20221003","4","3","4","3","3","3","4","3","0","0","0","0","1","0","0","0","4","4","2","4","4","4","2","4","0","0","0","0","0","0","0","0","0","3","0","3","0","3","0","3","0","0","0","0","0","0","0","0"
"00000345","돌고개역(동)","00000090","문흥39","20221003","6","0","1","0","6","0","1","0","0","0","0","0","0","0","0","0","4","2","2","2","4","2","2","2","0","0","0","0","0","0","0","0","1","3","1","3","1","3","1","3","0","0","0","0","0","0","0","0"
"00000345","돌고개역(동)","00000101","송암31","20221003","0","0","1","0","0","0","0","0","0","0","0","0","0","0","1","0","4","1","1","1","4","1","1","1","0","0","0","0","0","0","0","0","0","0","0","0","0","0","0","0","0","0","0","0","0","0","0","0"
"00000345","돌고개역(동)","00000119","지원56","20221003","1","1","0","1","1","1","0","1","0","0","0","0","0","0","0","0","3","3","0","3","2","3","0","3","0","0","0","0","1","0","0","0","2","0","0","0","2","0","0","0","0","0","0","0","0","0","0","0"
"00000346","동강대후문","00000014","봉선27","20221003","3","4","4","4","3","4","3","4","0","0","1","0","0","0","0","0","4","0","5","0","4","0","3","0","0","0","0","0","0","0","2","0","0","0","0","0","0","0","0","0","0","0","0","0","0","0","0","0"
"00000346","동강대후문","00000015","일곡28","20221003","0","2","5","2","0","0","5","0","0","2","0","2","0","0","0","0","0","0","2","0","0","0","1","0","0","0","0","0","0","0","1","0","0","0","3","0","0","0","2","0","0","0","0","0","0","0","1","0"
"00000346","동강대후문","00000018","운림35","20221003","0","1","3","1","0","1","1","1","0","0","0","0","0","0","2","0","0","0","0","0","0","0","0","0","0","0","0","0","0","0","0","0","1","1","4","1","1","1","4","1","0","0","0","0","0","0","0","0"
"00000346","동강대후문","00000030","금남55","20221003","0","0","0","0","0","0","0","0","0","0","0","0","0","0","0","0","0","0","0","0","0","0","0","0","0","0","0","0","0","0","0","0","0","0","0","0","0","0","0","0","0","0","0","0","0","0","0","0"
"00000346","동강대후문","00000213","마을788","20221003","0","0","0","0","0","0","0","0","0","0","0","0","0","0","0","0","0","0","0","0","0","0","0","0","0","0","0","0","0","0","0","0","0","0","0","0","0","0","0","0","0","0","0","0","0","0","0","0"
"00000347","동강대후문","00000014","봉선27","20221003","3","2","4","2","3","2","4","2","0","0","0","0","0","0","0","0","10","7","8","7","10","7","8","7","0","0","0","0","0","0","0","0","0","0","2","0","0","0","2","0","0","0","0","0","0","0","0","0"
"00000347","동강대후문","00000015","일곡28","20221003","1","2","2","2","1","2","2","2","0","0","0","0","0","0","0","0","5","7","8","7","5","5","8","5","0","2","0","2","0","0","0","0","0","0","0","0","0","0","0","0","0","0","0","0","0","0","0","0"
"00000347","동강대후문","00000018","운림35","20221003","0","1","1","1","0","1","0","1","0","0","0","0","0","0","1","0","3","4","2","4","3","4","2","4","0","0","0","0","0","0","0","0","0","0","0","0","0","0","0","0","0","0","0","0","0","0","0","0"
"00000347","동강대후문","00000030","금남55","20221003","0","0","0","0","0","0","0","0","0","0","0","0","0","0","0","0","1","2","2","2","1","2","2","2","0","0","0","0","0","0","0","0","0","0","0","0","0","0","0","0","0","0","0","0","0","0","0","0"
"00000347","동강대후문","00000213","마을788","20221003","0","0","1","0","0","0","1","0","0","0","0","0","0","0","0","0","0","0","1","0","0","0","1","0","0","0","0","0","0","0","0","0","0","0","0","0","0","0","0","0","0","0","0","0","0","0","0","0"
"00000348","대인광장(동)","00000020","일곡38","20221003","2","4","3","4","2","4","3","4","0","0","0","0","0","0","0","0","2","1","1","1","2","1","1","1","0","0","0","0","0","0","0","0","0","0","0","0","0","0","0","0","0","0","0","0","0","0","0","0"
"00000348","대인광장(동)","00000032","금남57","20221003","0","1","1","1","0","1","1","1","0","0","0","0","0","0","0","0","1","3","0","3","1","3","0","3","0","0","0","0","0","0","0","0","0","0","0","0","0","0","0","0","0","0","0","0","0","0","0","0"
"00000348","대인광장(동)","00000087","1187","20221003","4","2","0","2","4","2","0","2","0","0","0","0","0","0","0","0","0","0","0","0","0","0","0","0","0","0","0","0","0","0","0","0","1","0","0","0","1","0","0","0","0","0","0","0","0","0","0","0"
"00000348","대인광장(동)","00000106","두암81(무등파크)","20221003","0","0","0","0","0","0","0","0","0","0","0","0","0","0","0","0","0","0","0","0","0","0","0","0","0","0","0","0","0","0","0","0","0","0","0","0","0","0","0","0","0","0","0","0","0","0","0","0"
"00000348","대인광장(동)","00000130","두암81","20221003","0","0","0","0","0","0","0","0","0","0","0","0","0","0","0","0","0","0","0","0","0","0","0","0","0","0","0","0","0","0","0","0","0","0","0","0","0","0","0","0","0","0","0","0","0","0","0","0"
"00000349","대인광장(동)","00000020","일곡38","20221003","5","3","5","3","5","3","5","3","0","0","0","0","0","0","0","0","2","0","0","0","2","0","0","0","0","0","0","0","0","0","0","0","0","0","0","0","0","0","0","0","0","0","0","0","0","0","0","0"
"00000349","대인광장(동)","00000032","금남57","20221003","2","7","3","7","2","7","3","7","0","0","0","0","0","0","0","0","0","0","0","0","0","0","0","0","0","0","0","0","0","0","0","0","0","0","0","0","0","0","0","0","0","0","0","0","0","0","0","0"
"00000349","대인광장(동)","00000087","1187","20221003","3","4","5","4","3","4","4","4","0","0","0","0","0","0","1","0","0","1","0","1","0","1","0","1","0","0","0","0","0","0","0","0","0","0","0","0","0","0","0","0","0","0","0","0","0","0","0","0"
"00000350","동구노인종합복지관","00000087","1187","20221003","0","2","1","2","0","2","1","2","0","0","0","0","0","0","0","0","0","1","2","1","0","1","2","1","0","0","0","0","0","0","0","0","0","0","0","0","0","0","0","0","0","0","0","0","0","0","0","0"
"00000350","동구노인종합복지관","00000091","송암74","20221003","4","6","4","6","4","6","3","6","0","0","0","0","0","0","1","0","1","3","0","3","1","3","0","3","0","0","0","0","0","0","0","0","0","1","0","1","0","1","0","1","0","0","0","0","0","0","0","0"
"00000350","동구노인종합복지관","00000097","1187-1","20221003","0","0","0","0","0","0","0","0","0","0","0","0","0","0","0","0","0","2","0","2","0","2","0","2","0","0","0","0","0","0","0","0","0","0","0","0","0","0","0","0","0","0","0","0","0","0","0","0"
"00000350","동구노인종합복지관","00000106","두암81(무등파크)","20221003","0","0","0","0","0","0","0","0","0","0","0","0","0","0","0","0","0","0","1","0","0","0","1","0","0","0","0","0","0","0","0","0","0","0","0","0","0","0","0","0","0","0","0","0","0","0","0","0"
"00000350","동구노인종합복지관","00000130","두암81","20221003","0","1","1","1","0","0","1","0","0","0","0","0","0","1","0","1","0","0","0","0","0","0","0","0","0","0","0","0","0","0","0","0","0","0","0","0","0","0","0","0","0","0","0","0","0","0","0","0"
"00000351","동구노인종합복지관","00000052","두암81(각화초교)","20221003","0","1","0","1","0","1","0","1","0","0","0","0","0","0","0","0","0","0","0","0","0","0","0","0","0","0","0","0","0","0","0","0","0","0","0","0","0","0","0","0","0","0","0","0","0","0","0","0"
"00000351","동구노인종합복지관","00000087","1187","20221003","1","2","3","2","1","2","2","2","0","0","1","0","0","0","0","0","0","0","1","0","0","0","1","0","0","0","0","0","0","0","0","0","1","2","0","2","1","1","0","1","0","0","0","0","0","1","0","1"
"00000351","동구노인종합복지관","00000091","송암74","20221003","0","1","13","1","0","0","13","0","0","0","0","0","0","1","0","1","0","3","2","3","0","2","1","2","0","0","0","0","0","1","1","1","0","0","0","0","0","0","0","0","0","0","0","0","0","0","0","0"
"00000351","동구노인종합복지관","00000097","1187-1","20221003","0","2","0","2","0","2","0","2","0","0","0","0","0","0","0","0","0","0","0","0","0","0","0","0","0","0","0","0","0","0","0","0","1","1","0","1","1","1","0","1","0","0","0","0","0","0","0","0"
"00000351","동구노인종합복지관","00000129","두암81(장등동)","20221003","0","0","1","0","0","0","1","0","0","0","0","0","0","0","0","0","0","0","0","0","0","0","0","0","0","0","0","0","0","0","0","0","0","0","0","0","0","0","0","0","0","0","0","0","0","0","0","0"
"00000352","동구청","00000019","봉선37","20221003","1","3","26","3","1","3","17","3","0","0","1","0","0","0","8","0","2","0","2","0","2","0","2","0","0","0","0","0","0","0","0","0","0","1","1","1","0","1","1","1","0","0","0","0","0","0","0","0"
"00000352","동구청","00000027","지원52","20221003","0","0","0","0","0","0","0","0","0","0","0","0","0","0","0","0","0","0","0","0","0","0","0","0","0","0","0","0","0","0","0","0","1","1","0","1","1","1","0","1","0","0","0","0","0","0","0","0"
"00000352","동구청","00000029","운림54","20221003","2","4","11","4","2","3","8","3","0","0","1","0","0","1","2","1","8","13","14","13","8","13","13","13","0","0","0","0","0","0","1","0","1","2","0","2","1","2","0","2","0","0","0","0","0","0","0","0"
"00000352","동구청","00000031","419","20221003","0","0","1","0","0","0","0","0","0","0","0","0","0","0","1","0","0","1","3","1","0","1","3","1","0","0","0","0","0","0","0","0","1","0","1","0","1","0","1","0","0","0","0","0","0","0","0","0"
"00000352","동구청","00000032","금남57","20221003","0","0","0","0","0","0","0","0","0","0","0","0","0","0","0","0","2","5","3","5","2","5","3","5","0","0","0","0","0","0","0","0","2","2","4","2","2","2","2","2","0","0","0","0","0","0","2","0"
"00000352","동구청","00000033","금남58","20221003","0","2","8","2","0","2","7","2","0","0","0","0","0","0","1","0","1","4","1","4","1","4","1","4","0","0","0","0","0","0","0","0","0","0","0","0","0","0","0","0","0","0","0","0","0","0","0","0"
"00000352","동구청","00000058","석곡87","20221003","0","0","1","0","0","0","1","0","0","0","0","0","0","0","0","0","1","0","0","0","1","0","0","0","0","0","0","0","0","0","0","0","0","0","0","0","0","0","0","0","0","0","0","0","0","0","0","0"
"00000352","동구청","00000072","지원152(능주역)","20221003","0","0","1","0","0","0","1","0","0","0","0","0","0","0","0","0","0","0","0","0","0","0","0","0","0","0","0","0","0","0","0","0","0","0","1","0","0","0","1","0","0","0","0","0","0","0","0","0"
"00000352","동구청","00000086","518","20221003","1","0","6","0","1","0","3","0","0","0","0","0","0","0","3","0","0","1","2","1","0","1","2","1","0","0","0","0","0","0","0","0","0","0","1","0","0","0","1","0","0","0","0","0","0","0","0","0"
"00000352","동구청","00000087","1187","20221003","0","3","1","3","0","3","1","3","0","0","0","0","0","0","0","0","1","5","12","5","1","5","12","5","0","0","0","0","0","0","0","0","0","0","0","0","0","0","0","0","0","0","0","0","0","0","0","0"
"00000352","동구청","00000098","수완49","20221003","0","3","4","3","0","3","2","3","0","0","0","0","0","0","2","0","1","2","0","2","1","1","0","1","0","0","0","0","0","1","0","1","0","0","0","0","0","0","0","0","0","0","0","0","0","0","0","0"
"00000352","동구청","00000123","지원152(도웅리)","20221003","0","0","0","0","0","0","0","0","0","0","0","0","0","0","0","0","0","0","0","0","0","0","0","0","0","0","0","0","0","0","0","0","0","0","0","0","0","0","0","0","0","0","0","0","0","0","0","0"
"00000356","동구청","00000019","봉선37","20221003","0","1","12","1","0","1","11","1","0","0","0","0","0","0","1","0","5","6","4","6","5","6","4","6","0","0","0","0","0","0","0","0","1","1","0","1","1","1","0","1","0","0","0","0","0","0","0","0"
"00000356","동구청","00000027","지원52","20221003","0","0","0","0","0","0","0","0","0","0","0","0","0","0","0","0","0","1","0","1","0","1","0","1","0","0","0","0","0","0","0","0","0","0","0","0","0","0","0","0","0","0","0","0","0","0","0","0"
"00000356","동구청","00000029","운림54","20221003","6","8","62","8","6","8","54","8","0","0","1","0","0","0","7","0","0","8","2","8","0","7","1","7","0","1","1","1","0","0","0","0","1","1","4","1","1","1","4","1","0","0","0","0","0","0","0","0"
"00000356","동구청","00000058","석곡87","20221003","2","1","1","1","2","0","1","0","0","0","0","0","0","1","0","1","0","1","0","1","0","0","0","0","0","0","0","0","0","1","0","1","0","1","0","1","0","1","0","1","0","0","0","0","0","0","0","0"
"00000356","동구청","00000072","지원152(능주역)","20221003","0","0","0","0","0","0","0","0","0","0","0","0","0","0","0","0","1","2","0","2","1","2","0","2","0","0","0","0","0","0","0","0","0","0","0","0","0","0","0","0","0","0","0","0","0","0","0","0"
"00000356","동구청","00000086","518","20221003","0","0","0","0","0","0","0","0","0","0","0","0","0","0","0","0","0","1","0","1","0","1","0","1","0","0","0","0","0","0","0","0","0","0","0","0","0","0","0","0","0","0","0","0","0","0","0","0"
"00000356","동구청","00000087","1187","20221003","0","0","3","0","0","0","2","0","0","0","0","0","0","0","1","0","0","0","0","0","0","0","0","0","0","0","0","0","0","0","0","0","4","1","2","1","4","1","2","1","0","0","0","0","0","0","0","0"
"00000356","동구청","00000097","1187-1","20221003","1","0","0","0","1","0","0","0","0","0","0","0","0","0","0","0","0","0","0","0","0","0","0","0","0","0","0","0","0","0","0","0","7","1","0","1","7","1","0","1","0","0","0","0","0","0","0","0"
"00000356","동구청","00000098","수완49","20221003","1","0","3","0","1","0","1","0","0","0","0","0","0","0","2","0","0","1","1","1","0","1","1","1","0","0","0","0","0","0","0","0","0","1","0","1","0","1","0","1","0","0","0","0","0","0","0","0"
"00000356","동구청","00000123","지원152(도웅리)","20221003","0","0","0","0","0","0","0","0","0","0","0","0","0","0","0","0","0","2","3","2","0","2","2","2","0","0","0","0","0","0","1","0","0","0","0","0","0","0","0","0","0","0","0","0","0","0","0","0"
"00000359","동림교","00000017","첨단30","20221003","1","7","1","7","1","4","1","4","0","2","0","2","0","1","0","1","2","1","1","1","2","1","1","1","0","0","0","0","0","0","0","0","0","1","0","1","0","1","0","1","0","0","0","0","0","0","0","0"
"00000359","동림교","00000033","금남58","20221003","4","6","3","6","4","3","3","3","0","0","0","0","0","3","0","3","1","2","0","2","0","2","0","2","0","0","0","0","1","0","0","0","0","0","0","0","0","0","0","0","0","0","0","0","0","0","0","0"
"00000359","동림교","00000071","228(구151화순사평)","20221003","1","0","0","0","1","0","0","0","0","0","0","0","0","0","0","0","1","0","0","0","1","0","0","0","0","0","0","0","0","0","0","0","0","0","0","0","0","0","0","0","0","0","0","0","0","0","0","0"
"00000359","동림교","00000122","228(화순전대병원)","20221003","1","1","1","1","1","1","1","1","0","0","0","0","0","0","0","0","1","2","1","2","1","1","1","1","0","0","0","0","0","1","0","1","0","0","0","0","0","0","0","0","0","0","0","0","0","0","0","0"
"00000359","동림교","00000214","마을799","20221003","1","0","0","0","0","0","0","0","0","0","0","0","1","0","0","0","0","0","0","0","0","0","0","0","0","0","0","0","0","0","0","0","0","0","0","0","0","0","0","0","0","0","0","0","0","0","0","0"
"00000360","동림삼익아파트","00000017","첨단30","20221003","0","0","0","0","0","0","0","0","0","0","0","0","0","0","0","0","0","0","2","0","0","0","0","0","0","0","2","0","0","0","0","0","0","1","0","1","0","1","0","1","0","0","0","0","0","0","0","0"
"00000360","동림삼익아파트","00000071","228(구151화순사평)","20221003","0","0","0","0","0","0","0","0","0","0","0","0","0","0","0","0","1","0","0","0","1","0","0","0","0","0","0","0","0","0","0","0","0","0","0","0","0","0","0","0","0","0","0","0","0","0","0","0"
"00000360","동림삼익아파트","00000122","228(화순전대병원)","20221003","0","0","0","0","0","0","0","0","0","0","0","0","0","0","0","0","0","2","1","2","0","2","1","2","0","0","0","0","0","0","0","0","0","0","0","0","0","0","0","0","0","0","0","0","0","0","0","0"
"00000360","동림삼익아파트","00000214","마을799","20221003","1","1","0","1","1","1","0","1","0","0","0","0","0","0","0","0","0","0","0","0","0","0","0","0","0","0","0","0","0","0","0","0","0","0","0","0","0","0","0","0","0","0","0","0","0","0","0","0"
"00000361","동림삼익아파트","00000017","첨단30","20221003","25","21","13","21","25","15","12","15","0","6","0","6","0","0","1","0","0","0","1","0","0","0","1","0","0","0","0","0","0","0","0","0","0","0","1","0","0","0","1","0","0","0","0","0","0","0","0","0"
"00000361","동림삼익아파트","00000033","금남58","20221003","42","41","26","41","38","26","15","26","1","4","3","4","3","11","8","11","0","1","0","1","0","1","0","1","0","0","0","0","0","0","0","0","0","0","3","0","0","0","2","0","0","0","1","0","0","0","0","0"
"00000361","동림삼익아파트","00000071","228(구151화순사평)","20221003","4","0","0","0","4","0","0","0","0","0","0","0","0","0","0","0","0","0","0","0","0","0","0","0","0","0","0","0","0","0","0","0","0","0","0","0","0","0","0","0","0","0","0","0","0","0","0","0"
"00000361","동림삼익아파트","00000122","228(화순전대병원)","20221003","12","15","11","15","8","10","10","10","1","0","0","0","3","5","1","5","0","0","0","0","0","0","0","0","0","0","0","0","0","0","0","0","0","0","0","0","0","0","0","0","0","0","0","0","0","0","0","0"
"00000361","동림삼익아파트","00000214","마을799","20221003","1","0","1","0","1","0","1","0","0","0","0","0","0","0","0","0","0","0","2","0","0","0","2","0","0","0","0","0","0","0","0","0","0","0","0","0","0","0","0","0","0","0","0","0","0","0","0","0"
"00000364","동림푸른마을","00000007","매월16","20221003","13","11","4","11","12","11","3","11","0","0","0","0","1","0","1","0","1","1","1","1","1","1","0","1","0","0","0","0","0","0","1","0","0","0","0","0","0","0","0","0","0","0","0","0","0","0","0","0"
"00000364","동림푸른마을","00000014","봉선27","20221003","14","19","14","19","12","16","12","16","0","2","1","2","2","1","1","1","0","0","0","0","0","0","0","0","0","0","0","0","0","0","0","0","0","0","0","0","0","0","0","0","0","0","0","0","0","0","0","0"
"00000364","동림푸른마을","00000016","송정29","20221003","8","10","11","10","8","8","11","8","0","0","0","0","0","2","0","2","0","0","0","0","0","0","0","0","0","0","0","0","0","0","0","0","0","0","0","0","0","0","0","0","0","0","0","0","0","0","0","0"
"00000364","동림푸른마을","00000026","운림51","20221003","40","38","8","38","36","30","6","30","0","0","1","0","4","8","1","8","1","0","0","0","1","0","0","0","0","0","0","0","0","0","0","0","1","1","0","1","1","1","0","1","0","0","0","0","0","0","0","0"
"00000364","동림푸른마을","00000043","송암72","20221003","6","13","6","13","4","10","5","10","0","0","0","0","2","3","1","3","0","0","0","0","0","0","0","0","0","0","0","0","0","0","0","0","0","0","0","0","0","0","0","0","0","0","0","0","0","0","0","0"
"00000364","동림푸른마을","00000102","수완12","20221003","12","16","9","16","12","14","7","14","0","1","0","1","0","1","2","1","1","0","2","0","1","0","2","0","0","0","0","0","0","0","0","0","0","0","0","0","0","0","0","0","0","0","0","0","0","0","0","0"
"00000365","상전","00000023","지원45","20221003","0","0","0","0","0","0","0","0","0","0","0","0","0","0","0","0","3","5","2","5","3","5","2","5","0","0","0","0","0","0","0","0","0","0","0","0","0","0","0","0","0","0","0","0","0","0","0","0"
"00000365","상전","00000044","송암73","20221003","1","0","0","0","1","0","0","0","0","0","0","0","0","0","0","0","1","4","0","4","1","3","0","3","0","0","0","0","0","1","0","1","0","0","0","0","0","0","0","0","0","0","0","0","0","0","0","0"
"00000365","상전","00000092","첨단40","20221003","0","0","0","0","0","0","0","0","0","0","0","0","0","0","0","0","1","3","0","3","1","3","0","3","0","0","0","0","0","0","0","0","0","0","0","0","0","0","0","0","0","0","0","0","0","0","0","0"
"00000365","상전","00000125","선운101","20221003","0","0","1","0","0","0","1","0","0","0","0","0","0","0","0","0","1","2","0","2","1","2","0","2","0","0","0","0","0","0","0","0","0","0","0","0","0","0","0","0","0","0","0","0","0","0","0","0"
"00000366","동부소방서","00000004","진월07","20221003","10","13","19","13","10","13","19","13","0","0","0","0","0","0","0","0","2","4","0","4","2","4","0","4","0","0","0","0","0","0","0","0","0","1","3","1","0","1","3","1","0","0","0","0","0","0","0","0"
"00000366","동부소방서","00000019","봉선37","20221003","11","7","27","7","11","7","27","7","0","0","0","0","0","0","0","0","2","0","1","0","2","0","1","0","0","0","0","0","0","0","0","0","0","0","2","0","0","0","2","0","0","0","0","0","0","0","0","0"
"00000366","동부소방서","00000033","금남58","20221003","5","3","9","3","5","3","9","3","0","0","0","0","0","0","0","0","0","0","0","0","0","0","0","0","0","0","0","0","0","0","0","0","0","0","0","0","0","0","0","0","0","0","0","0","0","0","0","0"
"00000366","동부소방서","00000072","지원152(능주역)","20221003","0","2","0","2","0","2","0","2","0","0","0","0","0","0","0","0","0","0","0","0","0","0","0","0","0","0","0","0","0","0","0","0","0","0","0","0","0","0","0","0","0","0","0","0","0","0","0","0"
"00000366","동부소방서","00000106","두암81(무등파크)","20221003","0","0","1","0","0","0","1","0","0","0","0","0","0","0","0","0","0","0","0","0","0","0","0","0","0","0","0","0","0","0","0","0","0","0","0","0","0","0","0","0","0","0","0","0","0","0","0","0"
"00000366","동부소방서","00000109","좌석02","20221003","4","1","3","1","4","1","3","1","0","0","0","0","0","0","0","0","0","0","0","0","0","0","0","0","0","0","0","0","0","0","0","0","0","1","0","1","0","0","0","0","0","1","0","1","0","0","0","0"
"00000366","동부소방서","00000123","지원152(도웅리)","20221003","0","1","1","1","0","1","1","1","0","0","0","0","0","0","0","0","0","0","0","0","0","0","0","0","0","0","0","0","0","0","0","0","0","0","0","0","0","0","0","0","0","0","0","0","0","0","0","0"
"00000366","동부소방서","00000130","두암81","20221003","0","0","0","0","0","0","0","0","0","0","0","0","0","0","0","0","0","0","0","0","0","0","0","0","0","0","0","0","0","0","0","0","0","0","0","0","0","0","0","0","0","0","0","0","0","0","0","0"
"00000366","동부소방서","00000208","마을715(대촌)","20221003","3","1","1","1","3","1","1","1","0","0","0","0","0","0","0","0","0","0","0","0","0","0","0","0","0","0","0","0","0","0","0","0","0","0","0","0","0","0","0","0","0","0","0","0","0","0","0","0"
"00000367","동부소방서","00000019","봉선37","20221003","10","9","28","9","10","7","25","7","0","1","0","1","0","1","3","1","3","7","1","7","3","7","1","7","0","0","0","0","0","0","0","0","0","0","0","0","0","0","0","0","0","0","0","0","0","0","0","0"
"00000367","동부소방서","00000027","지원52","20221003","0","0","0","0","0","0","0","0","0","0","0","0","0","0","0","0","0","0","0","0","0","0","0","0","0","0","0","0","0","0","0","0","0","0","0","0","0","0","0","0","0","0","0","0","0","0","0","0"
"00000367","동부소방서","00000033","금남58","20221003","0","0","4","0","0","0","4","0","0","0","0","0","0","0","0","0","0","3","1","3","0","3","1","3","0","0","0","0","0","0","0","0","0","0","0","0","0","0","0","0","0","0","0","0","0","0","0","0"
"00000367","동부소방서","00000041","대촌70","20221003","1","0","1","0","1","0","1","0","0","0","0","0","0","0","0","0","0","0","1","0","0","0","1","0","0","0","0","0","0","0","0","0","0","0","0","0","0","0","0","0","0","0","0","0","0","0","0","0"
"00000367","동부소방서","00000052","두암81(각화초교)","20221003","0","0","1","0","0","0","1","0","0","0","0","0","0","0","0","0","1","0","0","0","1","0","0","0","0","0","0","0","0","0","0","0","0","0","0","0","0","0","0","0","0","0","0","0","0","0","0","0"
"00000367","동부소방서","00000072","지원152(능주역)","20221003","0","0","4","0","0","0","3","0","0","0","0","0","0","0","1","0","0","0","0","0","0","0","0","0","0","0","0","0","0","0","0","0","0","0","0","0","0","0","0","0","0","0","0","0","0","0","0","0"
"00000367","동부소방서","00000073","대촌170","20221003","0","1","0","1","0","0","0","0","0","0","0","0","0","1","0","1","0","0","0","0","0","0","0","0","0","0","0","0","0","0","0","0","0","1","0","1","0","1","0","1","0","0","0","0","0","0","0","0"
"00000367","동부소방서","00000077","용전184","20221003","0","0","0","0","0","0","0","0","0","0","0","0","0","0","0","0","0","0","0","0","0","0","0","0","0","0","0","0","0","0","0","0","2","0","0","0","2","0","0","0","0","0","0","0","0","0","0","0"
"00000367","동부소방서","00000109","좌석02","20221003","4","3","3","3","3","3","3","3","0","0","0","0","1","0","0","0","2","3","2","3","2","3","2","3","0","0","0","0","0","0","0","0","0","0","0","0","0","0","0","0","0","0","0","0","0","0","0","0"
"00000367","동부소방서","00000123","지원152(도웅리)","20221003","1","0","3","0","1","0","3","0","0","0","0","0","0","0","0","0","0","0","0","0","0","0","0","0","0","0","0","0","0","0","0","0","0","0","0","0","0","0","0","0","0","0","0","0","0","0","0","0"
"00000367","동부소방서","00000129","두암81(장등동)","20221003","1","1","4","1","1","1","4","1","0","0","0","0","0","0","0","0","0","0","0","0","0","0","0","0","0","0","0","0","0","0","0","0","0","0","0","0","0","0","0","0","0","0","0","0","0","0","0","0"
"00000367","동부소방서","00000208","마을715(대촌)","20221003","0","0","3","0","0","0","3","0","0","0","0","0","0","0","0","0","0","0","0","0","0","0","0","0","0","0","0","0","0","0","0","0","0","0","0","0","0","0","0","0","0","0","0","0","0","0","0","0"
"00000369","동산아파트","00000008","진월17","20221003","1","2","1","2","1","2","1","2","0","0","0","0","0","0","0","0","3","0","0","0","3","0","0","0","0","0","0","0","0","0","0","0","0","0","0","0","0","0","0","0","0","0","0","0","0","0","0","0"
"00000369","동산아파트","00000018","운림35","20221003","5","6","1","6","5","6","1","6","0","0","0","0","0","0","0","0","0","0","2","0","0","0","2","0","0","0","0","0","0","0","0","0","0","0","0","0","0","0","0","0","0","0","0","0","0","0","0","0"
"00000369","동산아파트","00000088","금호36","20221003","1","5","5","5","1","5","5","5","0","0","0","0","0","0","0","0","2","0","0","0","1","0","0","0","0","0","0","0","1","0","0","0","0","0","0","0","0","0","0","0","0","0","0","0","0","0","0","0"
"00000370","동산아파트","00000008","진월17","20221003","7","8","0","8","6","8","0","8","1","0","0","0","0","0","0","0","1","0","0","0","1","0","0","0","0","0","0","0","0","0","0","0","0","0","0","0","0","0","0","0","0","0","0","0","0","0","0","0"
"00000370","동산아파트","00000018","운림35","20221003","8","4","0","4","8","4","0","4","0","0","0","0","0","0","0","0","0","2","0","2","0","2","0","2","0","0","0","0","0","0","0","0","0","0","0","0","0","0","0","0","0","0","0","0","0","0","0","0"
"00000370","동산아파트","00000088","금호36","20221003","11","12","9","12","8","11","7","11","0","0","1","0","3","1","1","1","1","0","2","0","1","0","2","0","0","0","0","0","0","0","0","0","0","1","0","1","0","1","0","1","0","0","0","0","0","0","0","0"
"00000371","동산초교","00000008","진월17","20221003","3","3","1","3","3","3","1","3","0","0","0","0","0","0","0","0","2","0","1","0","2","0","1","0","0","0","0","0","0","0","0","0","0","0","0","0","0","0","0","0","0","0","0","0","0","0","0","0"
"00000371","동산초교","00000018","운림35","20221003","2","4","3","4","2","4","3","4","0","0","0","0","0","0","0","0","0","1","0","1","0","1","0","1","0","0","0","0","0","0","0","0","0","0","0","0","0","0","0","0","0","0","0","0","0","0","0","0"
"00000372","지산2동행정복지센터","00000088","금호36","20221003","0","1","4","1","0","1","2","1","0","0","0","0","0","0","2","0","0","0","0","0","0","0","0","0","0","0","0","0","0","0","0","0","0","0","0","0","0","0","0","0","0","0","0","0","0","0","0","0"
"00000372","지산2동행정복지센터","00000130","두암81","20221003","0","0","0","0","0","0","0","0","0","0","0","0","0","0","0","0","1","0","0","0","1","0","0","0","0","0","0","0","0","0","0","0","0","0","0","0","0","0","0","0","0","0","0","0","0","0","0","0"
"00000373","동성고","00000004","진월07","20221003","1","0","1","0","1","0","1","0","0","0","0","0","0","0","0","0","4","4","9","4","4","3","8","3","0","1","0","1","0","0","1","0","0","0","0","0","0","0","0","0","0","0","0","0","0","0","0","0"
"00000373","동성고","00000008","진월17","20221003","0","2","11","2","0","1","4","1","0","0","1","0","0","1","6","1","6","1","2","1","3","1","2","1","0","0","0","0","3","0","0","0","0","0","1","0","0","0","1","0","0","0","0","0","0","0","0","0"
"00000373","동성고","00000015","일곡28","20221003","1","1","1","1","1","1","1","1","0","0","0","0","0","0","0","0","4","3","1","3","4","2","1","2","0","0","0","0","0","1","0","1","0","0","0","0","0","0","0","0","0","0","0","0","0","0","0","0"
"00000373","동성고","00000041","대촌70","20221003","1","0","0","0","0","0","0","0","0","0","0","0","1","0","0","0","0","0","0","0","0","0","0","0","0","0","0","0","0","0","0","0","0","0","1","0","0","0","1","0","0","0","0","0","0","0","0","0"
"00000373","동성고","00000044","송암73","20221003","1","1","0","1","1","0","0","0","0","0","0","0","0","1","0","1","0","0","3","0","0","0","2","0","0","0","0","0","0","0","1","0","0","1","0","1","0","1","0","1","0","0","0","0","0","0","0","0"
"00000373","동성고","00000048","진월77","20221003","0","0","1","0","0","0","1","0","0","0","0","0","0","0","0","0","0","0","0","0","0","0","0","0","0","0","0","0","0","0","0","0","1","0","0","0","1","0","0","0","0","0","0","0","0","0","0","0"
"00000373","동성고","00000049","진월78","20221003","0","1","1","1","0","0","0","0","0","0","0","0","0","1","1","1","0","1","0","1","0","0","0","0","0","0","0","0","0","1","0","1","0","0","0","0","0","0","0","0","0","0","0","0","0","0","0","0"
"00000373","동성고","00000050","진월79","20221003","0","2","2","2","0","0","1","0","0","0","1","0","0","2","0","2","1","1","0","1","1","1","0","1","0","0","0","0","0","0","0","0","0","0","0","0","0","0","0","0","0","0","0","0","0","0","0","0"
"00000373","동성고","00000065","첨단95","20221003","0","1","2","1","0","1","1","1","0","0","0","0","0","0","1","0","1","0","1","0","1","0","1","0","0","0","0","0","0","0","0","0","0","1","4","1","0","1","2","1","0","0","0","0","0","0","2","0"
"00000373","동성고","00000073","대촌170","20221003","0","0","0","0","0","0","0","0","0","0","0","0","0","0","0","0","0","0","1","0","0","0","1","0","0","0","0","0","0","0","0","0","0","0","1","0","0","0","0","0","0","0","0","0","0","0","1","0"
"00000373","동성고","00000074","진월177","20221003","0","0","0","0","0","0","0","0","0","0","0","0","0","0","0","0","0","0","0","0","0","0","0","0","0","0","0","0","0","0","0","0","0","0","3","0","0","0","3","0","0","0","0","0","0","0","0","0"
"00000373","동성고","00000100","진월75","20221003","0","0","3","0","0","0","1","0","0","0","0","0","0","0","2","0","1","1","1","1","1","1","1","1","0","0","0","0","0","0","0","0","0","0","1","0","0","0","1","0","0","0","0","0","0","0","0","0"
"00000373","동성고","00000101","송암31","20221003","0","0","0","0","0","0","0","0","0","0","0","0","0","0","0","0","0","0","2","0","0","0","2","0","0","0","0","0","0","0","0","0","0","0","0","0","0","0","0","0","0","0","0","0","0","0","0","0"
"00000373","동성고","00000114","수완03","20221003","3","2","5","2","2","2","4","2","0","0","1","0","1","0","0","0","3","0","6","0","3","0","5","0","0","0","0","0","0","0","1","0","1","1","2","1","1","0","2","0","0","0","0","0","0","1","0","1"
"00000373","동성고","00000208","마을715(대촌)","20221003","1","2","0","2","1","1","0","1","0","0","0","0","0","1","0","1","0","0","0","0","0","0","0","0","0","0","0","0","0","0","0","0","0","1","1","1","0","0","1","0","0","0","0","0","0","1","0","1"
"00000374","동성고","00000004","진월07","20221003","13","33","16","33","11","25","13","25","0","2","0","2","2","6","3","6","1","0","1","0","1","0","1","0","0","0","0","0","0","0","0","0","3","6","4","6","3","6","4","6","0","0","0","0","0","0","0","0"
"00000374","동성고","00000008","진월17","20221003","10","1","7","1","9","0","7","0","0","1","0","1","1","0","0","0","2","3","2","3","2","3","2","3","0","0","0","0","0","0","0","0","1","0","2","0","1","0","2","0","0","0","0","0","0","0","0","0"
"00000374","동성고","00000015","일곡28","20221003","8","10","12","10","5","7","6","7","0","0","1","0","3","3","5","3","0","3","1","3","0","3","1","3","0","0","0","0","0","0","0","0","0","0","0","0","0","0","0","0","0","0","0","0","0","0","0","0"
"00000374","동성고","00000041","대촌70","20221003","1","1","0","1","1","0","0","0","0","1","0","1","0","0","0","0","3","1","3","1","3","1","3","1","0","0","0","0","0","0","0","0","0","0","0","0","0","0","0","0","0","0","0","0","0","0","0","0"
"00000374","동성고","00000044","송암73","20221003","5","2","6","2","5","1","3","1","0","0","0","0","0","1","3","1","0","0","0","0","0","0","0","0","0","0","0","0","0","0","0","0","2","0","1","0","2","0","1","0","0","0","0","0","0","0","0","0"
"00000374","동성고","00000048","진월77","20221003","0","0","1","0","0","0","1","0","0","0","0","0","0","0","0","0","0","0","0","0","0","0","0","0","0","0","0","0","0","0","0","0","0","0","1","0","0","0","0","0","0","0","0","0","0","0","1","0"
"00000374","동성고","00000049","진월78","20221003","0","1","0","1","0","1","0","1","0","0","0","0","0","0","0","0","1","1","0","1","1","1","0","1","0","0","0","0","0","0","0","0","0","0","0","0","0","0","0","0","0","0","0","0","0","0","0","0"
"00000374","동성고","00000050","진월79","20221003","3","1","3","1","3","1","2","1","0","0","0","0","0","0","1","0","0","0","0","0","0","0","0","0","0","0","0","0","0","0","0","0","0","0","0","0","0","0","0","0","0","0","0","0","0","0","0","0"
"00000374","동성고","00000065","첨단95","20221003","5","6","2","6","5","4","2","4","0","0","0","0","0","2","0","2","1","2","1","2","0","2","1","2","1","0","0","0","0","0","0","0","0","0","1","0","0","0","1","0","0","0","0","0","0","0","0","0"
"00000374","동성고","00000069","송정99","20221003","1","0","0","0","1","0","0","0","0","0","0","0","0","0","0","0","0","0","0","0","0","0","0","0","0","0","0","0","0","0","0","0","0","0","0","0","0","0","0","0","0","0","0","0","0","0","0","0"
"00000374","동성고","00000073","대촌170","20221003","1","0","0","0","1","0","0","0","0","0","0","0","0","0","0","0","1","1","0","1","1","1","0","1","0","0","0","0","0","0","0","0","0","0","0","0","0","0","0","0","0","0","0","0","0","0","0","0"
"00000374","동성고","00000074","진월177","20221003","2","0","1","0","2","0","1","0","0","0","0","0","0","0","0","0","0","2","1","2","0","2","1","2","0","0","0","0","0","0","0","0","0","0","0","0","0","0","0","0","0","0","0","0","0","0","0","0"
"00000374","동성고","00000100","진월75","20221003","1","3","4","3","1","2","1","2","0","0","0","0","0","1","3","1","0","2","3","2","0","2","3","2","0","0","0","0","0","0","0","0","1","0","1","0","1","0","1","0","0","0","0","0","0","0","0","0"
"00000374","동성고","00000101","송암31","20221003","9","8","1","8","9","7","1","7","0","0","0","0","0","1","0","1","0","0","1","0","0","0","1","0","0","0","0","0","0","0","0","0","1","0","1","0","1","0","1","0","0","0","0","0","0","0","0","0"
"00000374","동성고","00000114","수완03","20221003","12","5","12","5","11","4","11","4","0","0","0","0","1","1","1","1","6","16","7","16","6","13","7","13","0","1","0","1","0","2","0","2","2","4","3","4","1","3","3","3","1","0","0","0","0","1","0","1"
"00000374","동성고","00000208","마을715(대촌)","20221003","0","6","2","6","0","6","2","6","0","0","0","0","0","0","0","0","2","0","0","0","1","0","0","0","1","0","0","0","0","0","0","0","0","0","1","0","0","0","1","0","0","0","0","0","0","0","0","0"
"00000375","동천우미린아파트","00000009","문흥18","20221003","8","18","13","18","6","14","12","14","0","0","0","0","2","4","1","4","0","0","1","0","0","0","1","0","0","0","0","0","0","0","0","0","0","1","1","1","0","1","0","1","0","0","0","0","0","0","1","0"
"00000375","동천우미린아파트","00000033","금남58","20221003","3","12","6","12","3","8","3","8","0","2","0","2","0","2","3","2","2","1","0","1","2","1","0","1","0","0","0","0","0","0","0","0","0","0","0","0","0","0","0","0","0","0","0","0","0","0","0","0"
"00000375","동천우미린아파트","00000037","상무63","20221003","3","1","1","1","2","0","1","0","0","0","0","0","1","1","0","1","0","0","0","0","0","0","0","0","0","0","0","0","0","0","0","0","0","0","0","0","0","0","0","0","0","0","0","0","0","0","0","0"
"00000375","동천우미린아파트","00000098","수완49","20221003","7","0","1","0","5","0","0","0","0","0","1","0","2","0","0","0","1","0","0","0","1","0","0","0","0","0","0","0","0","0","0","0","0","0","1","0","0","0","1","0","0","0","0","0","0","0","0","0"
"00000376","동천마을6단지","00000019","봉선37","20221003","7","5","3","5","7","5","3","5","0","0","0","0","0","0","0","0","2","4","7","4","2","4","7","4","0","0","0","0","0","0","0","0","1","0","4","0","1","0","2","0","0","0","0","0","0","0","2","0"
"00000376","동천마을6단지","00000059","임곡89","20221003","2","0","1","0","2","0","1","0","0","0","0","0","0","0","0","0","0","0","0","0","0","0","0","0","0","0","0","0","0","0","0","0","0","0","0","0","0","0","0","0","0","0","0","0","0","0","0","0"
"00000376","동천마을6단지","00000068","송정98","20221003","2","1","1","1","2","1","1","1","0","0","0","0","0","0","0","0","2","2","5","2","2","2","5","2","0","0","0","0","0","0","0","0","2","0","0","0","2","0","0","0","0","0","0","0","0","0","0","0"
"00000376","동천마을6단지","00000079","첨단192","20221003","1","0","0","0","1","0","0","0","0","0","0","0","0","0","0","0","0","0","0","0","0","0","0","0","0","0","0","0","0","0","0","0","0","0","0","0","0","0","0","0","0","0","0","0","0","0","0","0"
"00000376","동천마을6단지","00000120","양산60","20221003","2","2","5","2","2","2","5","2","0","0","0","0","0","0","0","0","0","0","1","0","0","0","1","0","0","0","0","0","0","0","0","0","1","0","0","0","1","0","0","0","0","0","0","0","0","0","0","0"
"00000377","동신대한방병원","00000050","진월79","20221003","0","1","0","1","0","1","0","1","0","0","0","0","0","0","0","0","2","1","3","1","2","0","2","0","0","1","1","1","0","0","0","0","0","1","0","1","0","1","0","1","0","0","0","0","0","0","0","0"
"00000377","동신대한방병원","00000091","송암74","20221003","3","3","6","3","3","2","5","2","0","1","0","1","0","0","1","0","2","2","5","2","2","2","4","2","0","0","0","0","0","0","1","0","0","1","0","1","0","1","0","1","0","0","0","0","0","0","0","0"
"00000377","동신대한방병원","00000111","송암68","20221003","1","0","1","0","1","0","1","0","0","0","0","0","0","0","0","0","2","6","4","6","2","6","4","6","0","0","0","0","0","0","0","0","0","0","2","0","0","0","2","0","0","0","0","0","0","0","0","0"
"00000378","동신대한방병원","00000050","진월79","20221003","6","7","5","7","5","7","4","7","0","0","0","0","1","0","1","0","0","0","0","0","0","0","0","0","0","0","0","0","0","0","0","0","1","6","5","6","1","6","5","6","0","0","0","0","0","0","0","0"
"00000378","동신대한방병원","00000069","송정99","20221003","0","0","0","0","0","0","0","0","0","0","0","0","0","0","0","0","0","0","0","0","0","0","0","0","0","0","0","0","0","0","0","0","0","0","0","0","0","0","0","0","0","0","0","0","0","0","0","0"
"00000378","동신대한방병원","00000091","송암74","20221003","5","10","3","10","5","8","3","8","0","0","0","0","0","2","0","2","0","0","1","0","0","0","1","0","0","0","0","0","0","0","0","0","0","0","2","0","0","0","1","0","0","0","0","0","0","0","1","0"
"00000378","동신대한방병원","00000111","송암68","20221003","5","8","7","8","5","8","7","8","0","0","0","0","0","0","0","0","0","3","0","3","0","3","0","3","0","0","0","0","0","0","0","0","0","0","3","0","0","0","3","0","0","0","0","0","0","0","0","0"
"00000379","동강대","00000003","매월06","20221003","0","3","3","3","0","3","2","3","0","0","0","0","0","0","1","0","2","2","2","2","2","2","2","2","0","0","0","0","0","0","0","0","1","3","1","3","1","3","1","3","0","0","0","0","0","0","0","0"
"00000379","동강대","00000006","지원15","20221003","0","0","0","0","0","0","0","0","0","0","0","0","0","0","0","0","0","2","0","2","0","2","0","2","0","0","0","0","0","0","0","0","0","0","1","0","0","0","1","0","0","0","0","0","0","0","0","0"
"00000379","동강대","00000010","송정19","20221003","0","0","3","0","0","0","3","0","0","0","0","0","0","0","0","0","1","1","1","1","1","1","1","1","0","0","0","0","0","0","0","0","0","0","1","0","0","0","1","0","0","0","0","0","0","0","0","0"
"00000379","동강대","00000020","일곡38","20221003","0","0","1","0","0","0","1","0","0","0","0","0","0","0","0","0","1","0","1","0","1","0","1","0","0","0","0","0","0","0","0","0","2","0","0","0","2","0","0","0","0","0","0","0","0","0","0","0"
"00000379","동강대","00000024","송암47","20221003","0","0","0","0","0","0","0","0","0","0","0","0","0","0","0","0","0","0","0","0","0","0","0","0","0","0","0","0","0","0","0","0","1","0","0","0","1","0","0","0","0","0","0","0","0","0","0","0"
"00000379","동강대","00000029","운림54","20221003","0","2","1","2","0","2","0","2","0","0","0","0","0","0","1","0","5","4","2","4","5","4","1","4","0","0","0","0","0","0","1","0","0","1","0","1","0","1","0","1","0","0","0","0","0","0","0","0"
"00000379","동강대","00000051","문흥80","20221003","0","0","0","0","0","0","0","0","0","0","0","0","0","0","0","0","0","1","0","1","0","1","0","1","0","0","0","0","0","0","0","0","0","0","0","0","0","0","0","0","0","0","0","0","0","0","0","0"
"00000379","동강대","00000054","용봉83","20221003","0","0","0","0","0","0","0","0","0","0","0","0","0","0","0","0","2","0","2","0","2","0","2","0","0","0","0","0","0","0","0","0","2","0","0","0","2","0","0","0","0","0","0","0","0","0","0","0"
"00000379","동강대","00000058","석곡87","20221003","0","0","0","0","0","0","0","0","0","0","0","0","0","0","0","0","0","0","0","0","0","0","0","0","0","0","0","0","0","0","0","0","0","0","0","0","0","0","0","0","0","0","0","0","0","0","0","0"
"00000379","동강대","00000078","충효187","20221003","0","0","0","0","0","0","0","0","0","0","0","0","0","0","0","0","1","0","0","0","1","0","0","0","0","0","0","0","0","0","0","0","0","0","0","0","0","0","0","0","0","0","0","0","0","0","0","0"
"00000379","동강대","00000090","문흥39","20221003","0","0","0","0","0","0","0","0","0","0","0","0","0","0","0","0","0","1","0","1","0","1","0","1","0","0","0","0","0","0","0","0","0","1","1","1","0","1","1","1","0","0","0","0","0","0","0","0"
"00000380","동강대","00000003","매월06","20221003","0","0","0","0","0","0","0","0","0","0","0","0","0","0","0","0","3","7","12","7","3","7","12","7","0","0","0","0","0","0","0","0","3","0","0","0","3","0","0","0","0","0","0","0","0","0","0","0"
"00000380","동강대","00000006","지원15","20221003","0","0","0","0","0","0","0","0","0","0","0","0","0","0","0","0","2","3","0","3","2","3","0","3","0","0","0","0","0","0","0","0","0","0","0","0","0","0","0","0","0","0","0","0","0","0","0","0"
"00000380","동강대","00000010","송정19","20221003","2","1","2","1","2","0","1","0","0","0","0","0","0","1","1","1","8","8","6","8","8","8","6","8","0","0","0","0","0","0","0","0","0","1","2","1","0","1","1","1","0","0","0","0","0","0","1","0"
"00000380","동강대","00000020","일곡38","20221003","0","0","0","0","0","0","0","0","0","0","0","0","0","0","0","0","0","0","2","0","0","0","2","0","0","0","0","0","0","0","0","0","0","1","0","1","0","1","0","1","0","0","0","0","0","0","0","0"
"00000380","동강대","00000024","송암47","20221003","0","1","2","1","0","0","0","0","0","0","1","0","0","1","1","1","4","3","0","3","4","3","0","3","0","0","0","0","0","0","0","0","0","1","0","1","0","1","0","1","0","0","0","0","0","0","0","0"
"00000380","동강대","00000029","운림54","20221003","1","2","9","2","1","2","1","2","0","0","0","0","0","0","8","0","9","5","10","5","9","5","10","5","0","0","0","0","0","0","0","0","0","0","0","0","0","0","0","0","0","0","0","0","0","0","0","0"
"00000380","동강대","00000051","문흥80","20221003","0","2","0","2","0","0","0","0","0","0","0","0","0","2","0","2","0","1","0","1","0","1","0","1","0","0","0","0","0","0","0","0","0","2","0","2","0","2","0","2","0","0","0","0","0","0","0","0"
"00000380","동강대","00000054","용봉83","20221003","0","0","5","0","0","0","1","0","0","0","0","0","0","0","4","0","1","4","0","4","1","4","0","4","0","0","0","0","0","0","0","0","0","4","1","4","0","4","0","4","0","0","1","0","0","0","0","0"
"00000380","동강대","00000058","석곡87","20221003","0","0","0","0","0","0","0","0","0","0","0","0","0","0","0","0","0","0","0","0","0","0","0","0","0","0","0","0","0","0","0","0","0","0","0","0","0","0","0","0","0","0","0","0","0","0","0","0"
"00000380","동강대","00000078","충효187","20221003","0","0","0","0","0","0","0","0","0","0","0","0","0","0","0","0","0","1","1","1","0","1","1","1","0","0","0","0","0","0","0","0","0","0","0","0","0","0","0","0","0","0","0","0","0","0","0","0"
"00000380","동강대","00000090","문흥39","20221003","0","1","0","1","0","0","0","0","0","0","0","0","0","1","0","1","4","1","2","1","4","1","2","1","0","0","0","0","0","0","0","0","0","0","0","0","0","0","0","0","0","0","0","0","0","0","0","0"
"00000386","동진맨션","00000030","금남55","20221003","1","5","4","5","1","5","4","5","0","0","0","0","0","0","0","0","0","1","1","1","0","1","1","1","0","0","0","0","0","0","0","0","0","0","0","0","0","0","0","0","0","0","0","0","0","0","0","0"
"00000387","동진맨션","00000030","금남55","20221003","2","5","1","5","2","5","1","5","0","0","0","0","0","0","0","0","0","2","0","2","0","2","0","2","0","0","0","0","0","0","0","0","0","0","0","0","0","0","0","0","0","0","0","0","0","0","0","0"
"00000390","대인광장(북)","00000010","송정19","20221003","2","1","0","1","2","1","0","1","0","0","0","0","0","0","0","0","1","10","0","10","1","10","0","10","0","0","0","0","0","0","0","0","0","0","0","0","0","0","0","0","0","0","0","0","0","0","0","0"
"00000390","대인광장(북)","00000072","지원152(능주역)","20221003","0","0","0","0","0","0","0","0","0","0","0","0","0","0","0","0","0","0","0","0","0","0","0","0","0","0","0","0","0","0","0","0","1","0","0","0","1","0","0","0","0","0","0","0","0","0","0","0"
"00000391","대인광장(북)","00000010","송정19","20221003","0","1","1","1","0","1","1","1","0","0","0","0","0","0","0","0","0","0","3","0","0","0","3","0","0","0","0","0","0","0","0","0","0","0","0","0","0","0","0","0","0","0","0","0","0","0","0","0"
"00000391","대인광장(북)","00000027","지원52","20221003","0","0","0","0","0","0","0","0","0","0","0","0","0","0","0","0","0","0","0","0","0","0","0","0","0","0","0","0","0","0","0","0","0","0","0","0","0","0","0","0","0","0","0","0","0","0","0","0"
"00000391","대인광장(북)","00000072","지원152(능주역)","20221003","0","0","0","0","0","0","0","0","0","0","0","0","0","0","0","0","0","0","0","0","0","0","0","0","0","0","0","0","0","0","0","0","0","0","0","0","0","0","0","0","0","0","0","0","0","0","0","0"
"00000391","대인광장(북)","00000123","지원152(도웅리)","20221003","0","0","0","0","0","0","0","0","0","0","0","0","0","0","0","0","0","1","1","1","0","1","1","1","0","0","0","0","0","0","0","0","0","0","0","0","0","0","0","0","0","0","0","0","0","0","0","0"
"00000392","교대금호어울림","00000014","봉선27","20221003","9","3","8","3","8","3","8","3","0","0","0","0","1","0","0","0","0","1","1","1","0","1","1","1","0","0","0","0","0","0","0","0","0","1","0","1","0","1","0","1","0","0","0","0","0","0","0","0"
"00000392","교대금호어울림","00000015","일곡28","20221003","3","7","9","7","3","4","8","4","0","2","0","2","0","1","1","1","0","2","1","2","0","2","1","2","0","0","0","0","0","0","0","0","0","0","0","0","0","0","0","0","0","0","0","0","0","0","0","0"
"00000392","교대금호어울림","00000018","운림35","20221003","1","1","1","1","1","1","1","1","0","0","0","0","0","0","0","0","0","0","0","0","0","0","0","0","0","0","0","0","0","0","0","0","0","0","0","0","0","0","0","0","0","0","0","0","0","0","0","0"
"00000392","교대금호어울림","00000091","송암74","20221003","1","3","2","3","1","2","2","2","0","0","0","0","0","1","0","1","1","1","7","1","1","1","7","1","0","0","0","0","0","0","0","0","0","0","0","0","0","0","0","0","0","0","0","0","0","0","0","0"
"00000393","교대금호어울림","00000014","봉선27","20221003","1","3","4","3","1","3","3","3","0","0","0","0","0","0","1","0","1","1","1","1","1","1","1","1","0","0","0","0","0","0","0","0","0","0","0","0","0","0","0","0","0","0","0","0","0","0","0","0"
"00000393","교대금호어울림","00000015","일곡28","20221003","3","8","8","8","2","8","5","8","0","0","1","0","1","0","2","0","1","3","4","3","1","3","3","3","0","0","0","0","0","0","1","0","0","0","0","0","0","0","0","0","0","0","0","0","0","0","0","0"
"00000393","교대금호어울림","00000018","운림35","20221003","1","2","2","2","1","0","2","0","0","0","0","0","0","2","0","2","2","1","0","1","2","1","0","1","0","0","0","0","0","0","0","0","0","0","0","0","0","0","0","0","0","0","0","0","0","0","0","0"
"00000393","교대금호어울림","00000091","송암74","20221003","4","11","9","11","3","7","8","7","0","3","1","3","1","1","0","1","1","0","1","0","1","0","1","0","0","0","0","0","0","0","0","0","0","0","0","0","0","0","0","0","0","0","0","0","0","0","0","0"
"00000395","두암초교","00000030","금남55","20221003","0","0","0","0","0","0","0","0","0","0","0","0","0","0","0","0","2","0","0","0","2","0","0","0","0","0","0","0","0","0","0","0","0","0","0","0","0","0","0","0","0","0","0","0","0","0","0","0"
"00000395","두암초교","00000091","송암74","20221003","3","6","9","6","3","5","9","5","0","1","0","1","0","0","0","0","0","1","1","1","0","1","1","1","0","0","0","0","0","0","0","0","0","0","1","0","0","0","1","0","0","0","0","0","0","0","0","0"
"00000396","율곡초교","00000008","진월17","20221003","4","4","0","4","4","4","0","4","0","0","0","0","0","0","0","0","1","2","1","2","1","2","1","2","0","0","0","0","0","0","0","0","1","2","1","2","1","2","1","2","0","0","0","0","0","0","0","0"
"00000396","율곡초교","00000018","운림35","20221003","3","5","5","5","3","5","4","5","0","0","0","0","0","0","1","0","2","2","2","2","2","2","2","2","0","0","0","0","0","0","0","0","0","1","1","1","0","1","1","1","0","0","0","0","0","0","0","0"
"00000396","율곡초교","00000052","두암81(각화초교)","20221003","1","2","1","2","1","2","0","2","0","0","0","0","0","0","1","0","0","0","0","0","0","0","0","0","0","0","0","0","0","0","0","0","0","0","0","0","0","0","0","0","0","0","0","0","0","0","0","0"
"00000396","율곡초교","00000088","금호36","20221003","0","5","4","5","0","5","2","5","0","0","0","0","0","0","2","0","2","2","10","2","2","2","10","2","0","0","0","0","0","0","0","0","0","0","2","0","0","0","2","0","0","0","0","0","0","0","0","0"
"00000396","율곡초교","00000129","두암81(장등동)","20221003","0","0","1","0","0","0","1","0","0","0","0","0","0","0","0","0","0","0","0","0","0","0","0","0","0","0","0","0","0","0","0","0","0","0","0","0","0","0","0","0","0","0","0","0","0","0","0","0"
"00000397","율곡초교","00000008","진월17","20221003","9","16","16","16","8","16","14","16","0","0","0","0","1","0","2","0","1","3","0","3","1","3","0","3","0","0","0","0","0","0","0","0","0","0","1","0","0","0","1","0","0","0","0","0","0","0","0","0"
"00000397","율곡초교","00000018","운림35","20221003","17","21","8","21","17","20","8","20","0","0","0","0","0","1","0","1","1","1","2","1","1","1","2","1","0","0","0","0","0","0","0","0","2","0","0","0","2","0","0","0","0","0","0","0","0","0","0","0"
"00000397","율곡초교","00000088","금호36","20221003","19","41","17","41","19","31","16","31","0","6","0","6","0","4","1","4","1","5","0","5","1","5","0","5","0","0","0","0","0","0","0","0","0","0","0","0","0","0","0","0","0","0","0","0","0","0","0","0"
"00000397","율곡초교","00000106","두암81(무등파크)","20221003","0","0","1","0","0","0","1","0","0","0","0","0","0","0","0","0","0","0","0","0","0","0","0","0","0","0","0","0","0","0","0","0","0","1","0","1","0","1","0","1","0","0","0","0","0","0","0","0"
"00000397","율곡초교","00000130","두암81","20221003","2","2","1","2","2","2","1","2","0","0","0","0","0","0","0","0","0","0","0","0","0","0","0","0","0","0","0","0","0","0","0","0","0","0","0","0","0","0","0","0","0","0","0","0","0","0","0","0"
"00000398","두암타운후문","00000018","운림35","20221003","2","4","4","4","2","3","4","3","0","0","0","0","0","1","0","1","1","1","2","1","1","1","1","1","0","0","0","0","0","0","1","0","0","0","0","0","0","0","0","0","0","0","0","0","0","0","0","0"
"00000400","두암타운후문","00000018","운림35","20221003","1","0","0","0","1","0","0","0","0","0","0","0","0","0","0","0","0","2","2","2","0","2","2","2","0","0","0","0","0","0","0","0","0","0","0","0","0","0","0","0","0","0","0","0","0","0","0","0"
"00000402","등촌","00000058","석곡87","20221003","3","7","2","7","3","3","2","3","0","0","0","0","0","4","0","4","0","0","0","0","0","0","0","0","0","0","0","0","0","0","0","0","0","0","0","0","0","0","0","0","0","0","0","0","0","0","0","0"
"00000403","등촌","00000058","석곡87","20221003","0","0","0","0","0","0","0","0","0","0","0","0","0","0","0","0","1","0","0","0","1","0","0","0","0","0","0","0","0","0","0","0","0","0","0","0","0","0","0","0","0","0","0","0","0","0","0","0"
"00000404","첨단사거리","00000011","첨단20","20221003","0","0","2","0","0","0","2","0","0","0","0","0","0","0","0","0","1","4","8","4","1","2","8","2","0","0","0","0","0","2","0","2","1","1","0","1","1","1","0","1","0","0","0","0","0","0","0","0"
"00000404","첨단사거리","00000061","임곡91","20221003","0","0","0","0","0","0","0","0","0","0","0","0","0","0","0","0","0","2","2","2","0","2","2","2","0","0","0","0","0","0","0","0","0","0","0","0","0","0","0","0","0","0","0","0","0","0","0","0"
"00000404","첨단사거리","00000095","금호46","20221003","0","3","0","3","0","1","0","1","0","0","0","0","0","2","0","2","0","2","7","2","0","2","7","2","0","0","0","0","0","0","0","0","0","1","0","1","0","1","0","1","0","0","0","0","0","0","0","0"
"00000404","첨단사거리","00000096","일곡10","20221003","0","0","0","0","0","0","0","0","0","0","0","0","0","0","0","0","1","3","2","3","1","3","2","3","0","0","0","0","0","0","0","0","0","0","0","0","0","0","0","0","0","0","0","0","0","0","0","0"
"00000404","첨단사거리","00000114","수완03","20221003","0","1","0","1","0","1","0","1","0","0","0","0","0","0","0","0","3","5","15","5","3","4","13","4","0","0","0","0","0","1","2","1","0","1","0","1","0","1","0","1","0","0","0","0","0","0","0","0"
"00000404","첨단사거리","00000117","첨단23","20221003","0","1","5","1","0","1","4","1","0","0","0","0","0","0","1","0","0","0","0","0","0","0","0","0","0","0","0","0","0","0","0","0","2","1","5","1","2","1","5","1","0","0","0","0","0","0","0","0"
"00000404","첨단사거리","00000195","마을720","20221003","0","0","4","0","0","0","4","0","0","0","0","0","0","0","0","0","0","0","1","0","0","0","1","0","0","0","0","0","0","0","0","0","0","0","0","0","0","0","0","0","0","0","0","0","0","0","0","0"
"00000405","샛터코아","00000009","문흥18","20221003","13","29","28","29","13","20","20","20","0","1","2","1","0","8","6","8","0","0","0","0","0","0","0","0","0","0","0","0","0","0","0","0","1","1","5","1","1","1","4","1","0","0","0","0","0","0","1","0"
"00000405","샛터코아","00000010","송정19","20221003","0","3","0","3","0","2","0","2","0","0","0","0","0","1","0","1","2","2","4","2","2","2","4","2","0","0","0","0","0","0","0","0","0","0","0","0","0","0","0","0","0","0","0","0","0","0","0","0"
"00000405","샛터코아","00000057","용전86","20221003","0","2","0","2","0","0","0","0","0","1","0","1","0","1","0","1","3","0","1","0","3","0","1","0","0","0","0","0","0","0","0","0","0","0","0","0","0","0","0","0","0","0","0","0","0","0","0","0"
"00000405","샛터코아","00000117","첨단23","20221003","0","0","5","0","0","0","0","0","0","0","0","0","0","0","5","0","5","2","5","2","5","2","4","2","0","0","0","0","0","0","1","0","0","0","0","0","0","0","0","0","0","0","0","0","0","0","0","0"
"00000406","봉선라인광장","00000025","운림50","20221003","8","4","5","4","8","4","5","4","0","0","0","0","0","0","0","0","2","1","1","1","2","1","1","1","0","0","0","0","0","0","0","0","1","0","1","0","1","0","1","0","0","0","0","0","0","0","0","0"
"00000406","봉선라인광장","00000034","금남59","20221003","7","10","8","10","7","7","8","7","0","2","0","2","0","1","0","1","2","1","0","1","2","1","0","1","0","0","0","0","0","0","0","0","0","0","0","0","0","0","0","0","0","0","0","0","0","0","0","0"
"00000407","봉선라인광장","00000025","운림50","20221003","5","13","14","13","4","10","13","10","0","1","0","1","1","2","1","2","0","0","1","0","0","0","1","0","0","0","0","0","0","0","0","0","0","1","0","1","0","1","0","1","0","0","0","0","0","0","0","0"
"00000407","봉선라인광장","00000034","금남59","20221003","1","2","3","2","1","2","3","2","0","0","0","0","0","0","0","0","0","0","1","0","0","0","1","0","0","0","0","0","0","0","0","0","0","0","0","0","0","0","0","0","0","0","0","0","0","0","0","0"
"00000408","두암라인동산아파트","00000008","진월17","20221003","5","11","12","11","5","7","11","7","0","1","1","1","0","3","0","3","2","2","0","2","2","2","0","2","0","0","0","0","0","0","0","0","0","1","2","1","0","1","2","1","0","0","0","0","0","0","0","0"
"00000408","두암라인동산아파트","00000052","두암81(각화초교)","20221003","0","0","0","0","0","0","0","0","0","0","0","0","0","0","0","0","0","0","0","0","0","0","0","0","0","0","0","0","0","0","0","0","0","0","0","0","0","0","0","0","0","0","0","0","0","0","0","0"
"00000408","두암라인동산아파트","00000088","금호36","20221003","3","6","0","6","3","6","0","6","0","0","0","0","0","0","0","0","0","1","4","1","0","1","3","1","0","0","0","0","0","0","1","0","0","0","0","0","0","0","0","0","0","0","0","0","0","0","0","0"
"00000408","두암라인동산아파트","00000129","두암81(장등동)","20221003","0","0","1","0","0","0","0","0","0","0","0","0","0","0","1","0","0","0","0","0","0","0","0","0","0","0","0","0","0","0","0","0","0","0","0","0","0","0","0","0","0","0","0","0","0","0","0","0"
"00000409","두암라인동산아파트","00000008","진월17","20221003","12","9","10","9","11","7","10","7","0","1","0","1","1","1","0","1","0","0","0","0","0","0","0","0","0","0","0","0","0","0","0","0","0","0","0","0","0","0","0","0","0","0","0","0","0","0","0","0"
"00000409","두암라인동산아파트","00000088","금호36","20221003","15","23","13","23","14","16","11","16","0","2","1","2","1","5","1","5","0","1","0","1","0","1","0","1","0","0","0","0","0","0","0","0","0","0","1","0","0","0","0","0","0","0","0","0","0","0","1","0"
"00000409","두암라인동산아파트","00000106","두암81(무등파크)","20221003","3","1","0","1","3","1","0","1","0","0","0","0","0","0","0","0","0","0","0","0","0","0","0","0","0","0","0","0","0","0","0","0","0","0","2","0","0","0","2","0","0","0","0","0","0","0","0","0"
"00000409","두암라인동산아파트","00000130","두암81","20221003","1","1","1","1","1","1","1","1","0","0","0","0","0","0","0","0","0","0","0","0","0","0","0","0","0","0","0","0","0","0","0","0","0","0","0","0","0","0","0","0","0","0","0","0","0","0","0","0"
"00000409","두암라인동산아파트","00000213","마을788","20221003","1","2","1","2","1","2","1","2","0","0","0","0","0","0","0","0","0","0","0","0","0","0","0","0","0","0","0","0","0","0","0","0","0","0","0","0","0","0","0","0","0","0","0","0","0","0","0","0"
"00000410","문흥라인동산아파트","00000008","진월17","20221003","0","0","1","0","0","0","0","0","0","0","0","0","0","0","1","0","2","0","2","0","1","0","2","0","0","0","0","0","1","0","0","0","0","0","0","0","0","0","0","0","0","0","0","0","0","0","0","0"
"00000410","문흥라인동산아파트","00000010","송정19","20221003","0","0","0","0","0","0","0","0","0","0","0","0","0","0","0","0","1","1","1","1","1","1","1","1","0","0","0","0","0","0","0","0","0","0","0","0","0","0","0","0","0","0","0","0","0","0","0","0"
"00000410","문흥라인동산아파트","00000051","문흥80","20221003","0","0","0","0","0","0","0","0","0","0","0","0","0","0","0","0","2","1","0","1","2","1","0","1","0","0","0","0","0","0","0","0","0","0","0","0","0","0","0","0","0","0","0","0","0","0","0","0"
"00000410","문흥라인동산아파트","00000057","용전86","20221003","1","1","0","1","1","1","0","1","0","0","0","0","0","0","0","0","0","0","0","0","0","0","0","0","0","0","0","0","0","0","0","0","0","0","0","0","0","0","0","0","0","0","0","0","0","0","0","0"
"00000410","문흥라인동산아파트","00000090","문흥39","20221003","1","0","0","0","1","0","0","0","0","0","0","0","0","0","0","0","3","0","0","0","2","0","0","0","0","0","0","0","1","0","0","0","0","0","0","0","0","0","0","0","0","0","0","0","0","0","0","0"
"00000410","문흥라인동산아파트","00000117","첨단23","20221003","0","0","1","0","0","0","1","0","0","0","0","0","0","0","0","0","0","0","0","0","0","0","0","0","0","0","0","0","0","0","0","0","0","0","0","0","0","0","0","0","0","0","0","0","0","0","0","0"
"00000411","문흥라인동산아파트","00000008","진월17","20221003","6","11","12","11","5","10","11","10","0","0","0","0","1","1","1","1","0","0","0","0","0","0","0","0","0","0","0","0","0","0","0","0","0","1","0","1","0","1","0","1","0","0","0","0","0","0","0","0"
"00000411","문흥라인동산아파트","00000010","송정19","20221003","7","9","4","9","7","5","3","5","0","1","0","1","0","3","1","3","0","0","0","0","0","0","0","0","0","0","0","0","0","0","0","0","0","0","0","0","0","0","0","0","0","0","0","0","0","0","0","0"
"00000411","문흥라인동산아파트","00000051","문흥80","20221003","4","2","1","2","3","2","1","2","0","0","0","0","1","0","0","0","0","0","0","0","0","0","0","0","0","0","0","0","0","0","0","0","0","0","0","0","0","0","0","0","0","0","0","0","0","0","0","0"
"00000411","문흥라인동산아파트","00000057","용전86","20221003","0","0","0","0","0","0","0","0","0","0","0","0","0","0","0","0","0","0","0","0","0","0","0","0","0","0","0","0","0","0","0","0","0","0","0","0","0","0","0","0","0","0","0","0","0","0","0","0"
"00000411","문흥라인동산아파트","00000090","문흥39","20221003","12","9","5","9","11","9","5","9","0","0","0","0","1","0","0","0","0","0","0","0","0","0","0","0","0","0","0","0","0","0","0","0","0","1","0","1","0","1","0","1","0","0","0","0","0","0","0","0"
"00000411","문흥라인동산아파트","00000117","첨단23","20221003","4","1","10","1","4","1","9","1","0","0","0","0","0","0","1","0","0","0","0","0","0","0","0","0","0","0","0","0","0","0","0","0","0","0","0","0","0","0","0","0","0","0","0","0","0","0","0","0"
"00000414","첨단초교","00000011","첨단20","20221003","3","0","0","0","3","0","0","0","0","0","0","0","0","0","0","0","1","4","3","4","1","3","3","3","0","0","0","0","0","1","0","1","0","0","0","0","0","0","0","0","0","0","0","0","0","0","0","0"
"00000414","첨단초교","00000108","송정33","20221003","0","7","5","7","0","5","4","5","0","0","0","0","0","2","1","2","0","0","1","0","0","0","1","0","0","0","0","0","0","0","0","0","0","1","0","1","0","0","0","0","0","0","0","0","0","1","0","1"
"00000414","첨단초교","00000117","첨단23","20221003","1","5","2","5","0","5","2","5","0","0","0","0","1","0","0","0","0","0","0","0","0","0","0","0","0","0","0","0","0","0","0","0","0","0","0","0","0","0","0","0","0","0","0","0","0","0","0","0"
"00000416","첨단2동행정복지센터","00000005","첨단09","20221003","26","46","70","46","23","36","63","36","0","2","2","2","3","8","5","8","1","2","0","2","1","1","0","1","0","1","0","1","0","0","0","0","5","2","9","2","5","0","8","0","0","0","0","0","0","2","1","2"
"00000416","첨단2동행정복지센터","00000007","매월16","20221003","8","9","9","9","8","8","7","8","0","0","0","0","0","1","2","1","0","0","0","0","0","0","0","0","0","0","0","0","0","0","0","0","0","0","2","0","0","0","2","0","0","0","0","0","0","0","0","0"
"00000416","첨단2동행정복지센터","00000017","첨단30","20221003","3","3","23","3","2","2","14","2","1","0","2","0","0","1","7","1","0","0","1","0","0","0","1","0","0","0","0","0","0","0","0","0","2","1","2","1","2","1","2","1","0","0","0","0","0","0","0","0"
"00000416","첨단2동행정복지센터","00000026","운림51","20221003","6","8","16","8","6","7","12","7","0","0","1","0","0","1","3","1","0","0","0","0","0","0","0","0","0","0","0","0","0","0","0","0","2","4","1","4","2","4","0","4","0","0","0","0","0","0","1","0"
"00000416","첨단2동행정복지센터","00000061","임곡91","20221003","0","0","0","0","0","0","0","0","0","0","0","0","0","0","0","0","0","1","2","1","0","0","2","0","0","0","0","0","0","1","0","1","0","0","0","0","0","0","0","0","0","0","0","0","0","0","0","0"
"00000416","첨단2동행정복지센터","00000064","첨단94","20221003","0","0","0","0","0","0","0","0","0","0","0","0","0","0","0","0","0","0","2","0","0","0","2","0","0","0","0","0","0","0","0","0","0","0","0","0","0","0","0","0","0","0","0","0","0","0","0","0"
"00000416","첨단2동행정복지센터","00000095","금호46","20221003","0","0","3","0","0","0","2","0","0","0","0","0","0","0","1","0","2","3","2","3","2","3","2","3","0","0","0","0","0","0","0","0","0","0","0","0","0","0","0","0","0","0","0","0","0","0","0","0"
"00000416","첨단2동행정복지센터","00000096","일곡10","20221003","2","8","13","8","2","3","5","3","0","0","1","0","0","5","7","5","0","2","0","2","0","2","0","2","0","0","0","0","0","0","0","0","0","2","1","2","0","2","1","2","0","0","0","0","0","0","0","0"
"00000416","첨단2동행정복지센터","00000116","첨단22","20221003","2","6","11","6","2","6","7","6","0","0","0","0","0","0","4","0","0","0","1","0","0","0","1","0","0","0","0","0","0","0","0","0","0","1","0","1","0","1","0","1","0","0","0","0","0","0","0","0"
"00000416","첨단2동행정복지센터","00000195","마을720","20221003","3","6","11","6","3","4","10","4","0","0","0","0","0","2","1","2","0","0","0","0","0","0","0","0","0","0","0","0","0","0","0","0","0","0","1","0","0","0","1","0","0","0","0","0","0","0","0","0"
"00000416","첨단2동행정복지센터","00000203","마을700","20221003","1","7","20","7","1","2","9","2","0","3","3","3","0","2","8","2","0","3","7","3","0","2","7","2","0","0","0","0","0","1","0","1","1","4","3","4","1","4","3","4","0","0","0","0","0","0","0","0"
"00000416","첨단2동행정복지센터","00000213","마을788","20221003","0","0","0","0","0","0","0","0","0","0","0","0","0","0","0","0","0","0","0","0","0","0","0","0","0","0","0","0","0","0","0","0","0","0","0","0","0","0","0","0","0","0","0","0","0","0","0","0"
"00000417","첨단사거리","00000011","첨단20","20221003","1","2","2","2","1","2","2","2","0","0","0","0","0","0","0","0","0","2","0","2","0","2","0","2","0","0","0","0","0","0","0","0","4","1","3","1","4","1","1","1","0","0","0","0","0","0","2","0"
"00000417","첨단사거리","00000061","임곡91","20221003","0","0","0","0","0","0","0","0","0","0","0","0","0","0","0","0","0","1","0","1","0","1","0","1","0","0","0","0","0","0","0","0","0","0","0","0","0","0","0","0","0","0","0","0","0","0","0","0"
"00000417","첨단사거리","00000090","문흥39","20221003","3","3","5","3","3","3","3","3","0","0","0","0","0","0","2","0","0","0","0","0","0","0","0","0","0","0","0","0","0","0","0","0","0","2","2","2","0","2","2","2","0","0","0","0","0","0","0","0"
"00000417","첨단사거리","00000092","첨단40","20221003","0","0","0","0","0","0","0","0","0","0","0","0","0","0","0","0","0","0","0","0","0","0","0","0","0","0","0","0","0","0","0","0","0","1","0","1","0","1","0","1","0","0","0","0","0","0","0","0"
"00000417","첨단사거리","00000095","금호46","20221003","2","8","9","8","2","7","4","7","0","0","0","0","0","1","5","1","0","1","0","1","0","1","0","1","0","0","0","0","0","0","0","0","1","3","2","3","1","2","2","2","0","0","0","0","0","1","0","1"
"00000417","첨단사거리","00000096","일곡10","20221003","3","1","2","1","3","1","1","1","0","0","0","0","0","0","1","0","0","3","1","3","0","2","1","2","0","0","0","0","0","1","0","1","0","4","0","4","0","3","0","3","0","0","0","0","0","1","0","1"
"00000417","첨단사거리","00000114","수완03","20221003","15","17","35","17","13","15","28","15","0","0","0","0","2","2","7","2","1","1","2","1","1","1","1","1","0","0","0","0","0","0","1","0","0","5","7","5","0","5","7","5","0","0","0","0","0","0","0","0"
"00000417","첨단사거리","00000117","첨단23","20221003","0","0","0","0","0","0","0","0","0","0","0","0","0","0","0","0","1","4","7","4","1","4","7","4","0","0","0","0","0","0","0","0","0","0","0","0","0","0","0","0","0","0","0","0","0","0","0","0"
"00000417","첨단사거리","00000195","마을720","20221003","1","0","0","0","1","0","0","0","0","0","0","0","0","0","0","0","2","0","1","0","2","0","1","0","0","0","0","0","0","0","0","0","0","0","0","0","0","0","0","0","0","0","0","0","0","0","0","0"
"00000418","첨단도서관","00000014","봉선27","20221003","0","2","2","2","0","1","1","1","0","0","0","0","0","1","1","1","0","2","3","2","0","2","2","2","0","0","0","0","0","0","1","0","0","0","0","0","0","0","0","0","0","0","0","0","0","0","0","0"
"00000418","첨단도서관","00000061","임곡91","20221003","0","0","1","0","0","0","0","0","0","0","0","0","0","0","1","0","0","0","1","0","0","0","0","0","0","0","0","0","0","0","1","0","0","0","0","0","0","0","0","0","0","0","0","0","0","0","0","0"
"00000419","어룡초교","00000019","봉선37","20221003","1","0","0","0","0","0","0","0","1","0","0","0","0","0","0","0","0","2","2","2","0","2","1","2","0","0","1","0","0","0","0","0","0","0","0","0","0","0","0","0","0","0","0","0","0","0","0","0"
"00000419","어룡초교","00000036","상무62(상무역행)","20221003","1","1","1","1","1","1","1","1","0","0","0","0","0","0","0","0","0","0","0","0","0","0","0","0","0","0","0","0","0","0","0","0","0","0","0","0","0","0","0","0","0","0","0","0","0","0","0","0"
"00000419","어룡초교","00000195","마을720","20221003","2","3","2","3","2","3","2","3","0","0","0","0","0","0","0","0","0","0","0","0","0","0","0","0","0","0","0","0","0","0","0","0","0","1","1","1","0","1","1","1","0","0","0","0","0","0","0","0"
"00000419","어룡초교","00000203","마을700","20221003","1","2","2","2","1","2","2","2","0","0","0","0","0","0","0","0","1","0","1","0","1","0","1","0","0","0","0","0","0","0","0","0","0","0","0","0","0","0","0","0","0","0","0","0","0","0","0","0"
"00000420","어룡초교","00000019","봉선37","20221003","1","9","5","9","1","7","5","7","0","2","0","2","0","0","0","0","1","0","0","0","0","0","0","0","0","0","0","0","1","0","0","0","0","0","0","0","0","0","0","0","0","0","0","0","0","0","0","0"
"00000420","어룡초교","00000127","상무62","20221003","0","0","0","0","0","0","0","0","0","0","0","0","0","0","0","0","0","0","0","0","0","0","0","0","0","0","0","0","0","0","0","0","0","0","0","0","0","0","0","0","0","0","0","0","0","0","0","0"
"00000420","어룡초교","00000195","마을720","20221003","1","2","0","2","1","2","0","2","0","0","0","0","0","0","0","0","0","0","0","0","0","0","0","0","0","0","0","0","0","0","0","0","0","0","0","0","0","0","0","0","0","0","0","0","0","0","0","0"
"00000420","어룡초교","00000203","마을700","20221003","0","0","0","0","0","0","0","0","0","0","0","0","0","0","0","0","1","0","0","0","1","0","0","0","0","0","0","0","0","0","0","0","0","0","0","0","0","0","0","0","0","0","0","0","0","0","0","0"
"00000421","신동사거리","00000016","송정29","20221003","0","0","0","0","0","0","0","0","0","0","0","0","0","0","0","0","3","2","6","2","3","2","6","2","0","0","0","0","0","0","0","0","0","0","0","0","0","0","0","0","0","0","0","0","0","0","0","0"
"00000421","신동사거리","00000060","임곡90","20221003","0","0","0","0","0","0","0","0","0","0","0","0","0","0","0","0","1","0","0","0","1","0","0","0","0","0","0","0","0","0","0","0","0","0","0","0","0","0","0","0","0","0","0","0","0","0","0","0"
"00000421","신동사거리","00000068","송정98","20221003","0","0","0","0","0","0","0","0","0","0","0","0","0","0","0","0","1","0","3","0","1","0","3","0","0","0","0","0","0","0","0","0","0","0","0","0","0","0","0","0","0","0","0","0","0","0","0","0"
"00000421","신동사거리","00000069","송정99","20221003","0","0","0","0","0","0","0","0","0","0","0","0","0","0","0","0","0","0","0","0","0","0","0","0","0","0","0","0","0","0","0","0","0","0","0","0","0","0","0","0","0","0","0","0","0","0","0","0"
"00000421","신동사거리","00000085","송정296","20221003","0","0","0","0","0","0","0","0","0","0","0","0","0","0","0","0","1","0","0","0","1","0","0","0","0","0","0","0","0","0","0","0","0","0","0","0","0","0","0","0","0","0","0","0","0","0","0","0"
"00000421","신동사거리","00000094","송정93","20221003","0","0","0","0","0","0","0","0","0","0","0","0","0","0","0","0","0","0","0","0","0","0","0","0","0","0","0","0","0","0","0","0","0","0","0","0","0","0","0","0","0","0","0","0","0","0","0","0"
"00000421","신동사거리","00000100","진월75","20221003","0","0","0","0","0","0","0","0","0","0","0","0","0","0","0","0","2","1","0","1","2","1","0","1","0","0","0","0","0","0","0","0","0","0","0","0","0","0","0","0","0","0","0","0","0","0","0","0"
"00000421","신동사거리","00000108","송정33","20221003","0","0","1","0","0","0","0","0","0","0","0","0","0","0","1","0","0","3","2","3","0","2","2","2","0","1","0","1","0","0","0","0","0","0","0","0","0","0","0","0","0","0","0","0","0","0","0","0"
"00000421","신동사거리","00000109","좌석02","20221003","1","2","5","2","1","2","5","2","0","0","0","0","0","0","0","0","0","0","2","0","0","0","2","0","0","0","0","0","0","0","0","0","0","4","12","4","0","3","9","3","0","0","0","0","0","1","3","1"
"00000421","신동사거리","00000125","선운101","20221003","1","0","0","0","1","0","0","0","0","0","0","0","0","0","0","0","0","0","0","0","0","0","0","0","0","0","0","0","0","0","0","0","0","0","0","0","0","0","0","0","0","0","0","0","0","0","0","0"
"00000422","라인효친","00000015","일곡28","20221003","21","16","16","16","21","15","13","15","0","0","0","0","0","1","3","1","1","0","0","0","1","0","0","0","0","0","0","0","0","0","0","0","0","0","0","0","0","0","0","0","0","0","0","0","0","0","0","0"
"00000422","라인효친","00000019","봉선37","20221003","31","51","22","51","28","40","17","40","0","5","1","5","3","6","4","6","1","0","1","0","1","0","1","0","0","0","0","0","0","0","0","0","0","0","0","0","0","0","0","0","0","0","0","0","0","0","0","0"
"00000422","라인효친","00000025","운림50","20221003","19","8","8","8","18","8","8","8","0","0","0","0","1","0","0","0","0","0","0","0","0","0","0","0","0","0","0","0","0","0","0","0","0","0","0","0","0","0","0","0","0","0","0","0","0","0","0","0"
"00000422","라인효친","00000047","봉선76","20221003","2","2","1","2","2","2","1","2","0","0","0","0","0","0","0","0","0","0","0","0","0","0","0","0","0","0","0","0","0","0","0","0","0","0","0","0","0","0","0","0","0","0","0","0","0","0","0","0"
"00000422","라인효친","00000119","지원56","20221003","2","7","4","7","2","7","4","7","0","0","0","0","0","0","0","0","0","1","0","1","0","1","0","1","0","0","0","0","0","0","0","0","1","0","0","0","1","0","0","0","0","0","0","0","0","0","0","0"
"00000425","럭키아파트","00000091","송암74","20221003","3","0","0","0","3","0","0","0","0","0","0","0","0","0","0","0","0","0","0","0","0","0","0","0","0","0","0","0","0","0","0","0","0","0","0","0","0","0","0","0","0","0","0","0","0","0","0","0"
"00000426","럭키아파트","00000091","송암74","20221003","0","5","4","5","0","4","3","4","0","0","0","0","0","1","1","1","1","1","0","1","1","1","0","1","0","0","0","0","0","0","0","0","0","0","0","0","0","0","0","0","0","0","0","0","0","0","0","0"
"00000427","첨단롯데마트","00000017","첨단30","20221003","4","4","2","4","2","3","2","3","0","0","0","0","2","1","0","1","3","3","2","3","3","3","1","3","0","0","0","0","0","0","1","0","1","1","0","1","1","0","0","0","0","0","0","0","0","1","0","1"
"00000427","첨단롯데마트","00000061","임곡91","20221003","0","0","2","0","0","0","2","0","0","0","0","0","0","0","0","0","0","0","0","0","0","0","0","0","0","0","0","0","0","0","0","0","0","0","0","0","0","0","0","0","0","0","0","0","0","0","0","0"
"00000427","첨단롯데마트","00000062","첨단92","20221003","0","0","0","0","0","0","0","0","0","0","0","0","0","0","0","0","0","0","0","0","0","0","0","0","0","0","0","0","0","0","0","0","0","0","0","0","0","0","0","0","0","0","0","0","0","0","0","0"
"00000427","첨단롯데마트","00000064","첨단94","20221003","0","0","0","0","0","0","0","0","0","0","0","0","0","0","0","0","0","0","0","0","0","0","0","0","0","0","0","0","0","0","0","0","0","0","0","0","0","0","0","0","0","0","0","0","0","0","0","0"
"00000427","첨단롯데마트","00000095","금호46","20221003","3","9","6","9","3","9","4","9","0","0","0","0","0","0","2","0","0","0","0","0","0","0","0","0","0","0","0","0","0","0","0","0","0","1","0","1","0","0","0","0","0","1","0","1","0","0","0","0"
"00000427","첨단롯데마트","00000108","송정33","20221003","3","4","12","4","3","1","5","1","0","2","3","2","0","1","4","1","1","1","1","1","1","0","1","0","0","0","0","0","0","1","0","1","0","0","1","0","0","0","0","0","0","0","0","0","0","0","1","0"
"00000428","첨단롯데마트","00000017","첨단30","20221003","4","19","36","19","4","15","27","15","0","0","4","0","0","4","5","4","0","1","2","1","0","1","0","1","0","0","0","0","0","0","2","0","0","1","2","1","0","1","2","1","0","0","0","0","0","0","0","0"
"00000428","첨단롯데마트","00000061","임곡91","20221003","0","0","0","0","0","0","0","0","0","0","0","0","0","0","0","0","0","0","0","0","0","0","0","0","0","0","0","0","0","0","0","0","0","0","0","0","0","0","0","0","0","0","0","0","0","0","0","0"
"00000428","첨단롯데마트","00000062","첨단92","20221003","0","0","0","0","0","0","0","0","0","0","0","0","0","0","0","0","0","0","1","0","0","0","1","0","0","0","0","0","0","0","0","0","0","0","0","0","0","0","0","0","0","0","0","0","0","0","0","0"
"00000428","첨단롯데마트","00000095","금호46","20221003","1","2","0","2","1","2","0","2","0","0","0","0","0","0","0","0","0","0","0","0","0","0","0","0","0","0","0","0","0","0","0","0","0","0","0","0","0","0","0","0","0","0","0","0","0","0","0","0"
"00000428","첨단롯데마트","00000108","송정33","20221003","0","1","2","1","0","1","2","1","0","0","0","0","0","0","0","0","0","3","0","3","0","1","0","1","0","2","0","2","0","0","0","0","0","0","0","0","0","0","0","0","0","0","0","0","0","0","0","0"
"00000430","롯데백화점","00000010","송정19","20221003","2","0","17","0","2","0","17","0","0","0","0","0","0","0","0","0","0","0","1","0","0","0","1","0","0","0","0","0","0","0","0","0","2","3","10","3","2","3","10","3","0","0","0","0","0","0","0","0"
"00000430","롯데백화점","00000020","일곡38","20221003","2","4","13","4","2","4","13","4","0","0","0","0","0","0","0","0","1","1","3","1","1","1","3","1","0","0","0","0","0","0","0","0","0","6","5","6","0","6","5","6","0","0","0","0","0","0","0","0"
"00000430","롯데백화점","00000027","지원52","20221003","0","0","0","0","0","0","0","0","0","0","0","0","0","0","0","0","0","0","0","0","0","0","0","0","0","0","0","0","0","0","0","0","0","0","0","0","0","0","0","0","0","0","0","0","0","0","0","0"
"00000430","롯데백화점","00000032","금남57","20221003","0","3","20","3","0","3","20","3","0","0","0","0","0","0","0","0","0","0","0","0","0","0","0","0","0","0","0","0","0","0","0","0","2","2","2","2","2","2","2","2","0","0","0","0","0","0","0","0"
"00000430","롯데백화점","00000041","대촌70","20221003","0","0","0","0","0","0","0","0","0","0","0","0","0","0","0","0","1","2","1","2","1","2","1","2","0","0","0","0","0","0","0","0","0","0","0","0","0","0","0","0","0","0","0","0","0","0","0","0"
"00000430","롯데백화점","00000052","두암81(각화초교)","20221003","0","0","3","0","0","0","3","0","0","0","0","0","0","0","0","0","0","1","2","1","0","1","2","1","0","0","0","0","0","0","0","0","0","0","1","0","0","0","1","0","0","0","0","0","0","0","0","0"
"00000430","롯데백화점","00000073","대촌170","20221003","0","0","0","0","0","0","0","0","0","0","0","0","0","0","0","0","0","1","1","1","0","1","1","1","0","0","0","0","0","0","0","0","0","0","0","0","0","0","0","0","0","0","0","0","0","0","0","0"
"00000430","롯데백화점","00000077","용전184","20221003","0","0","0","0","0","0","0","0","0","0","0","0","0","0","0","0","0","0","0","0","0","0","0","0","0","0","0","0","0","0","0","0","1","0","1","0","1","0","1","0","0","0","0","0","0","0","0","0"
"00000430","롯데백화점","00000087","1187","20221003","0","3","2","3","0","3","2","3","0","0","0","0","0","0","0","0","0","2","1","2","0","2","1","2","0","0","0","0","0","0","0","0","1","0","1","0","1","0","1","0","0","0","0","0","0","0","0","0"
"00000430","롯데백화점","00000129","두암81(장등동)","20221003","0","1","4","1","0","1","4","1","0","0","0","0","0","0","0","0","0","0","1","0","0","0","1","0","0","0","0","0","0","0","0","0","0","1","1","1","0","1","1","1","0","0","0","0","0","0","0","0"
"00000430","롯데백화점","00000208","마을715(대촌)","20221003","0","0","0","0","0","0","0","0","0","0","0","0","0","0","0","0","0","4","1","4","0","4","1","4","0","0","0","0","0","0","0","0","0","0","1","0","0","0","1","0","0","0","0","0","0","0","0","0"
"00000431","롯데백화점","00000010","송정19","20221003","0","0","8","0","0","0","8","0","0","0","0","0","0","0","0","0","2","3","1","3","2","3","1","3","0","0","0","0","0","0","0","0","0","1","0","1","0","1","0","1","0","0","0","0","0","0","0","0"
"00000431","롯데백화점","00000020","일곡38","20221003","0","1","6","1","0","1","6","1","0","0","0","0","0","0","0","0","1","4","2","4","1","4","2","4","0","0","0","0","0","0","0","0","0","0","0","0","0","0","0","0","0","0","0","0","0","0","0","0"
"00000431","롯데백화점","00000027","지원52","20221003","0","1","0","1","0","1","0","1","0","0","0","0","0","0","0","0","0","0","0","0","0","0","0","0","0","0","0","0","0","0","0","0","0","0","0","0","0","0","0","0","0","0","0","0","0","0","0","0"
"00000431","롯데백화점","00000106","두암81(무등파크)","20221003","0","0","0","0","0","0","0","0","0","0","0","0","0","0","0","0","0","0","2","0","0","0","2","0","0","0","0","0","0","0","0","0","0","0","1","0","0","0","1","0","0","0","0","0","0","0","0","0"
"00000431","롯데백화점","00000130","두암81","20221003","0","0","0","0","0","0","0","0","0","0","0","0","0","0","0","0","1","0","0","0","1","0","0","0","0","0","0","0","0","0","0","0","0","0","0","0","0","0","0","0","0","0","0","0","0","0","0","0"
"00000431","롯데백화점","00000208","마을715(대촌)","20221003","1","1","2","1","1","1","2","1","0","0","0","0","0","0","0","0","0","0","0","0","0","0","0","0","0","0","0","0","0","0","0","0","0","0","0","0","0","0","0","0","0","0","0","0","0","0","0","0"
"00000432","폭스존","00000011","첨단20","20221003","2","2","2","2","2","2","2","2","0","0","0","0","0","0","0","0","0","0","0","0","0","0","0","0","0","0","0","0","0","0","0","0","0","0","1","0","0","0","1","0","0","0","0","0","0","0","0","0"
"00000432","폭스존","00000061","임곡91","20221003","1","0","0","0","1","0","0","0","0","0","0","0","0","0","0","0","0","0","0","0","0","0","0","0","0","0","0","0","0","0","0","0","0","0","0","0","0","0","0","0","0","0","0","0","0","0","0","0"
"00000432","폭스존","00000062","첨단92","20221003","1","0","0","0","1","0","0","0","0","0","0","0","0","0","0","0","0","0","0","0","0","0","0","0","0","0","0","0","0","0","0","0","0","0","0","0","0","0","0","0","0","0","0","0","0","0","0","0"
"00000432","폭스존","00000095","금호46","20221003","1","7","3","7","1","7","1","7","0","0","0","0","0","0","2","0","0","0","0","0","0","0","0","0","0","0","0","0","0","0","0","0","0","0","0","0","0","0","0","0","0","0","0","0","0","0","0","0"
"00000432","폭스존","00000114","수완03","20221003","7","21","15","21","6","20","11","20","0","0","3","0","1","1","1","1","0","0","1","0","0","0","0","0","0","0","1","0","0","0","0","0","0","1","0","1","0","1","0","1","0","0","0","0","0","0","0","0"
"00000432","폭스존","00000116","첨단22","20221003","1","0","0","0","1","0","0","0","0","0","0","0","0","0","0","0","0","0","0","0","0","0","0","0","0","0","0","0","0","0","0","0","0","0","0","0","0","0","0","0","0","0","0","0","0","0","0","0"
"00000433","폭스존","00000011","첨단20","20221003","0","1","1","1","0","1","1","1","0","0","0","0","0","0","0","0","0","0","1","0","0","0","0","0","0","0","1","0","0","0","0","0","0","1","0","1","0","1","0","1","0","0","0","0","0","0","0","0"
"00000433","폭스존","00000062","첨단92","20221003","0","0","0","0","0","0","0","0","0","0","0","0","0","0","0","0","0","0","0","0","0","0","0","0","0","0","0","0","0","0","0","0","0","0","0","0","0","0","0","0","0","0","0","0","0","0","0","0"
"00000433","폭스존","00000095","금호46","20221003","0","0","0","0","0","0","0","0","0","0","0","0","0","0","0","0","1","1","0","1","1","0","0","0","0","0","0","0","0","1","0","1","0","0","0","0","0","0","0","0","0","0","0","0","0","0","0","0"
"00000433","폭스존","00000114","수완03","20221003","0","0","0","0","0","0","0","0","0","0","0","0","0","0","0","0","0","0","0","0","0","0","0","0","0","0","0","0","0","0","0","0","0","0","0","0","0","0","0","0","0","0","0","0","0","0","0","0"
"00000433","폭스존","00000116","첨단22","20221003","0","0","0","0","0","0","0","0","0","0","0","0","0","0","0","0","0","0","0","0","0","0","0","0","0","0","0","0","0","0","0","0","0","0","0","0","0","0","0","0","0","0","0","0","0","0","0","0"
"00000434","정부광주지방합동청사입구","00000014","봉선27","20221003","1","0","1","0","1","0","1","0","0","0","0","0","0","0","0","0","0","0","0","0","0","0","0","0","0","0","0","0","0","0","0","0","0","0","0","0","0","0","0","0","0","0","0","0","0","0","0","0"
"00000434","정부광주지방합동청사입구","00000092","첨단40","20221003","0","0","0","0","0","0","0","0","0","0","0","0","0","0","0","0","0","0","0","0","0","0","0","0","0","0","0","0","0","0","0","0","0","0","0","0","0","0","0","0","0","0","0","0","0","0","0","0"
"00000434","정부광주지방합동청사입구","00000095","금호46","20221003","0","2","0","2","0","2","0","2","0","0","0","0","0","0","0","0","0","0","0","0","0","0","0","0","0","0","0","0","0","0","0","0","0","0","0","0","0","0","0","0","0","0","0","0","0","0","0","0"
"00000436","롯데칠성","00000017","첨단30","20221003","2","8","8","8","2","8","8","8","0","0","0","0","0","0","0","0","0","0","4","0","0","0","3","0","0","0","0","0","0","0","1","0","1","0","0","0","1","0","0","0","0","0","0","0","0","0","0","0"
"00000436","롯데칠성","00000032","금남57","20221003","2","2","0","2","2","2","0","2","0","0","0","0","0","0","0","0","3","1","0","1","3","1","0","1","0","0","0","0","0","0","0","0","0","1","0","1","0","1","0","1","0","0","0","0","0","0","0","0"
"00000436","롯데칠성","00000055","용전84","20221003","3","0","1","0","3","0","1","0","0","0","0","0","0","0","0","0","0","0","0","0","0","0","0","0","0","0","0","0","0","0","0","0","0","0","0","0","0","0","0","0","0","0","0","0","0","0","0","0"
"00000436","롯데칠성","00000065","첨단95","20221003","1","1","1","1","1","1","1","1","0","0","0","0","0","0","0","0","0","0","0","0","0","0","0","0","0","0","0","0","0","0","0","0","0","0","1","0","0","0","0","0","0","0","0","0","0","0","1","0"
"00000436","롯데칠성","00000080","첨단193","20221003","1","0","0","0","1","0","0","0","0","0","0","0","0","0","0","0","0","0","0","0","0","0","0","0","0","0","0","0","0","0","0","0","0","0","0","0","0","0","0","0","0","0","0","0","0","0","0","0"
"00000436","롯데칠성","00000117","첨단23","20221003","1","2","6","2","1","0","6","0","0","0","0","0","0","2","0","2","1","1","0","1","1","1","0","1","0","0","0","0","0","0","0","0","0","0","0","0","0","0","0","0","0","0","0","0","0","0","0","0"
"00000436","롯데칠성","00000120","양산60","20221003","2","0","0","0","2","0","0","0","0","0","0","0","0","0","0","0","0","0","1","0","0","0","1","0","0","0","0","0","0","0","0","0","0","1","2","1","0","0","0","0","0","0","1","0","0","1","1","1"
"00000436","롯데칠성","00000213","마을788","20221003","0","0","1","0","0","0","1","0","0","0","0","0","0","0","0","0","1","0","2","0","1","0","0","0","0","0","1","0","0","0","1","0","0","0","0","0","0","0","0","0","0","0","0","0","0","0","0","0"
"00000437","롯데칠성","00000017","첨단30","20221003","4","6","14","6","4","5","9","5","0","0","0","0","0","1","5","1","0","0","0","0","0","0","0","0","0","0","0","0","0","0","0","0","0","2","0","2","0","1","0","1","0","0","0","0","0","1","0","1"
"00000437","롯데칠성","00000032","금남57","20221003","11","10","8","10","11","8","8","8","0","0","0","0","0","2","0","2","0","1","0","1","0","1","0","1","0","0","0","0","0","0","0","0","0","0","0","0","0","0","0","0","0","0","0","0","0","0","0","0"
"00000437","롯데칠성","00000055","용전84","20221003","6","4","4","4","6","2","4","2","0","1","0","1","0","1","0","1","0","0","0","0","0","0","0","0","0","0","0","0","0","0","0","0","0","0","0","0","0","0","0","0","0","0","0","0","0","0","0","0"
"00000437","롯데칠성","00000065","첨단95","20221003","6","16","15","16","5","12","15","12","0","1","0","1","1","3","0","3","1","1","0","1","1","1","0","1","0","0","0","0","0","0","0","0","0","1","1","1","0","1","1","1","0","0","0","0","0","0","0","0"
"00000437","롯데칠성","00000117","첨단23","20221003","11","8","11","8","9","2","11","2","1","4","0","4","1","2","0","2","0","0","0","0","0","0","0","0","0","0","0","0","0","0","0","0","0","1","0","1","0","1","0","1","0","0","0","0","0","0","0","0"
"00000437","롯데칠성","00000120","양산60","20221003","6","6","5","6","6","5","5","5","0","0","0","0","0","1","0","1","0","2","0","2","0","2","0","2","0","0","0","0","0","0","0","0","0","0","0","0","0","0","0","0","0","0","0","0","0","0","0","0"
"00000437","롯데칠성","00000213","마을788","20221003","5","10","2","10","4","5","2","5","1","1","0","1","0","4","0","4","0","0","0","0","0","0","0","0","0","0","0","0","0","0","0","0","0","0","0","0","0","0","0","0","0","0","0","0","0","0","0","0"
"00000438","마당고개","00000056","용전85","20221003","0","1","0","1","0","1","0","1","0","0","0","0","0","0","0","0","0","0","0","0","0","0","0","0","0","0","0","0","0","0","0","0","0","0","0","0","0","0","0","0","0","0","0","0","0","0","0","0"
"00000438","마당고개","00000065","첨단95","20221003","1","2","0","2","1","2","0","2","0","0","0","0","0","0","0","0","0","0","0","0","0","0","0","0","0","0","0","0","0","0","0","0","0","0","0","0","0","0","0","0","0","0","0","0","0","0","0","0"
"00000438","마당고개","00000108","송정33","20221003","0","0","0","0","0","0","0","0","0","0","0","0","0","0","0","0","1","1","2","1","1","0","1","0","0","0","0","0","0","1","1","1","0","0","0","0","0","0","0","0","0","0","0","0","0","0","0","0"
"00000438","마당고개","00000120","양산60","20221003","4","5","0","5","4","4","0","4","0","0","0","0","0","1","0","1","0","0","0","0","0","0","0","0","0","0","0","0","0","0","0","0","0","0","0","0","0","0","0","0","0","0","0","0","0","0","0","0"
"00000439","마령","00000082","송정197","20221003","0","0","0","0","0","0","0","0","0","0","0","0","0","0","0","0","0","0","0","0","0","0","0","0","0","0","0","0","0","0","0","0","0","0","0","0","0","0","0","0","0","0","0","0","0","0","0","0"
"00000440","김대중컨벤션센터(마륵)역","00000010","송정19","20221003","0","0","2","0","0","0","2","0","0","0","0","0","0","0","0","0","0","2","0","2","0","2","0","2","0","0","0","0","0","0","0","0","0","0","0","0","0","0","0","0","0","0","0","0","0","0","0","0"
"00000440","김대중컨벤션센터(마륵)역","00000011","첨단20","20221003","0","0","1","0","0","0","1","0","0","0","0","0","0","0","0","0","0","2","0","2","0","2","0","2","0","0","0","0","0","0","0","0","0","1","0","1","0","1","0","1","0","0","0","0","0","0","0","0"
"00000440","김대중컨벤션센터(마륵)역","00000025","운림50","20221003","0","1","0","1","0","1","0","1","0","0","0","0","0","0","0","0","0","1","0","1","0","1","0","1","0","0","0","0","0","0","0","0","0","0","0","0","0","0","0","0","0","0","0","0","0","0","0","0"
"00000440","김대중컨벤션센터(마륵)역","00000036","상무62(상무역행)","20221003","0","0","0","0","0","0","0","0","0","0","0","0","0","0","0","0","1","0","0","0","1","0","0","0","0","0","0","0","0","0","0","0","0","0","0","0","0","0","0","0","0","0","0","0","0","0","0","0"
"00000440","김대중컨벤션센터(마륵)역","00000040","대촌69","20221003","0","0","0","0","0","0","0","0","0","0","0","0","0","0","0","0","0","1","0","1","0","1","0","1","0","0","0","0","0","0","0","0","0","0","0","0","0","0","0","0","0","0","0","0","0","0","0","0"
"00000440","김대중컨벤션센터(마륵)역","00000044","송암73","20221003","0","0","8","0","0","0","4","0","0","0","1","0","0","0","3","0","0","0","0","0","0","0","0","0","0","0","0","0","0","0","0","0","0","1","0","1","0","1","0","1","0","0","0","0","0","0","0","0"
"00000441","장성마산","00000079","첨단192","20221003","2","0","0","0","0","0","0","0","0","0","0","0","2","0","0","0","0","0","0","0","0","0","0","0","0","0","0","0","0","0","0","0","0","0","0","0","0","0","0","0","0","0","0","0","0","0","0","0"
"00000450","화정무등파크","00000043","송암72","20221003","5","1","7","1","5","1","7","1","0","0","0","0","0","0","0","0","0","0","0","0","0","0","0","0","0","0","0","0","0","0","0","0","0","0","0","0","0","0","0","0","0","0","0","0","0","0","0","0"
"00000450","화정무등파크","00000115","선운14","20221003","6","1","4","1","4","0","4","0","0","1","0","1","2","0","0","0","0","0","0","0","0","0","0","0","0","0","0","0","0","0","0","0","0","0","1","0","0","0","0","0","0","0","0","0","0","0","1","0"
"00000461","정부광주지방합동청사입구","00000014","봉선27","20221003","0","3","4","3","0","3","4","3","0","0","0","0","0","0","0","0","0","0","1","0","0","0","1","0","0","0","0","0","0","0","0","0","0","0","0","0","0","0","0","0","0","0","0","0","0","0","0","0"
"00000461","정부광주지방합동청사입구","00000095","금호46","20221003","0","0","0","0","0","0","0","0","0","0","0","0","0","0","0","0","0","0","0","0","0","0","0","0","0","0","0","0","0","0","0","0","0","0","0","0","0","0","0","0","0","0","0","0","0","0","0","0"
"00000470","말바우시장(남)","00000006","지원15","20221003","0","0","4","0","0","0","4","0","0","0","0","0","0","0","0","0","2","1","0","1","2","1","0","1","0","0","0","0","0","0","0","0","0","2","1","2","0","2","1","2","0","0","0","0","0","0","0","0"
"00000470","말바우시장(남)","00000010","송정19","20221003","1","14","5","14","1","14","5","14","0","0","0","0","0","0","0","0","0","4","1","4","0","4","1","4","0","0","0","0","0","0","0","0","6","2","1","2","6","2","1","2","0","0","0","0","0","0","0","0"
"00000470","말바우시장(남)","00000020","일곡38","20221003","1","7","3","7","1","6","3","6","0","0","0","0","0","1","0","1","1","0","0","0","1","0","0","0","0","0","0","0","0","0","0","0","0","2","1","2","0","2","1","2","0","0","0","0","0","0","0","0"
"00000470","말바우시장(남)","00000024","송암47","20221003","0","3","2","3","0","3","2","3","0","0","0","0","0","0","0","0","0","0","1","0","0","0","1","0","0","0","0","0","0","0","0","0","1","1","1","1","1","1","1","1","0","0","0","0","0","0","0","0"
"00000470","말바우시장(남)","00000029","운림54","20221003","5","6","7","6","5","6","6","6","0","0","0","0","0","0","1","0","4","2","1","2","4","2","1","2","0","0","0","0","0","0","0","0","4","10","4","10","4","9","4","9","0","0","0","0","0","1","0","1"
"00000470","말바우시장(남)","00000051","문흥80","20221003","0","0","0","0","0","0","0","0","0","0","0","0","0","0","0","0","1","2","0","2","1","2","0","2","0","0","0","0","0","0","0","0","0","1","3","1","0","1","3","1","0","0","0","0","0","0","0","0"
"00000470","말바우시장(남)","00000054","용봉83","20221003","1","0","2","0","1","0","2","0","0","0","0","0","0","0","0","0","1","1","2","1","1","1","2","1","0","0","0","0","0","0","0","0","1","2","1","2","1","2","1","2","0","0","0","0","0","0","0","0"
"00000470","말바우시장(남)","00000058","석곡87","20221003","1","0","0","0","1","0","0","0","0","0","0","0","0","0","0","0","0","3","0","3","0","1","0","1","0","0","0","0","0","2","0","2","0","2","0","2","0","1","0","1","0","0","0","0","0","1","0","1"
"00000470","말바우시장(남)","00000076","두암181","20221003","0","0","0","0","0","0","0","0","0","0","0","0","0","0","0","0","1","0","0","0","1","0","0","0","0","0","0","0","0","0","0","0","0","0","0","0","0","0","0","0","0","0","0","0","0","0","0","0"
"00000470","말바우시장(남)","00000078","충효187","20221003","0","0","0","0","0","0","0","0","0","0","0","0","0","0","0","0","0","0","0","0","0","0","0","0","0","0","0","0","0","0","0","0","0","0","1","0","0","0","1","0","0","0","0","0","0","0","0","0"
"00000470","말바우시장(남)","00000090","문흥39","20221003","1","5","6","5","1","5","6","5","0","0","0","0","0","0","0","0","1","0","2","0","1","0","2","0","0","0","0","0","0","0","0","0","4","2","1","2","4","2","1","2","0","0","0","0","0","0","0","0"
"00000471","말바우시장(동)","00000003","매월06","20221003","10","26","21","26","10","25","19","25","0","0","0","0","0","1","2","1","5","2","2","2","5","2","2","2","0","0","0","0","0","0","0","0","5","12","2","12","5","12","2","12","0","0","0","0","0","0","0","0"
"00000471","말바우시장(동)","00000006","지원15","20221003","2","1","2","1","1","1","2","1","0","0","0","0","1","0","0","0","1","2","1","2","1","2","1","2","0","0","0","0","0","0","0","0","0","1","1","1","0","1","1","1","0","0","0","0","0","0","0","0"
"00000471","말바우시장(동)","00000018","운림35","20221003","6","8","10","8","6","8","10","8","0","0","0","0","0","0","0","0","0","1","0","1","0","1","0","1","0","0","0","0","0","0","0","0","3","2","5","2","3","2","5","2","0","0","0","0","0","0","0","0"
"00000471","말바우시장(동)","00000024","송암47","20221003","2","5","12","5","2","5","12","5","0","0","0","0","0","0","0","0","2","2","1","2","2","2","1","2","0","0","0","0","0","0","0","0","1","1","0","1","1","1","0","1","0","0","0","0","0","0","0","0"
"00000471","말바우시장(동)","00000029","운림54","20221003","19","28","13","28","17","28","13","28","0","0","0","0","2","0","0","0","19","7","8","7","19","7","8","7","0","0","0","0","0","0","0","0","0","6","5","6","0","6","5","6","0","0","0","0","0","0","0","0"
"00000471","말바우시장(동)","00000052","두암81(각화초교)","20221003","0","0","0","0","0","0","0","0","0","0","0","0","0","0","0","0","1","0","1","0","1","0","1","0","0","0","0","0","0","0","0","0","0","0","0","0","0","0","0","0","0","0","0","0","0","0","0","0"
"00000471","말바우시장(동)","00000058","석곡87","20221003","0","2","1","2","0","2","1","2","0","0","0","0","0","0","0","0","2","2","0","2","2","2","0","2","0","0","0","0","0","0","0","0","0","1","0","1","0","1","0","1","0","0","0","0","0","0","0","0"
"00000471","말바우시장(동)","00000076","두암181","20221003","0","0","0","0","0","0","0","0","0","0","0","0","0","0","0","0","0","0","0","0","0","0","0","0","0","0","0","0","0","0","0","0","0","0","0","0","0","0","0","0","0","0","0","0","0","0","0","0"
"00000471","말바우시장(동)","00000078","충효187","20221003","2","0","3","0","2","0","3","0","0","0","0","0","0","0","0","0","1","0","1","0","1","0","1","0","0","0","0","0","0","0","0","0","1","2","1","2","1","2","1","2","0","0","0","0","0","0","0","0"
"00000471","말바우시장(동)","00000086","518","20221003","0","1","2","1","0","1","2","1","0","0","0","0","0","0","0","0","0","1","1","1","0","1","1","1","0","0","0","0","0","0","0","0","0","0","0","0","0","0","0","0","0","0","0","0","0","0","0","0"
"00000471","말바우시장(동)","00000090","문흥39","20221003","4","9","13","9","4","7","8","7","0","0","0","0","0","2","5","2","3","4","1","4","3","4","1","4","0","0","0","0","0","0","0","0","1","3","1","3","1","3","1","3","0","0","0","0","0","0","0","0"
"00000471","말바우시장(동)","00000129","두암81(장등동)","20221003","0","0","1","0","0","0","1","0","0","0","0","0","0","0","0","0","1","0","0","0","1","0","0","0","0","0","0","0","0","0","0","0","0","0","0","0","0","0","0","0","0","0","0","0","0","0","0","0"
"00000472","말바우시장(동)","00000003","매월06","20221003","1","2","5","2","1","2","4","2","0","0","1","0","0","0","0","0","5","5","15","5","5","5","13","5","0","0","1","0","0","0","1","0","4","2","2","2","4","2","2","2","0","0","0","0","0","0","0","0"
"00000472","말바우시장(동)","00000006","지원15","20221003","3","2","1","2","2","2","1","2","1","0","0","0","0","0","0","0","1","3","0","3","1","3","0","3","0","0","0","0","0","0","0","0","1","3","1","3","1","3","1","3","0","0","0","0","0","0","0","0"
"00000472","말바우시장(동)","00000018","운림35","20221003","3","1","2","1","3","1","2","1","0","0","0","0","0","0","0","0","1","6","2","6","1","6","2","6","0","0","0","0","0","0","0","0","2","5","1","5","2","5","1","5","0","0","0","0","0","0","0","0"
"00000472","말바우시장(동)","00000024","송암47","20221003","1","2","2","2","1","2","2","2","0","0","0","0","0","0","0","0","6","6","2","6","6","6","2","6","0","0","0","0","0","0","0","0","3","4","2","4","2","4","2","4","0","0","0","0","1","0","0","0"
"00000472","말바우시장(동)","00000029","운림54","20221003","6","15","29","15","6","14","28","14","0","1","1","1","0","0","0","0","9","15","9","15","9","15","9","15","0","0","0","0","0","0","0","0","3","10","17","10","3","10","16","10","0","0","1","0","0","0","0","0"
"00000472","말바우시장(동)","00000058","석곡87","20221003","6","2","3","2","6","2","2","2","0","0","0","0","0","0","1","0","0","1","0","1","0","1","0","1","0","0","0","0","0","0","0","0","7","2","1","2","7","2","1","2","0","0","0","0","0","0","0","0"
"00000472","말바우시장(동)","00000076","두암181","20221003","1","3","0","3","1","3","0","3","0","0","0","0","0","0","0","0","0","0","0","0","0","0","0","0","0","0","0","0","0","0","0","0","2","1","0","1","2","1","0","1","0","0","0","0","0","0","0","0"
"00000472","말바우시장(동)","00000078","충효187","20221003","0","0","0","0","0","0","0","0","0","0","0","0","0","0","0","0","1","0","0","0","1","0","0","0","0","0","0","0","0","0","0","0","0","0","0","0","0","0","0","0","0","0","0","0","0","0","0","0"
"00000472","말바우시장(동)","00000086","518","20221003","4","1","1","1","4","1","1","1","0","0","0","0","0","0","0","0","0","2","2","2","0","2","2","2","0","0","0","0","0","0","0","0","3","4","0","4","3","4","0","4","0","0","0","0","0","0","0","0"
"00000472","말바우시장(동)","00000090","문흥39","20221003","3","2","5","2","3","2","5","2","0","0","0","0","0","0","0","0","2","8","7","8","2","8","7","8","0","0","0","0","0","0","0","0","2","1","0","1","2","1","0","1","0","0","0","0","0","0","0","0"
"00000472","말바우시장(동)","00000106","두암81(무등파크)","20221003","0","0","0","0","0","0","0","0","0","0","0","0","0","0","0","0","1","1","0","1","1","1","0","1","0","0","0","0","0","0","0","0","0","2","0","2","0","2","0","2","0","0","0","0","0","0","0","0"
"00000472","말바우시장(동)","00000130","두암81","20221003","0","0","0","0","0","0","0","0","0","0","0","0","0","0","0","0","1","0","0","0","1","0","0","0","0","0","0","0","0","0","0","0","0","0","1","0","0","0","1","0","0","0","0","0","0","0","0","0"
"00000473","말바우시장(서)","00000010","송정19","20221003","2","8","5","8","2","8","5","8","0","0","0","0","0","0","0","0","2","3","1","3","2","3","1","3","0","0","0","0","0","0","0","0","1","3","1","3","1","3","1","3","0","0","0","0","0","0","0","0"
"00000473","말바우시장(서)","00000014","봉선27","20221003","2","9","9","9","2","9","9","9","0","0","0","0","0","0","0","0","5","3","2","3","4","3","2","3","0","0","0","0","1","0","0","0","1","5","5","5","1","5","5","5","0","0","0","0","0","0","0","0"
"00000473","말바우시장(서)","00000015","일곡28","20221003","5","13","21","13","5","12","20","12","0","0","0","0","0","1","1","1","2","3","0","3","2","3","0","3","0","0","0","0","0","0","0","0","7","10","13","10","7","10","13","10","0","0","0","0","0","0","0","0"
"00000473","말바우시장(서)","00000020","일곡38","20221003","1","4","1","4","1","4","1","4","0","0","0","0","0","0","0","0","3","4","2","4","3","4","2","4","0","0","0","0","0","0","0","0","2","1","1","1","2","1","1","1","0","0","0","0","0","0","0","0"
"00000473","말바우시장(서)","00000030","금남55","20221003","0","2","1","2","0","1","1","1","0","1","0","1","0","0","0","0","0","0","0","0","0","0","0","0","0","0","0","0","0","0","0","0","1","0","2","0","1","0","2","0","0","0","0","0","0","0","0","0"
"00000473","말바우시장(서)","00000051","문흥80","20221003","0","0","0","0","0","0","0","0","0","0","0","0","0","0","0","0","1","0","0","0","1","0","0","0","0","0","0","0","0","0","0","0","0","0","1","0","0","0","1","0","0","0","0","0","0","0","0","0"
"00000473","말바우시장(서)","00000054","용봉83","20221003","2","2","2","2","2","2","2","2","0","0","0","0","0","0","0","0","3","4","1","4","3","3","1","3","0","0","0","0","0","1","0","1","1","1","0","1","1","1","0","1","0","0","0","0","0","0","0","0"
"00000473","말바우시장(서)","00000086","518","20221003","0","2","3","2","0","2","3","2","0","0","0","0","0","0","0","0","1","2","1","2","1","2","0","2","0","0","0","0","0","0","1","0","1","2","2","2","1","2","2","2","0","0","0","0","0","0","0","0"
"00000473","말바우시장(서)","00000106","두암81(무등파크)","20221003","0","0","1","0","0","0","1","0","0","0","0","0","0","0","0","0","0","0","0","0","0","0","0","0","0","0","0","0","0","0","0","0","1","0","0","0","1","0","0","0","0","0","0","0","0","0","0","0"
"00000473","말바우시장(서)","00000130","두암81","20221003","0","1","1","1","0","1","1","1","0","0","0","0","0","0","0","0","0","1","1","1","0","1","1","1","0","0","0","0","0","0","0","0","1","0","0","0","1","0","0","0","0","0","0","0","0","0","0","0"
"00000473","말바우시장(서)","00000213","마을788","20221003","2","1","6","1","2","1","3","1","0","0","0","0","0","0","3","0","0","0","1","0","0","0","1","0","0","0","0","0","0","0","0","0","2","1","0","1","2","1","0","1","0","0","0","0","0","0","0","0"
"00000474","말바우시장(서)","00000010","송정19","20221003","2","2","6","2","2","2","6","2","0","0","0","0","0","0","0","0","2","5","5","5","2","5","5","5","0","0","0","0","0","0","0","0","0","2","0","2","0","2","0","2","0","0","0","0","0","0","0","0"
"00000474","말바우시장(서)","00000014","봉선27","20221003","8","12","23","12","8","12","21","12","0","0","0","0","0","0","2","0","6","4","10","4","6","4","8","4","0","0","0","0","0","0","2","0","2","4","4","4","2","4","4","4","0","0","0","0","0","0","0","0"
"00000474","말바우시장(서)","00000015","일곡28","20221003","3","2","13","2","3","2","11","2","0","0","0","0","0","0","2","0","5","6","2","6","5","6","2","6","0","0","0","0","0","0","0","0","2","2","2","2","2","2","2","2","0","0","0","0","0","0","0","0"
"00000474","말바우시장(서)","00000020","일곡38","20221003","3","3","14","3","3","3","9","3","0","0","0","0","0","0","5","0","1","1","1","1","1","1","1","1","0","0","0","0","0","0","0","0","0","2","1","2","0","2","1","2","0","0","0","0","0","0","0","0"
"00000474","말바우시장(서)","00000030","금남55","20221003","2","7","2","7","2","7","2","7","0","0","0","0","0","0","0","0","3","1","2","1","3","1","2","1","0","0","0","0","0","0","0","0","0","2","0","2","0","2","0","2","0","0","0","0","0","0","0","0"
"00000474","말바우시장(서)","00000051","문흥80","20221003","0","1","1","1","0","1","1","1","0","0","0","0","0","0","0","0","0","1","1","1","0","1","1","1","0","0","0","0","0","0","0","0","1","1","0","1","1","1","0","1","0","0","0","0","0","0","0","0"
"00000474","말바우시장(서)","00000052","두암81(각화초교)","20221003","2","0","1","0","2","0","1","0","0","0","0","0","0","0","0","0","1","0","0","0","1","0","0","0","0","0","0","0","0","0","0","0","0","0","0","0","0","0","0","0","0","0","0","0","0","0","0","0"
"00000474","말바우시장(서)","00000054","용봉83","20221003","2","10","16","10","2","9","16","9","0","0","0","0","0","1","0","1","0","2","1","2","0","2","1","2","0","0","0","0","0","0","0","0","5","7","7","7","5","5","7","5","0","0","0","0","0","2","0","2"
"00000474","말바우시장(서)","00000086","518","20221003","0","0","0","0","0","0","0","0","0","0","0","0","0","0","0","0","0","4","1","4","0","4","1","4","0","0","0","0","0","0","0","0","0","1","0","1","0","1","0","1","0","0","0","0","0","0","0","0"
"00000474","말바우시장(서)","00000129","두암81(장등동)","20221003","0","1","0","1","0","1","0","1","0","0","0","0","0","0","0","0","0","1","0","1","0","1","0","1","0","0","0","0","0","0","0","0","0","1","0","1","0","1","0","1","0","0","0","0","0","0","0","0"
"00000474","말바우시장(서)","00000213","마을788","20221003","0","0","3","0","0","0","3","0","0","0","0","0","0","0","0","0","1","0","0","0","1","0","0","0","0","0","0","0","0","0","0","0","0","0","0","0","0","0","0","0","0","0","0","0","0","0","0","0"
"00000475","석곡동행정복지센터","00000058","석곡87","20221003","0","3","1","3","0","3","1","3","0","0","0","0","0","0","0","0","0","1","0","1","0","1","0","1","0","0","0","0","0","0","0","0","0","0","0","0","0","0","0","0","0","0","0","0","0","0","0","0"
"00000476","석곡동행정복지센터","00000058","석곡87","20221003","0","1","0","1","0","1","0","1","0","0","0","0","0","0","0","0","1","0","1","0","1","0","1","0","0","0","0","0","0","0","0","0","0","0","0","0","0","0","0","0","0","0","0","0","0","0","0","0"
"00000477","전남공무원교육원","00000029","운림54","20221003","0","1","3","1","0","0","3","0","0","0","0","0","0","1","0","1","0","0","0","0","0","0","0","0","0","0","0","0","0","0","0","0","0","0","0","0","0","0","0","0","0","0","0","0","0","0","0","0"
"00000478","매곡삼익아파트","00000029","운림54","20221003","38","48","22","48","35","43","21","43","0","1","1","1","3","4","0","4","1","3","4","3","1","3","4","3","0","0","0","0","0","0","0","0","0","0","0","0","0","0","0","0","0","0","0","0","0","0","0","0"
"00000478","매곡삼익아파트","00000037","상무63","20221003","4","1","3","1","4","0","3","0","0","0","0","0","0","1","0","1","0","0","0","0","0","0","0","0","0","0","0","0","0","0","0","0","0","1","0","1","0","1","0","1","0","0","0","0","0","0","0","0"
"00000479","매화동(장성)","00000080","첨단193","20221003","0","0","0","0","0","0","0","0","0","0","0","0","0","0","0","0","0","0","0","0","0","0","0","0","0","0","0","0","0","0","0","0","0","0","0","0","0","0","0","0","0","0","0","0","0","0","0","0"
"00000480","맥동","00000060","임곡90","20221003","3","1","0","1","3","1","0","1","0","0","0","0","0","0","0","0","0","0","0","0","0","0","0","0","0","0","0","0","0","0","0","0","0","0","0","0","0","0","0","0","0","0","0","0","0","0","0","0"
"00000481","가마","00000085","송정296","20221003","0","0","0","0","0","0","0","0","0","0","0","0","0","0","0","0","0","1","0","1","0","1","0","1","0","0","0","0","0","0","0","0","0","0","0","0","0","0","0","0","0","0","0","0","0","0","0","0"
"00000482","산수2동행정복지센터","00000008","진월17","20221003","6","3","4","3","6","3","4","3","0","0","0","0","0","0","0","0","0","0","1","0","0","0","1","0","0","0","0","0","0","0","0","0","0","0","0","0","0","0","0","0","0","0","0","0","0","0","0","0"
"00000482","산수2동행정복지센터","00000018","운림35","20221003","10","4","2","4","9","4","2","4","0","0","0","0","1","0","0","0","1","2","2","2","1","2","2","2","0","0","0","0","0","0","0","0","0","0","0","0","0","0","0","0","0","0","0","0","0","0","0","0"
"00000482","산수2동행정복지센터","00000088","금호36","20221003","7","8","4","8","6","8","4","8","0","0","0","0","1","0","0","0","1","2","0","2","1","2","0","2","0","0","0","0","0","0","0","0","0","0","1","0","0","0","1","0","0","0","0","0","0","0","0","0"
"00000483","명지맨션","00000025","운림50","20221003","2","4","2","4","2","4","2","4","0","0","0","0","0","0","0","0","0","1","3","1","0","1","3","1","0","0","0","0","0","0","0","0","0","0","0","0","0","0","0","0","0","0","0","0","0","0","0","0"
"00000483","명지맨션","00000048","진월77","20221003","0","0","0","0","0","0","0","0","0","0","0","0","0","0","0","0","0","1","0","1","0","1","0","1","0","0","0","0","0","0","0","0","0","0","0","0","0","0","0","0","0","0","0","0","0","0","0","0"
"00000484","명지맨션","00000025","운림50","20221003","6","3","4","3","4","3","3","3","0","0","0","0","2","0","1","0","0","0","1","0","0","0","1","0","0","0","0","0","0","0","0","0","0","0","0","0","0","0","0","0","0","0","0","0","0","0","0","0"
"00000484","명지맨션","00000048","진월77","20221003","2","0","0","0","2","0","0","0","0","0","0","0","0","0","0","0","0","0","0","0","0","0","0","0","0","0","0","0","0","0","0","0","0","0","0","0","0","0","0","0","0","0","0","0","0","0","0","0"
"00000485","모아제일아파트","00000037","상무63","20221003","2","0","1","0","2","0","0","0","0","0","0","0","0","0","1","0","2","0","0","0","2","0","0","0","0","0","0","0","0","0","0","0","0","0","0","0","0","0","0","0","0","0","0","0","0","0","0","0"
"00000485","모아제일아파트","00000038","상무64","20221003","2","1","7","1","1","1","4","1","0","0","0","0","1","0","3","0","0","1","1","1","0","1","1","1","0","0","0","0","0","0","0","0","0","0","0","0","0","0","0","0","0","0","0","0","0","0","0","0"
"00000485","모아제일아파트","00000059","임곡89","20221003","0","0","0","0","0","0","0","0","0","0","0","0","0","0","0","0","0","0","0","0","0","0","0","0","0","0","0","0","0","0","0","0","0","0","0","0","0","0","0","0","0","0","0","0","0","0","0","0"
"00000485","모아제일아파트","00000086","518","20221003","0","1","3","1","0","0","1","0","0","0","0","0","0","1","2","1","0","0","2","0","0","0","2","0","0","0","0","0","0","0","0","0","0","0","0","0","0","0","0","0","0","0","0","0","0","0","0","0"
"00000485","모아제일아파트","00000095","금호46","20221003","7","3","2","3","6","2","1","2","1","1","0","1","0","0","1","0","1","0","2","0","1","0","2","0","0","0","0","0","0","0","0","0","0","0","0","0","0","0","0","0","0","0","0","0","0","0","0","0"
"00000485","모아제일아파트","00000115","선운14","20221003","3","6","3","6","2","4","2","4","0","0","0","0","1","2","1","2","0","0","5","0","0","0","5","0","0","0","0","0","0","0","0","0","1","0","2","0","1","0","2","0","0","0","0","0","0","0","0","0"
"00000485","모아제일아파트","00000116","첨단22","20221003","3","2","3","2","3","1","2","1","0","0","0","0","0","1","1","1","1","0","0","0","1","0","0","0","0","0","0","0","0","0","0","0","0","1","0","1","0","1","0","1","0","0","0","0","0","0","0","0"
"00000485","모아제일아파트","00000127","상무62","20221003","1","3","0","3","1","0","0","0","0","0","0","0","0","3","0","3","0","0","0","0","0","0","0","0","0","0","0","0","0","0","0","0","0","0","0","0","0","0","0","0","0","0","0","0","0","0","0","0"
"00000485","모아제일아파트","00000201","마을760","20221003","8","6","3","6","7","5","3","5","0","0","0","0","1","1","0","1","0","0","0","0","0","0","0","0","0","0","0","0","0","0","0","0","2","1","0","1","2","1","0","1","0","0","0","0","0","0","0","0"
"00000485","모아제일아파트","00000214","마을799","20221003","0","3","0","3","0","1","0","1","0","0","0","0","0","2","0","2","0","0","0","0","0","0","0","0","0","0","0","0","0","0","0","0","0","0","0","0","0","0","0","0","0","0","0","0","0","0","0","0"
"00000486","라인효친","00000015","일곡28","20221003","10","8","15","8","10","7","14","7","0","0","0","0","0","1","1","1","2","1","3","1","2","1","3","1","0","0","0","0","0","0","0","0","0","0","0","0","0","0","0","0","0","0","0","0","0","0","0","0"
"00000486","라인효친","00000019","봉선37","20221003","1","1","5","1","1","1","5","1","0","0","0","0","0","0","0","0","2","3","3","3","2","2","3","2","0","1","0","1","0","0","0","0","0","1","0","1","0","1","0","1","0","0","0","0","0","0","0","0"
"00000486","라인효친","00000025","운림50","20221003","7","4","2","4","7","2","2","2","0","0","0","0","0","2","0","2","0","0","2","0","0","0","2","0","0","0","0","0","0","0","0","0","0","0","0","0","0","0","0","0","0","0","0","0","0","0","0","0"
"00000486","라인효친","00000047","봉선76","20221003","0","0","0","0","0","0","0","0","0","0","0","0","0","0","0","0","0","0","0","0","0","0","0","0","0","0","0","0","0","0","0","0","0","0","0","0","0","0","0","0","0","0","0","0","0","0","0","0"
"00000486","라인효친","00000119","지원56","20221003","0","1","0","1","0","1","0","1","0","0","0","0","0","0","0","0","0","0","0","0","0","0","0","0","0","0","0","0","0","0","0","0","0","0","0","0","0","0","0","0","0","0","0","0","0","0","0","0"
"00000487","모아2차아파트","00000015","일곡28","20221003","8","25","16","25","8","22","13","22","0","0","0","0","0","3","3","3","1","0","0","0","1","0","0","0","0","0","0","0","0","0","0","0","0","0","0","0","0","0","0","0","0","0","0","0","0","0","0","0"
"00000487","모아2차아파트","00000019","봉선37","20221003","16","24","12","24","16","23","12","23","0","0","0","0","0","1","0","1","2","2","0","2","2","2","0","2","0","0","0","0","0","0","0","0","1","1","0","1","1","1","0","1","0","0","0","0","0","0","0","0"
"00000487","모아2차아파트","00000025","운림50","20221003","12","10","5","10","10","10","4","10","1","0","0","0","1","0","1","0","1","1","4","1","1","1","4","1","0","0","0","0","0","0","0","0","0","0","0","0","0","0","0","0","0","0","0","0","0","0","0","0"
"00000487","모아2차아파트","00000047","봉선76","20221003","0","1","1","1","0","1","1","1","0","0","0","0","0","0","0","0","0","0","0","0","0","0","0","0","0","0","0","0","0","0","0","0","0","0","0","0","0","0","0","0","0","0","0","0","0","0","0","0"
"00000487","모아2차아파트","00000119","지원56","20221003","1","0","6","0","1","0","4","0","0","0","0","0","0","0","2","0","0","0","0","0","0","0","0","0","0","0","0","0","0","0","0","0","1","0","0","0","1","0","0","0","0","0","0","0","0","0","0","0"
"00000488","모아2차아파트","00000015","일곡28","20221003","11","10","10","10","10","7","9","7","0","2","0","2","1","1","1","1","2","1","9","1","2","1","9","1","0","0","0","0","0","0","0","0","0","0","0","0","0","0","0","0","0","0","0","0","0","0","0","0"
"00000488","모아2차아파트","00000019","봉선37","20221003","5","3","0","3","5","3","0","3","0","0","0","0","0","0","0","0","2","2","3","2","2","2","2","2","0","0","0","0","0","0","1","0","0","0","0","0","0","0","0","0","0","0","0","0","0","0","0","0"
"00000488","모아2차아파트","00000025","운림50","20221003","8","5","9","5","8","5","9","5","0","0","0","0","0","0","0","0","0","1","2","1","0","1","2","1","0","0","0","0","0","0","0","0","1","0","0","0","1","0","0","0","0","0","0","0","0","0","0","0"
"00000488","모아2차아파트","00000047","봉선76","20221003","0","0","0","0","0","0","0","0","0","0","0","0","0","0","0","0","0","0","0","0","0","0","0","0","0","0","0","0","0","0","0","0","0","0","0","0","0","0","0","0","0","0","0","0","0","0","0","0"
"00000488","모아2차아파트","00000119","지원56","20221003","0","1","0","1","0","1","0","1","0","0","0","0","0","0","0","0","1","0","0","0","1","0","0","0","0","0","0","0","0","0","0","0","0","0","0","0","0","0","0","0","0","0","0","0","0","0","0","0"
"00000491","송정모아아파트","00000023","지원45","20221003","4","5","2","5","4","4","2","4","0","0","0","0","0","1","0","1","0","0","0","0","0","0","0","0","0","0","0","0","0","0","0","0","0","1","0","1","0","1","0","1","0","0","0","0","0","0","0","0"
"00000491","송정모아아파트","00000044","송암73","20221003","6","5","7","5","6","4","6","4","0","0","1","0","0","1","0","1","1","0","1","0","1","0","1","0","0","0","0","0","0","0","0","0","1","0","0","0","1","0","0","0","0","0","0","0","0","0","0","0"
"00000491","송정모아아파트","00000092","첨단40","20221003","1","1","3","1","1","0","2","0","0","0","0","0","0","1","1","1","0","0","0","0","0","0","0","0","0","0","0","0","0","0","0","0","0","0","0","0","0","0","0","0","0","0","0","0","0","0","0","0"
"00000491","송정모아아파트","00000125","선운101","20221003","0","3","2","3","0","1","1","1","0","0","0","0","0","2","1","2","1","0","0","0","1","0","0","0","0","0","0","0","0","0","0","0","0","0","0","0","0","0","0","0","0","0","0","0","0","0","0","0"
"00000492","송정모아아파트","00000023","지원45","20221003","0","2","2","2","0","2","2","2","0","0","0","0","0","0","0","0","0","1","0","1","0","1","0","1","0","0","0","0","0","0","0","0","0","0","0","0","0","0","0","0","0","0","0","0","0","0","0","0"
"00000492","송정모아아파트","00000044","송암73","20221003","0","0","1","0","0","0","1","0","0","0","0","0","0","0","0","0","0","2","2","2","0","2","1","2","0","0","0","0","0","0","1","0","0","0","2","0","0","0","2","0","0","0","0","0","0","0","0","0"
"00000492","송정모아아파트","00000092","첨단40","20221003","1","0","1","0","1","0","1","0","0","0","0","0","0","0","0","0","0","0","3","0","0","0","3","0","0","0","0","0","0","0","0","0","0","0","0","0","0","0","0","0","0","0","0","0","0","0","0","0"
"00000492","송정모아아파트","00000125","선운101","20221003","2","4","1","4","2","2","1","2","0","0","0","0","0","2","0","2","1","1","0","1","1","0","0","0","0","0","0","0","0","1","0","1","0","0","0","0","0","0","0","0","0","0","0","0","0","0","0","0"
"00000493","문흥라인아파트","00000008","진월17","20221003","22","27","16","27","21","22","13","22","0","0","0","0","1","5","3","5","1","0","0","0","1","0","0","0","0","0","0","0","0","0","0","0","1","0","1","0","1","0","1","0","0","0","0","0","0","0","0","0"
"00000493","문흥라인아파트","00000010","송정19","20221003","5","12","5","12","4","8","4","8","0","0","0","0","1","4","1","4","0","0","0","0","0","0","0","0","0","0","0","0","0","0","0","0","0","0","2","0","0","0","2","0","0","0","0","0","0","0","0","0"
"00000493","문흥라인아파트","00000051","문흥80","20221003","7","10","4","10","6","8","3","8","0","0","0","0","1","2","1","2","0","0","0","0","0","0","0","0","0","0","0","0","0","0","0","0","0","0","0","0","0","0","0","0","0","0","0","0","0","0","0","0"
"00000493","문흥라인아파트","00000057","용전86","20221003","5","0","2","0","5","0","1","0","0","0","0","0","0","0","1","0","1","0","0","0","1","0","0","0","0","0","0","0","0","0","0","0","0","0","0","0","0","0","0","0","0","0","0","0","0","0","0","0"
"00000493","문흥라인아파트","00000090","문흥39","20221003","16","30","6","30","14","25","4","25","1","1","0","1","1","4","2","4","0","0","0","0","0","0","0","0","0","0","0","0","0","0","0","0","0","1","0","1","0","1","0","1","0","0","0","0","0","0","0","0"
"00000493","문흥라인아파트","00000117","첨단23","20221003","15","12","9","12","14","9","9","9","0","0","0","0","1","3","0","3","0","0","1","0","0","0","1","0","0","0","0","0","0","0","0","0","0","1","2","1","0","1","2","1","0","0","0","0","0","0","0","0"
"00000494","모아제일아파트","00000036","상무62(상무역행)","20221003","1","2","0","2","1","2","0","2","0","0","0","0","0","0","0","0","0","0","0","0","0","0","0","0","0","0","0","0","0","0","0","0","0","0","1","0","0","0","1","0","0","0","0","0","0","0","0","0"
"00000494","모아제일아파트","00000037","상무63","20221003","0","1","0","1","0","1","0","1","0","0","0","0","0","0","0","0","0","0","1","0","0","0","1","0","0","0","0","0","0","0","0","0","1","0","2","0","1","0","2","0","0","0","0","0","0","0","0","0"
"00000494","모아제일아파트","00000038","상무64","20221003","6","6","6","6","5","5","4","5","0","0","0","0","1","1","2","1","0","0","2","0","0","0","2","0","0","0","0","0","0","0","0","0","1","0","2","0","1","0","2","0","0","0","0","0","0","0","0","0"
"00000494","모아제일아파트","00000059","임곡89","20221003","1","1","0","1","1","1","0","1","0","0","0","0","0","0","0","0","0","0","0","0","0","0","0","0","0","0","0","0","0","0","0","0","0","0","0","0","0","0","0","0","0","0","0","0","0","0","0","0"
"00000494","모아제일아파트","00000086","518","20221003","6","4","3","4","6","4","3","4","0","0","0","0","0","0","0","0","0","0","0","0","0","0","0","0","0","0","0","0","0","0","0","0","0","0","0","0","0","0","0","0","0","0","0","0","0","0","0","0"
"00000494","모아제일아파트","00000095","금호46","20221003","5","13","4","13","5","13","4","13","0","0","0","0","0","0","0","0","0","0","1","0","0","0","1","0","0","0","0","0","0","0","0","0","1","0","0","0","1","0","0","0","0","0","0","0","0","0","0","0"
"00000494","모아제일아파트","00000115","선운14","20221003","11","8","4","8","10","7","1","7","1","0","1","0","0","1","2","1","1","0","1","0","1","0","1","0","0","0","0","0","0","0","0","0","2","0","0","0","2","0","0","0","0","0","0","0","0","0","0","0"
"00000494","모아제일아파트","00000116","첨단22","20221003","3","1","5","1","3","1","5","1","0","0","0","0","0","0","0","0","0","0","1","0","0","0","1","0","0","0","0","0","0","0","0","0","1","2","2","2","1","2","1","2","0","0","0","0","0","0","1","0"
"00000494","모아제일아파트","00000201","마을760","20221003","6","6","2","6","6","6","1","6","0","0","0","0","0","0","1","0","1","0","3","0","1","0","2","0","0","0","0","0","0","0","1","0","0","0","0","0","0","0","0","0","0","0","0","0","0","0","0","0"
"00000494","모아제일아파트","00000214","마을799","20221003","0","1","0","1","0","1","0","1","0","0","0","0","0","0","0","0","0","0","0","0","0","0","0","0","0","0","0","0","0","0","0","0","0","0","0","0","0","0","0","0","0","0","0","0","0","0","0","0"
"00000495","버들마을","00000001","순환01(시청행)","20221003","17","19","47","19","17","17","41","17","0","0","1","0","0","2","5","2","3","11","4","11","2","10","3","10","0","0","0","0","1","1","1","1","3","2","0","2","3","2","0","2","0","0","0","0","0","0","0","0"
"00000495","버들마을","00000007","매월16","20221003","8","3","6","3","7","2","6","2","0","0","0","0","1","1","0","1","0","0","0","0","0","0","0","0","0","0","0","0","0","0","0","0","0","0","0","0","0","0","0","0","0","0","0","0","0","0","0","0"
"00000495","버들마을","00000020","일곡38","20221003","5","11","6","11","5","11","6","11","0","0","0","0","0","0","0","0","0","1","0","1","0","1","0","1","0","0","0","0","0","0","0","0","0","0","0","0","0","0","0","0","0","0","0","0","0","0","0","0"
"00000495","버들마을","00000095","금호46","20221003","1","2","0","2","1","2","0","2","0","0","0","0","0","0","0","0","1","3","1","3","1","2","1","2","0","0","0","0","0","1","0","1","0","3","0","3","0","0","0","0","0","1","0","1","0","2","0","2"
"00000495","버들마을","00000109","좌석02","20221003","13","8","11","8","12","8","11","8","0","0","0","0","1","0","0","0","13","26","12","26","12","26","12","26","1","0","0","0","0","0","0","0","0","1","1","1","0","0","1","0","0","0","0","0","0","1","0","1"
"00000495","버들마을","00000111","송암68","20221003","6","3","4","3","5","3","4","3","0","0","0","0","1","0","0","0","1","0","0","0","1","0","0","0","0","0","0","0","0","0","0","0","0","2","0","2","0","2","0","2","0","0","0","0","0","0","0","0"
"00000496","상무호반3차","00000037","상무63","20221003","1","1","0","1","1","1","0","1","0","0","0","0","0","0","0","0","1","0","1","0","1","0","1","0","0","0","0","0","0","0","0","0","0","0","0","0","0","0","0","0","0","0","0","0","0","0","0","0"
"00000496","상무호반3차","00000086","518","20221003","1","2","1","2","1","0","1","0","0","0","0","0","0","2","0","2","0","1","3","1","0","1","3","1","0","0","0","0","0","0","0","0","0","0","0","0","0","0","0","0","0","0","0","0","0","0","0","0"
"00000496","상무호반3차","00000095","금호46","20221003","4","2","2","2","3","1","2","1","0","0","0","0","1","1","0","1","2","0","1","0","2","0","1","0","0","0","0","0","0","0","0","0","1","1","0","1","1","1","0","1","0","0","0","0","0","0","0","0"
"00000496","상무호반3차","00000116","첨단22","20221003","1","5","1","5","1","2","0","2","0","0","1","0","0","3","0","3","0","0","1","0","0","0","1","0","0","0","0","0","0","0","0","0","0","0","0","0","0","0","0","0","0","0","0","0","0","0","0","0"
"00000496","상무호반3차","00000127","상무62","20221003","1","1","0","1","1","1","0","1","0","0","0","0","0","0","0","0","0","2","0","2","0","2","0","2","0","0","0","0","0","0","0","0","0","0","0","0","0","0","0","0","0","0","0","0","0","0","0","0"
"00000496","상무호반3차","00000201","마을760","20221003","1","4","3","4","1","3","3","3","0","0","0","0","0","1","0","1","1","1","3","1","1","1","3","1","0","0","0","0","0","0","0","0","0","2","4","2","0","2","4","2","0","0","0","0","0","0","0","0"
"00000496","상무호반3차","00000214","마을799","20221003","1","2","0","2","0","1","0","1","0","0","0","0","1","1","0","1","0","0","0","0","0","0","0","0","0","0","0","0","0","0","0","0","0","0","0","0","0","0","0","0","0","0","0","0","0","0","0","0"
"00000497","광산구노인복지회관","00000009","문흥18","20221003","2","1","2","1","2","1","2","1","0","0","0","0","0","0","0","0","6","7","1","7","6","6","1","6","0","1","0","1","0","0","0","0","0","0","0","0","0","0","0","0","0","0","0","0","0","0","0","0"
"00000497","광산구노인복지회관","00000016","송정29","20221003","0","1","3","1","0","1","3","1","0","0","0","0","0","0","0","0","6","4","8","4","5","4","7","4","0","0","0","0","1","0","1","0","0","0","0","0","0","0","0","0","0","0","0","0","0","0","0","0"
"00000497","광산구노인복지회관","00000081","진곡196","20221003","1","0","1","0","1","0","1","0","0","0","0","0","0","0","0","0","5","2","5","2","5","2","5","2","0","0","0","0","0","0","0","0","0","0","0","0","0","0","0","0","0","0","0","0","0","0","0","0"
"00000497","광산구노인복지회관","00000095","금호46","20221003","0","2","0","2","0","2","0","2","0","0","0","0","0","0","0","0","0","1","1","1","0","1","1","1","0","0","0","0","0","0","0","0","1","0","0","0","1","0","0","0","0","0","0","0","0","0","0","0"
"00000497","광산구노인복지회관","00000096","일곡10","20221003","2","0","2","0","2","0","2","0","0","0","0","0","0","0","0","0","2","0","0","0","2","0","0","0","0","0","0","0","0","0","0","0","0","0","0","0","0","0","0","0","0","0","0","0","0","0","0","0"
"00000497","광산구노인복지회관","00000127","상무62","20221003","0","2","0","2","0","1","0","1","0","0","0","0","0","1","0","1","0","1","0","1","0","0","0","0","0","0","0","0","0","1","0","1","0","0","0","0","0","0","0","0","0","0","0","0","0","0","0","0"
"00000497","광산구노인복지회관","00000195","마을720","20221003","1","1","0","1","1","1","0","1","0","0","0","0","0","0","0","0","3","2","0","2","3","2","0","2","0","0","0","0","0","0","0","0","0","0","0","0","0","0","0","0","0","0","0","0","0","0","0","0"
"00000498","광산구노인복지회관","00000009","문흥18","20221003","2","3","4","3","2","1","4","1","0","0","0","0","0","2","0","2","0","1","0","1","0","0","0","0","0","0","0","0","0","1","0","1","0","0","0","0","0","0","0","0","0","0","0","0","0","0","0","0"
"00000498","광산구노인복지회관","00000016","송정29","20221003","3","10","1","10","3","8","0","8","0","0","0","0","0","2","1","2","0","0","0","0","0","0","0","0","0","0","0","0","0","0","0","0","0","0","0","0","0","0","0","0","0","0","0","0","0","0","0","0"
"00000498","광산구노인복지회관","00000081","진곡196","20221003","3","2","0","2","3","2","0","2","0","0","0","0","0","0","0","0","0","0","1","0","0","0","1","0","0","0","0","0","0","0","0","0","0","0","0","0","0","0","0","0","0","0","0","0","0","0","0","0"
"00000498","광산구노인복지회관","00000095","금호46","20221003","3","2","1","2","3","1","1","1","0","0","0","0","0","1","0","1","0","0","1","0","0","0","1","0","0","0","0","0","0","0","0","0","0","0","0","0","0","0","0","0","0","0","0","0","0","0","0","0"
"00000498","광산구노인복지회관","00000096","일곡10","20221003","2","0","1","0","2","0","0","0","0","0","0","0","0","0","1","0","0","0","1","0","0","0","1","0","0","0","0","0","0","0","0","0","0","0","0","0","0","0","0","0","0","0","0","0","0","0","0","0"
"00000498","광산구노인복지회관","00000195","마을720","20221003","0","1","2","1","0","1","2","1","0","0","0","0","0","0","0","0","0","0","0","0","0","0","0","0","0","0","0","0","0","0","0","0","0","0","0","0","0","0","0","0","0","0","0","0","0","0","0","0"
"00000499","광주기아챔피언스필드","00000007","매월16","20221003","2","0","0","0","2","0","0","0","0","0","0","0","0","0","0","0","0","0","0","0","0","0","0","0","0","0","0","0","0","0","0","0","0","1","1","1","0","1","1","1","0","0","0","0","0","0","0","0"
"00000499","광주기아챔피언스필드","00000020","일곡38","20221003","0","1","1","1","0","1","1","1","0","0","0","0","0","0","0","0","1","0","0","0","1","0","0","0","0","0","0","0","0","0","0","0","0","1","1","1","0","1","1","1","0","0","0","0","0","0","0","0"
"00000499","광주기아챔피언스필드","00000026","운림51","20221003","5","7","2","7","5","7","2","7","0","0","0","0","0","0","0","0","0","0","0","0","0","0","0","0","0","0","0","0","0","0","0","0","1","0","0","0","1","0","0","0","0","0","0","0","0","0","0","0"
"00000499","광주기아챔피언스필드","00000065","첨단95","20221003","1","0","1","0","1","0","1","0","0","0","0","0","0","0","0","0","0","0","0","0","0","0","0","0","0","0","0","0","0","0","0","0","0","0","0","0","0","0","0","0","0","0","0","0","0","0","0","0"
"00000500","광주기아챔피언스필드","00000007","매월16","20221003","0","2","0","2","0","2","0","2","0","0","0","0","0","0","0","0","2","1","2","1","2","1","2","1","0","0","0","0","0","0","0","0","0","0","0","0","0","0","0","0","0","0","0","0","0","0","0","0"
"00000500","광주기아챔피언스필드","00000020","일곡38","20221003","3","2","0","2","3","0","0","0","0","0","0","0","0","2","0","2","0","0","2","0","0","0","2","0","0","0","0","0","0","0","0","0","0","0","0","0","0","0","0","0","0","0","0","0","0","0","0","0"
"00000500","광주기아챔피언스필드","00000026","운림51","20221003","2","1","2","1","2","0","2","0","0","0","0","0","0","1","0","1","0","3","6","3","0","3","6","3","0","0","0","0","0","0","0","0","1","0","1","0","1","0","1","0","0","0","0","0","0","0","0","0"
"00000500","광주기아챔피언스필드","00000055","용전84","20221003","2","1","1","1","2","1","0","1","0","0","0","0","0","0","1","0","0","0","0","0","0","0","0","0","0","0","0","0","0","0","0","0","0","1","0","1","0","1","0","1","0","0","0","0","0","0","0","0"
"00000500","광주기아챔피언스필드","00000065","첨단95","20221003","2","1","3","1","2","1","3","1","0","0","0","0","0","0","0","0","3","1","5","1","3","1","4","1","0","0","0","0","0","0","1","0","0","0","2","0","0","0","2","0","0","0","0","0","0","0","0","0"
"00000501","광주기아챔피언스필드입구","00000033","금남58","20221003","0","1","0","1","0","1","0","1","0","0","0","0","0","0","0","0","1","0","0","0","1","0","0","0","0","0","0","0","0","0","0","0","0","1","0","1","0","1","0","1","0","0","0","0","0","0","0","0"
"00000501","광주기아챔피언스필드입구","00000068","송정98","20221003","0","2","1","2","0","2","0","2","0","0","0","0","0","0","1","0","2","0","1","0","2","0","1","0","0","0","0","0","0","0","0","0","0","0","0","0","0","0","0","0","0","0","0","0","0","0","0","0"
"00000501","광주기아챔피언스필드입구","00000122","228(화순전대병원)","20221003","0","2","0","2","0","2","0","2","0","0","0","0","0","0","0","0","0","0","0","0","0","0","0","0","0","0","0","0","0","0","0","0","0","0","1","0","0","0","1","0","0","0","0","0","0","0","0","0"
"00000502","무등도서관","00000003","매월06","20221003","10","27","14","27","10","25","14","25","0","0","0","0","0","2","0","2","2","2","1","2","2","2","0","2","0","0","1","0","0","0","0","0","7","8","7","8","7","8","7","8","0","0","0","0","0","0","0","0"
"00000502","무등도서관","00000006","지원15","20221003","4","6","15","6","3","6","13","6","0","0","0","0","1","0","2","0","9","7","7","7","9","7","7","7","0","0","0","0","0","0","0","0","1","2","1","2","1","2","1","2","0","0","0","0","0","0","0","0"
"00000502","무등도서관","00000018","운림35","20221003","3","8","6","8","3","8","6","8","0","0","0","0","0","0","0","0","5","0","1","0","5","0","1","0","0","0","0","0","0","0","0","0","1","2","1","2","1","2","1","2","0","0","0","0","0","0","0","0"
"00000502","무등도서관","00000024","송암47","20221003","2","11","6","11","2","9","6","9","0","2","0","2","0","0","0","0","1","0","0","0","1","0","0","0","0","0","0","0","0","0","0","0","1","0","1","0","0","0","1","0","0","0","0","0","1","0","0","0"
"00000502","무등도서관","00000029","운림54","20221003","29","36","34","36","29","31","33","31","0","2","0","2","0","3","1","3","12","15","10","15","12","15","9","15","0","0","0","0","0","0","1","0","6","8","10","8","6","8","10","8","0","0","0","0","0","0","0","0"
"00000502","무등도서관","00000052","두암81(각화초교)","20221003","1","1","1","1","1","1","1","1","0","0","0","0","0","0","0","0","1","0","0","0","1","0","0","0","0","0","0","0","0","0","0","0","0","0","0","0","0","0","0","0","0","0","0","0","0","0","0","0"
"00000502","무등도서관","00000058","석곡87","20221003","2","2","2","2","2","2","2","2","0","0","0","0","0","0","0","0","1","1","0","1","1","1","0","1","0","0","0","0","0","0","0","0","0","2","0","2","0","2","0","2","0","0","0","0","0","0","0","0"
"00000502","무등도서관","00000076","두암181","20221003","0","0","0","0","0","0","0","0","0","0","0","0","0","0","0","0","1","1","0","1","1","1","0","1","0","0","0","0","0","0","0","0","0","0","0","0","0","0","0","0","0","0","0","0","0","0","0","0"
"00000502","무등도서관","00000078","충효187","20221003","3","5","0","5","3","5","0","5","0","0","0","0","0","0","0","0","1","1","0","1","1","1","0","1","0","0","0","0","0","0","0","0","1","0","0","0","1","0","0","0","0","0","0","0","0","0","0","0"
"00000502","무등도서관","00000086","518","20221003","1","5","8","5","1","4","5","4","0","1","0","1","0","0","3","0","1","3","1","3","1","3","1","3","0","0","0","0","0","0","0","0","0","0","0","0","0","0","0","0","0","0","0","0","0","0","0","0"
"00000502","무등도서관","00000090","문흥39","20221003","7","15","9","15","7","14","7","14","0","0","1","0","0","1","1","1","2","2","3","2","2","2","3","2","0","0","0","0","0","0","0","0","1","2","2","2","1","2","2","2","0","0","0","0","0","0","0","0"
"00000502","무등도서관","00000129","두암81(장등동)","20221003","0","1","0","1","0","1","0","1","0","0","0","0","0","0","0","0","0","0","0","0","0","0","0","0","0","0","0","0","0","0","0","0","0","0","0","0","0","0","0","0","0","0","0","0","0","0","0","0"
"00000503","무등도서관","00000003","매월06","20221003","2","1","5","1","2","1","5","1","0","0","0","0","0","0","0","0","4","8","16","8","4","8","15","8","0","0","0","0","0","0","1","0","0","1","1","1","0","1","1","1","0","0","0","0","0","0","0","0"
"00000503","무등도서관","00000006","지원15","20221003","2","2","16","2","2","2","16","2","0","0","0","0","0","0","0","0","2","1","1","1","2","1","0","1","0","0","0","0","0","0","1","0","2","0","0","0","2","0","0","0","0","0","0","0","0","0","0","0"
"00000503","무등도서관","00000018","운림35","20221003","2","5","3","5","2","5","2","5","0","0","0","0","0","0","1","0","0","1","0","1","0","1","0","1","0","0","0","0","0","0","0","0","0","0","0","0","0","0","0","0","0","0","0","0","0","0","0","0"
"00000503","무등도서관","00000024","송암47","20221003","0","0","0","0","0","0","0","0","0","0","0","0","0","0","0","0","2","3","5","3","2","3","5","3","0","0","0","0","0","0","0","0","3","0","1","0","3","0","1","0","0","0","0","0","0","0","0","0"
"00000503","무등도서관","00000029","운림54","20221003","13","30","47","30","13","28","46","28","0","0","0","0","0","2","1","2","5","5","13","5","5","5","13","5","0","0","0","0","0","0","0","0","5","4","5","4","5","2","5","2","0","0","0","0","0","2","0","2"
"00000503","무등도서관","00000058","석곡87","20221003","3","0","0","0","3","0","0","0","0","0","0","0","0","0","0","0","0","1","1","1","0","1","1","1","0","0","0","0","0","0","0","0","1","2","0","2","1","1","0","1","0","0","0","0","0","1","0","1"
"00000503","무등도서관","00000076","두암181","20221003","0","0","0","0","0","0","0","0","0","0","0","0","0","0","0","0","0","0","0","0","0","0","0","0","0","0","0","0","0","0","0","0","1","0","0","0","1","0","0","0","0","0","0","0","0","0","0","0"
"00000503","무등도서관","00000078","충효187","20221003","0","0","0","0","0","0","0","0","0","0","0","0","0","0","0","0","0","0","1","0","0","0","1","0","0","0","0","0","0","0","0","0","0","0","0","0","0","0","0","0","0","0","0","0","0","0","0","0"
"00000503","무등도서관","00000086","518","20221003","3","1","1","1","3","1","0","1","0","0","0","0","0","0","1","0","0","1","3","1","0","1","2","1","0","0","0","0","0","0","1","0","1","0","0","0","1","0","0","0","0","0","0","0","0","0","0","0"
"00000503","무등도서관","00000090","문흥39","20221003","0","2","4","2","0","2","4","2","0","0","0","0","0","0","0","0","5","2","3","2","5","2","3","2","0","0","0","0","0","0","0","0","1","0","1","0","1","0","1","0","0","0","0","0","0","0","0","0"
"00000503","무등도서관","00000106","두암81(무등파크)","20221003","0","0","0","0","0","0","0","0","0","0","0","0","0","0","0","0","0","0","0","0","0","0","0","0","0","0","0","0","0","0","0","0","0","0","0","0","0","0","0","0","0","0","0","0","0","0","0","0"
"00000503","무등도서관","00000130","두암81","20221003","0","0","1","0","0","0","1","0","0","0","0","0","0","0","0","0","0","0","0","0","0","0","0","0","0","0","0","0","0","0","0","0","0","1","0","1","0","1","0","1","0","0","0","0","0","0","0","0"
"00000504","무등시장","00000025","운림50","20221003","5","6","6","6","5","6","6","6","0","0","0","0","0","0","0","0","1","0","2","0","1","0","2","0","0","0","0","0","0","0","0","0","0","0","1","0","0","0","1","0","0","0","0","0","0","0","0","0"
"00000504","무등시장","00000048","진월77","20221003","3","1","0","1","3","1","0","1","0","0","0","0","0","0","0","0","0","0","0","0","0","0","0","0","0","0","0","0","0","0","0","0","0","0","0","0","0","0","0","0","0","0","0","0","0","0","0","0"
"00000505","무등시장","00000025","운림50","20221003","1","1","6","1","1","1","6","1","0","0","0","0","0","0","0","0","0","1","2","1","0","1","2","1","0","0","0","0","0","0","0","0","0","1","0","1","0","1","0","1","0","0","0","0","0","0","0","0"
"00000505","무등시장","00000048","진월77","20221003","2","0","0","0","1","0","0","0","0","0","0","0","1","0","0","0","0","0","0","0","0","0","0","0","0","0","0","0","0","0","0","0","0","0","0","0","0","0","0","0","0","0","0","0","0","0","0","0"
"00000506","무등시장입구(남)","00000023","지원45","20221003","11","8","10","8","11","7","8","7","0","0","0","0","0","1","2","1","2","4","2","4","2","4","2","4","0","0","0","0","0","0","0","0","0","0","0","0","0","0","0","0","0","0","0","0","0","0","0","0"
"00000506","무등시장입구(남)","00000042","대촌71","20221003","0","1","0","1","0","1","0","1","0","0","0","0","0","0","0","0","0","0","0","0","0","0","0","0","0","0","0","0","0","0","0","0","0","0","0","0","0","0","0","0","0","0","0","0","0","0","0","0"
"00000506","무등시장입구(남)","00000112","순환01(운천저수지)","20221003","4","3","7","3","4","3","6","3","0","0","0","0","0","0","1","0","2","6","5","6","2","6","4","6","0","0","0","0","0","0","1","0","1","0","0","0","1","0","0","0","0","0","0","0","0","0","0","0"
"00000507","무등시장입구(북)","00000025","운림50","20221003","4","4","7","4","4","4","4","4","0","0","0","0","0","0","3","0","0","0","3","0","0","0","3","0","0","0","0","0","0","0","0","0","0","0","0","0","0","0","0","0","0","0","0","0","0","0","0","0"
"00000507","무등시장입구(북)","00000048","진월77","20221003","1","0","3","0","1","0","3","0","0","0","0","0","0","0","0","0","0","0","0","0","0","0","0","0","0","0","0","0","0","0","0","0","1","0","0","0","1","0","0","0","0","0","0","0","0","0","0","0"
"00000508","무등시장입구(북)","00000025","운림50","20221003","7","8","7","8","7","8","7","8","0","0","0","0","0","0","0","0","0","1","0","1","0","1","0","1","0","0","0","0","0","0","0","0","1","0","0","0","1","0","0","0","0","0","0","0","0","0","0","0"
"00000508","무등시장입구(북)","00000048","진월77","20221003","0","1","0","1","0","1","0","1","0","0","0","0","0","0","0","0","3","1","0","1","3","1","0","1","0","0","0","0","0","0","0","0","0","0","0","0","0","0","0","0","0","0","0","0","0","0","0","0"
"00000509","무등시장입구(남)","00000001","순환01(시청행)","20221003","3","7","9","7","3","6","9","6","0","0","0","0","0","1","0","1","1","0","2","0","1","0","2","0","0","0","0","0","0","0","0","0","0","0","4","0","0","0","4","0","0","0","0","0","0","0","0","0"
"00000509","무등시장입구(남)","00000023","지원45","20221003","5","9","17","9","5","7","15","7","0","0","0","0","0","2","2","2","1","1","3","1","1","1","3","1","0","0","0","0","0","0","0","0","3","0","1","0","3","0","1","0","0","0","0","0","0","0","0","0"
"00000509","무등시장입구(남)","00000042","대촌71","20221003","1","0","0","0","1","0","0","0","0","0","0","0","0","0","0","0","0","0","0","0","0","0","0","0","0","0","0","0","0","0","0","0","0","0","0","0","0","0","0","0","0","0","0","0","0","0","0","0"
"00000510","소태역","00000006","지원15","20221003","4","9","5","9","4","6","5","6","0","0","0","0","0","3","0","3","0","0","0","0","0","0","0","0","0","0","0","0","0","0","0","0","0","0","0","0","0","0","0","0","0","0","0","0","0","0","0","0"
"00000510","소태역","00000012","지원25","20221003","2","8","6","8","2","7","5","7","0","0","1","0","0","1","0","1","0","0","0","0","0","0","0","0","0","0","0","0","0","0","0","0","0","0","0","0","0","0","0","0","0","0","0","0","0","0","0","0"
"00000510","소태역","00000023","지원45","20221003","3","6","9","6","3","6","7","6","0","0","0","0","0","0","2","0","0","0","0","0","0","0","0","0","0","0","0","0","0","0","0","0","0","0","1","0","0","0","1","0","0","0","0","0","0","0","0","0"
"00000510","소태역","00000027","지원52","20221003","0","0","2","0","0","0","1","0","0","0","0","0","0","0","1","0","0","0","0","0","0","0","0","0","0","0","0","0","0","0","0","0","0","0","0","0","0","0","0","0","0","0","0","0","0","0","0","0"
"00000510","소태역","00000047","봉선76","20221003","0","1","0","1","0","1","0","1","0","0","0","0","0","0","0","0","0","0","0","0","0","0","0","0","0","0","0","0","0","0","0","0","0","0","0","0","0","0","0","0","0","0","0","0","0","0","0","0"
"00000510","소태역","00000071","228(구151화순사평)","20221003","5","0","0","0","5","0","0","0","0","0","0","0","0","0","0","0","1","0","0","0","1","0","0","0","0","0","0","0","0","0","0","0","1","0","0","0","1","0","0","0","0","0","0","0","0","0","0","0"
"00000510","소태역","00000072","지원152(능주역)","20221003","1","3","0","3","1","3","0","3","0","0","0","0","0","0","0","0","0","0","0","0","0","0","0","0","0","0","0","0","0","0","0","0","0","0","0","0","0","0","0","0","0","0","0","0","0","0","0","0"
"00000510","소태역","00000122","228(화순전대병원)","20221003","0","3","3","3","0","3","1","3","0","0","2","0","0","0","0","0","0","1","0","1","0","1","0","1","0","0","0","0","0","0","0","0","0","0","0","0","0","0","0","0","0","0","0","0","0","0","0","0"
"00000510","소태역","00000123","지원152(도웅리)","20221003","0","0","0","0","0","0","0","0","0","0","0","0","0","0","0","0","0","1","0","1","0","0","0","0","0","0","0","0","0","1","0","1","0","0","0","0","0","0","0","0","0","0","0","0","0","0","0","0"
"00000511","소태역","00000006","지원15","20221003","0","1","1","1","0","1","1","1","0","0","0","0","0","0","0","0","2","1","0","1","1","1","0","1","0","0","0","0","1","0","0","0","0","1","0","1","0","1","0","1","0","0","0","0","0","0","0","0"
"00000511","소태역","00000012","지원25","20221003","0","0","0","0","0","0","0","0","0","0","0","0","0","0","0","0","2","3","2","3","2","3","2","3","0","0","0","0","0","0","0","0","0","1","2","1","0","1","2","1","0","0","0","0","0","0","0","0"
"00000511","소태역","00000023","지원45","20221003","0","0","3","0","0","0","3","0","0","0","0","0","0","0","0","0","2","3","4","3","2","1","4","1","0","0","0","0","0","2","0","2","0","1","0","1","0","1","0","1","0","0","0","0","0","0","0","0"
"00000511","소태역","00000027","지원52","20221003","0","0","0","0","0","0","0","0","0","0","0","0","0","0","0","0","0","0","0","0","0","0","0","0","0","0","0","0","0","0","0","0","0","0","0","0","0","0","0","0","0","0","0","0","0","0","0","0"
"00000511","소태역","00000071","228(구151화순사평)","20221003","1","0","0","0","1","0","0","0","0","0","0","0","0","0","0","0","0","0","0","0","0","0","0","0","0","0","0","0","0","0","0","0","1","2","0","2","1","2","0","2","0","0","0","0","0","0","0","0"
"00000511","소태역","00000072","지원152(능주역)","20221003","1","0","2","0","1","0","2","0","0","0","0","0","0","0","0","0","1","0","0","0","1","0","0","0","0","0","0","0","0","0","0","0","1","0","3","0","1","0","3","0","0","0","0","0","0","0","0","0"
"00000511","소태역","00000122","228(화순전대병원)","20221003","1","0","2","0","1","0","2","0","0","0","0","0","0","0","0","0","0","1","0","1","0","1","0","1","0","0","0","0","0","0","0","0","1","2","4","2","1","2","4","2","0","0","0","0","0","0","0","0"
"00000511","소태역","00000123","지원152(도웅리)","20221003","0","2","2","2","0","2","2","2","0","0","0","0","0","0","0","0","0","1","0","1","0","1","0","1","0","0","0","0","0","0","0","0","0","1","2","1","0","1","2","1","0","0","0","0","0","0","0","0"
"00000512","산수무등파크","00000078","충효187","20221003","1","0","0","0","1","0","0","0","0","0","0","0","0","0","0","0","0","1","1","1","0","1","1","1","0","0","0","0","0","0","0","0","0","0","0","0","0","0","0","0","0","0","0","0","0","0","0","0"
"00000512","산수무등파크","00000087","1187","20221003","1","2","0","2","1","2","0","2","0","0","0","0","0","0","0","0","1","0","0","0","1","0","0","0","0","0","0","0","0","0","0","0","0","0","0","0","0","0","0","0","0","0","0","0","0","0","0","0"
"00000512","산수무등파크","00000097","1187-1","20221003","0","0","0","0","0","0","0","0","0","0","0","0","0","0","0","0","0","0","5","0","0","0","5","0","0","0","0","0","0","0","0","0","0","0","0","0","0","0","0","0","0","0","0","0","0","0","0","0"
"00000512","산수무등파크","00000129","두암81(장등동)","20221003","1","0","0","0","1","0","0","0","0","0","0","0","0","0","0","0","0","0","0","0","0","0","0","0","0","0","0","0","0","0","0","0","0","0","0","0","0","0","0","0","0","0","0","0","0","0","0","0"
"00000513","도산동행정복지센터","00000010","송정19","20221003","1","0","1","0","1","0","0","0","0","0","0","0","0","0","1","0","0","0","0","0","0","0","0","0","0","0","0","0","0","0","0","0","0","0","0","0","0","0","0","0","0","0","0","0","0","0","0","0"
"00000513","도산동행정복지센터","00000023","지원45","20221003","0","0","0","0","0","0","0","0","0","0","0","0","0","0","0","0","0","0","1","0","0","0","1","0","0","0","0","0","0","0","0","0","0","0","0","0","0","0","0","0","0","0","0","0","0","0","0","0"
"00000513","도산동행정복지센터","00000044","송암73","20221003","0","0","0","0","0","0","0","0","0","0","0","0","0","0","0","0","0","0","1","0","0","0","1","0","0","0","0","0","0","0","0","0","0","0","0","0","0","0","0","0","0","0","0","0","0","0","0","0"
"00000513","도산동행정복지센터","00000066","송정96","20221003","0","0","1","0","0","0","1","0","0","0","0","0","0","0","0","0","1","0","1","0","1","0","1","0","0","0","0","0","0","0","0","0","0","0","0","0","0","0","0","0","0","0","0","0","0","0","0","0"
"00000513","도산동행정복지센터","00000081","진곡196","20221003","3","1","0","1","2","1","0","1","0","0","0","0","1","0","0","0","0","0","0","0","0","0","0","0","0","0","0","0","0","0","0","0","0","1","0","1","0","1","0","1","0","0","0","0","0","0","0","0"
"00000513","도산동행정복지센터","00000092","첨단40","20221003","0","0","0","0","0","0","0","0","0","0","0","0","0","0","0","0","0","0","1","0","0","0","1","0","0","0","0","0","0","0","0","0","0","0","0","0","0","0","0","0","0","0","0","0","0","0","0","0"
"00000513","도산동행정복지센터","00000125","선운101","20221003","0","1","1","1","0","1","1","1","0","0","0","0","0","0","0","0","0","0","0","0","0","0","0","0","0","0","0","0","0","0","0","0","0","0","0","0","0","0","0","0","0","0","0","0","0","0","0","0"
"00000513","도산동행정복지센터","00000203","마을700","20221003","2","0","1","0","2","0","1","0","0","0","0","0","0","0","0","0","0","2","0","2","0","2","0","2","0","0","0","0","0","0","0","0","0","0","1","0","0","0","1","0","0","0","0","0","0","0","0","0"
"00000514","각화무등파크","00000030","금남55","20221003","0","0","0","0","0","0","0","0","0","0","0","0","0","0","0","0","0","1","0","1","0","0","0","0","0","1","0","1","0","0","0","0","0","0","0","0","0","0","0","0","0","0","0","0","0","0","0","0"
"00000514","각화무등파크","00000088","금호36","20221003","1","0","0","0","1","0","0","0","0","0","0","0","0","0","0","0","0","0","4","0","0","0","4","0","0","0","0","0","0","0","0","0","0","0","0","0","0","0","0","0","0","0","0","0","0","0","0","0"
"00000514","각화무등파크","00000091","송암74","20221003","0","2","0","2","0","2","0","2","0","0","0","0","0","0","0","0","0","0","1","0","0","0","1","0","0","0","0","0","0","0","0","0","0","0","0","0","0","0","0","0","0","0","0","0","0","0","0","0"
"00000514","각화무등파크","00000129","두암81(장등동)","20221003","0","0","0","0","0","0","0","0","0","0","0","0","0","0","0","0","0","0","0","0","0","0","0","0","0","0","0","0","0","0","0","0","0","0","0","0","0","0","0","0","0","0","0","0","0","0","0","0"
"00000515","각화무등파크","00000030","금남55","20221003","8","5","5","5","7","5","5","5","0","0","0","0","1","0","0","0","0","0","0","0","0","0","0","0","0","0","0","0","0","0","0","0","0","0","0","0","0","0","0","0","0","0","0","0","0","0","0","0"
"00000515","각화무등파크","00000088","금호36","20221003","15","13","6","13","15","11","6","11","0","0","0","0","0","2","0","2","0","0","0","0","0","0","0","0","0","0","0","0","0","0","0","0","0","0","0","0","0","0","0","0","0","0","0","0","0","0","0","0"
"00000515","각화무등파크","00000091","송암74","20221003","13","15","1","15","13","12","1","12","0","0","0","0","0","3","0","3","0","0","0","0","0","0","0","0","0","0","0","0","0","0","0","0","0","0","0","0","0","0","0","0","0","0","0","0","0","0","0","0"
"00000515","각화무등파크","00000106","두암81(무등파크)","20221003","2","3","0","3","1","2","0","2","0","1","0","1","1","0","0","0","0","0","0","0","0","0","0","0","0","0","0","0","0","0","0","0","0","0","1","0","0","0","1","0","0","0","0","0","0","0","0","0"
"00000515","각화무등파크","00000130","두암81","20221003","1","0","0","0","1","0","0","0","0","0","0","0","0","0","0","0","0","0","0","0","0","0","0","0","0","0","0","0","0","0","0","0","0","0","0","0","0","0","0","0","0","0","0","0","0","0","0","0"
"00000515","각화무등파크","00000213","마을788","20221003","0","2","0","2","0","2","0","2","0","0","0","0","0","0","0","0","0","0","0","0","0","0","0","0","0","0","0","0","0","0","0","0","0","0","0","0","0","0","0","0","0","0","0","0","0","0","0","0"
"00000516","화정무등파크","00000043","송암72","20221003","1","1","0","1","1","1","0","1","0","0","0","0","0","0","0","0","1","4","0","4","1","4","0","4","0","0","0","0","0","0","0","0","0","0","0","0","0","0","0","0","0","0","0","0","0","0","0","0"
"00000517","학동무등파크","00000005","첨단09","20221003","14","13","15","13","13","11","15","11","1","0","0","0","0","2","0","2","0","5","3","5","0","5","3","5","0","0","0","0","0","0","0","0","0","0","2","0","0","0","2","0","0","0","0","0","0","0","0","0"
"00000517","학동무등파크","00000018","운림35","20221003","2","5","12","5","2","5","5","5","0","0","1","0","0","0","6","0","1","3","2","3","1","3","2","3","0","0","0","0","0","0","0","0","0","2","1","2","0","2","1","2","0","0","0","0","0","0","0","0"
"00000517","학동무등파크","00000025","운림50","20221003","2","8","7","8","1","7","6","7","0","1","0","1","1","0","1","0","0","3","2","3","0","3","2","3","0","0","0","0","0","0","0","0","0","0","0","0","0","0","0","0","0","0","0","0","0","0","0","0"
"00000517","학동무등파크","00000026","운림51","20221003","10","7","11","7","9","7","9","7","0","0","1","0","1","0","1","0","2","3","3","3","2","3","3","3","0","0","0","0","0","0","0","0","0","0","1","0","0","0","1","0","0","0","0","0","0","0","0","0"
"00000517","학동무등파크","00000029","운림54","20221003","19","23","22","23","17","23","22","23","0","0","0","0","2","0","0","0","3","4","8","4","3","4","8","4","0","0","0","0","0","0","0","0","0","1","0","1","0","1","0","1","0","0","0","0","0","0","0","0"
"00000517","학동무등파크","00000047","봉선76","20221003","1","0","0","0","1","0","0","0","0","0","0","0","0","0","0","0","0","0","0","0","0","0","0","0","0","0","0","0","0","0","0","0","0","0","0","0","0","0","0","0","0","0","0","0","0","0","0","0"
"00000517","학동무등파크","00000098","수완49","20221003","2","4","1","4","2","4","1","4","0","0","0","0","0","0","0","0","1","2","5","2","1","2","5","2","0","0","0","0","0","0","0","0","0","0","0","0","0","0","0","0","0","0","0","0","0","0","0","0"
"00000517","학동무등파크","00000102","수완12","20221003","5","2","13","2","5","2","9","2","0","0","0","0","0","0","4","0","0","0","0","0","0","0","0","0","0","0","0","0","0","0","0","0","0","0","0","0","0","0","0","0","0","0","0","0","0","0","0","0"
"00000517","학동무등파크","00000109","좌석02","20221003","2","2","0","2","2","2","0","2","0","0","0","0","0","0","0","0","0","0","0","0","0","0","0","0","0","0","0","0","0","0","0","0","0","0","0","0","0","0","0","0","0","0","0","0","0","0","0","0"
"00000518","무양서원","00000014","봉선27","20221003","0","2","3","2","0","2","2","2","0","0","0","0","0","0","1","0","0","0","0","0","0","0","0","0","0","0","0","0","0","0","0","0","0","0","0","0","0","0","0","0","0","0","0","0","0","0","0","0"
"00000518","무양서원","00000062","첨단92","20221003","0","0","0","0","0","0","0","0","0","0","0","0","0","0","0","0","0","0","1","0","0","0","1","0","0","0","0","0","0","0","0","0","0","0","0","0","0","0","0","0","0","0","0","0","0","0","0","0"
"00000518","무양서원","00000079","첨단192","20221003","0","0","0","0","0","0","0","0","0","0","0","0","0","0","0","0","0","0","0","0","0","0","0","0","0","0","0","0","0","0","0","0","0","0","0","0","0","0","0","0","0","0","0","0","0","0","0","0"
"00000518","무양서원","00000092","첨단40","20221003","0","0","0","0","0","0","0","0","0","0","0","0","0","0","0","0","0","0","1","0","0","0","1","0","0","0","0","0","0","0","0","0","0","0","0","0","0","0","0","0","0","0","0","0","0","0","0","0"
"00000519","무양서원","00000014","봉선27","20221003","0","0","2","0","0","0","1","0","0","0","0","0","0","0","1","0","0","0","0","0","0","0","0","0","0","0","0","0","0","0","0","0","0","0","0","0","0","0","0","0","0","0","0","0","0","0","0","0"
"00000519","무양서원","00000062","첨단92","20221003","0","0","1","0","0","0","0","0","0","0","0","0","0","0","1","0","0","0","0","0","0","0","0","0","0","0","0","0","0","0","0","0","0","0","0","0","0","0","0","0","0","0","0","0","0","0","0","0"
"00000520","무진중","00000050","진월79","20221003","1","3","3","3","1","3","3","3","0","0","0","0","0","0","0","0","0","0","0","0","0","0","0","0","0","0","0","0","0","0","0","0","0","0","0","0","0","0","0","0","0","0","0","0","0","0","0","0"
"00000520","무진중","00000069","송정99","20221003","1","0","0","0","1","0","0","0","0","0","0","0","0","0","0","0","0","0","0","0","0","0","0","0","0","0","0","0","0","0","0","0","0","0","0","0","0","0","0","0","0","0","0","0","0","0","0","0"
"00000520","무진중","00000091","송암74","20221003","2","1","2","1","2","1","2","1","0","0","0","0","0","0","0","0","0","0","1","0","0","0","1","0","0","0","0","0","0","0","0","0","0","1","0","1","0","1","0","1","0","0","0","0","0","0","0","0"
"00000520","무진중","00000111","송암68","20221003","3","5","4","5","3","5","3","5","0","0","0","0","0","0","1","0","0","0","0","0","0","0","0","0","0","0","0","0","0","0","0","0","1","0","1","0","1","0","1","0","0","0","0","0","0","0","0","0"
"00000521","무진중","00000050","진월79","20221003","1","1","0","1","1","1","0","1","0","0","0","0","0","0","0","0","0","1","0","1","0","1","0","1","0","0","0","0","0","0","0","0","0","0","0","0","0","0","0","0","0","0","0","0","0","0","0","0"
"00000521","무진중","00000069","송정99","20221003","0","0","0","0","0","0","0","0","0","0","0","0","0","0","0","0","0","0","0","0","0","0","0","0","0","0","0","0","0","0","0","0","0","0","0","0","0","0","0","0","0","0","0","0","0","0","0","0"
"00000521","무진중","00000091","송암74","20221003","2","5","0","5","2","5","0","5","0","0","0","0","0","0","0","0","1","0","2","0","1","0","2","0","0","0","0","0","0","0","0","0","0","0","0","0","0","0","0","0","0","0","0","0","0","0","0","0"
"00000521","무진중","00000111","송암68","20221003","2","0","1","0","2","0","1","0","0","0","0","0","0","0","0","0","0","0","2","0","0","0","2","0","0","0","0","0","0","0","0","0","0","1","0","1","0","1","0","1","0","0","0","0","0","0","0","0"
"00000522","유동사거리","00000004","진월07","20221003","11","17","21","17","10","15","21","15","0","0","0","0","1","2","0","2","7","5","3","5","7","4","3","4","0","1","0","1","0","0","0","0","1","3","1","3","1","3","1","3","0","0","0","0","0","0","0","0"
"00000522","유동사거리","00000017","첨단30","20221003","3","11","2","11","3","9","2","9","0","0","0","0","0","2","0","2","2","1","4","1","2","1","4","1","0","0","0","0","0","0","0","0","1","1","1","1","1","1","1","1","0","0","0","0","0","0","0","0"
"00000522","유동사거리","00000033","금남58","20221003","3","9","6","9","3","9","4","9","0","0","0","0","0","0","2","0","3","2","1","2","3","2","1","2","0","0","0","0","0","0","0","0","1","2","1","2","1","2","1","2","0","0","0","0","0","0","0","0"
"00000522","유동사거리","00000039","유덕65","20221003","1","1","3","1","1","1","3","1","0","0","0","0","0","0","0","0","0","0","1","0","0","0","1","0","0","0","0","0","0","0","0","0","0","0","0","0","0","0","0","0","0","0","0","0","0","0","0","0"
"00000522","유동사거리","00000043","송암72","20221003","4","3","10","3","4","3","10","3","0","0","0","0","0","0","0","0","1","2","1","2","1","2","0","2","0","0","0","0","0","0","1","0","0","0","1","0","0","0","1","0","0","0","0","0","0","0","0","0"
"00000522","유동사거리","00000052","두암81(각화초교)","20221003","0","1","3","1","0","1","3","1","0","0","0","0","0","0","0","0","2","0","0","0","2","0","0","0","0","0","0","0","0","0","0","0","0","0","0","0","0","0","0","0","0","0","0","0","0","0","0","0"
"00000522","유동사거리","00000059","임곡89","20221003","2","0","0","0","2","0","0","0","0","0","0","0","0","0","0","0","0","0","0","0","0","0","0","0","0","0","0","0","0","0","0","0","0","0","0","0","0","0","0","0","0","0","0","0","0","0","0","0"
"00000522","유동사거리","00000098","수완49","20221003","2","4","1","4","2","4","1","4","0","0","0","0","0","0","0","0","0","1","1","1","0","1","1","1","0","0","0","0","0","0","0","0","0","0","0","0","0","0","0","0","0","0","0","0","0","0","0","0"
"00000522","유동사거리","00000119","지원56","20221003","0","0","1","0","0","0","1","0","0","0","0","0","0","0","0","0","0","0","0","0","0","0","0","0","0","0","0","0","0","0","0","0","0","0","1","0","0","0","1","0","0","0","0","0","0","0","0","0"
"00000522","유동사거리","00000129","두암81(장등동)","20221003","2","1","1","1","2","1","1","1","0","0","0","0","0","0","0","0","0","0","0","0","0","0","0","0","0","0","0","0","0","0","0","0","1","0","0","0","1","0","0","0","0","0","0","0","0","0","0","0"
"00000523","문산중","00000009","문흥18","20221003","0","0","0","0","0","0","0","0","0","0","0","0","0","0","0","0","1","0","1","0","1","0","1","0","0","0","0","0","0","0","0","0","0","0","0","0","0","0","0","0","0","0","0","0","0","0","0","0"
"00000523","문산중","00000118","문흥53","20221003","0","0","0","0","0","0","0","0","0","0","0","0","0","0","0","0","0","0","0","0","0","0","0","0","0","0","0","0","0","0","0","0","0","0","0","0","0","0","0","0","0","0","0","0","0","0","0","0"
"00000524","문산중","00000009","문흥18","20221003","20","20","11","20","19","18","9","18","0","0","1","0","1","2","1","2","0","0","1","0","0","0","0","0","0","0","0","0","0","0","1","0","0","0","1","0","0","0","1","0","0","0","0","0","0","0","0","0"
"00000524","문산중","00000018","운림35","20221003","1","1","4","1","1","0","4","0","0","0","0","0","0","1","0","1","0","0","0","0","0","0","0","0","0","0","0","0","0","0","0","0","0","0","0","0","0","0","0","0","0","0","0","0","0","0","0","0"
"00000524","문산중","00000118","문흥53","20221003","8","7","7","7","7","7","7","7","0","0","0","0","1","0","0","0","0","0","0","0","0","0","0","0","0","0","0","0","0","0","0","0","0","0","0","0","0","0","0","0","0","0","0","0","0","0","0","0"
"00000526","문화아파트","00000008","진월17","20221003","8","3","2","3","8","3","1","3","0","0","0","0","0","0","1","0","1","0","1","0","1","0","1","0","0","0","0","0","0","0","0","0","0","0","0","0","0","0","0","0","0","0","0","0","0","0","0","0"
"00000527","문화아파트","00000008","진월17","20221003","3","4","2","4","2","4","2","4","0","0","0","0","1","0","0","0","2","1","0","1","2","1","0","1","0","0","0","0","0","0","0","0","0","0","0","0","0","0","0","0","0","0","0","0","0","0","0","0"
"00000529","문화예술회관","00000007","매월16","20221003","2","4","9","4","2","1","7","1","0","0","0","0","0","3","2","3","0","1","1","1","0","1","1","1","0","0","0","0","0","0","0","0","0","3","1","3","0","3","1","3","0","0","0","0","0","0","0","0"
"00000529","문화예술회관","00000009","문흥18","20221003","8","10","37","10","8","10","33","10","0","0","0","0","0","0","4","0","1","0","1","0","1","0","1","0","0","0","0","0","0","0","0","0","4","5","4","5","4","5","4","5","0","0","0","0","0","0","0","0"
"00000529","문화예술회관","00000014","봉선27","20221003","5","14","35","14","5","13","33","13","0","0","0","0","0","1","2","1","0","2","3","2","0","2","2","2","0","0","0","0","0","0","1","0","1","9","6","9","1","9","5","9","0","0","0","0","0","0","1","0"
"00000529","문화예술회관","00000026","운림51","20221003","10","14","8","14","10","13","7","13","0","1","0","1","0","0","1","0","2","1","0","1","2","1","0","1","0","0","0","0","0","0","0","0","3","10","0","10","3","8","0","8","0","0","0","0","0","2","0","2"
"00000529","문화예술회관","00000033","금남58","20221003","3","4","5","4","3","4","4","4","0","0","1","0","0","0","0","0","2","0","0","0","1","0","0","0","1","0","0","0","0","0","0","0","1","6","0","6","1","6","0","6","0","0","0","0","0","0","0","0"
"00000529","문화예술회관","00000043","송암72","20221003","7","2","3","2","7","2","2","2","0","0","0","0","0","0","1","0","1","4","1","4","1","3","0","3","0","0","0","0","0","1","1","1","0","1","1","1","0","1","1","1","0","0","0","0","0","0","0","0"
"00000529","문화예술회관","00000055","용전84","20221003","0","1","2","1","0","1","2","1","0","0","0","0","0","0","0","0","7","9","7","9","6","9","5","9","0","0","0","0","1","0","2","0","0","1","0","1","0","1","0","1","0","0","0","0","0","0","0","0"
"00000529","문화예술회관","00000056","용전85","20221003","0","0","3","0","0","0","3","0","0","0","0","0","0","0","0","0","2","18","5","18","2","17","5","17","0","0","0","0","0","1","0","1","1","0","0","0","1","0","0","0","0","0","0","0","0","0","0","0"
"00000529","문화예술회관","00000065","첨단95","20221003","2","5","7","5","2","5","7","5","0","0","0","0","0","0","0","0","4","9","3","9","4","9","3","9","0","0","0","0","0","0","0","0","1","1","1","1","1","1","1","1","0","0","0","0","0","0","0","0"
"00000529","문화예술회관","00000098","수완49","20221003","3","1","2","1","3","1","2","1","0","0","0","0","0","0","0","0","1","0","1","0","1","0","1","0","0","0","0","0","0","0","0","0","1","3","0","3","1","3","0","3","0","0","0","0","0","0","0","0"
"00000529","문화예술회관","00000102","수완12","20221003","6","6","4","6","6","4","4","4","0","1","0","1","0","1","0","1","2","5","2","5","2","5","2","5","0","0","0","0","0","0","0","0","2","6","4","6","1","6","4","6","1","0","0","0","0","0","0","0"
"00000529","문화예술회관","00000118","문흥53","20221003","6","3","0","3","6","1","0","1","0","1","0","1","0","1","0","1","3","5","4","5","3","5","4","5","0","0","0","0","0","0","0","0","5","3","0","3","5","3","0","3","0","0","0","0","0","0","0","0"
"00000529","문화예술회관","00000211","마을777(우치공원)","20221003","0","4","8","4","0","4","7","4","0","0","0","0","0","0","1","0","0","0","0","0","0","0","0","0","0","0","0","0","0","0","0","0","0","0","1","0","0","0","1","0","0","0","0","0","0","0","0","0"
"00000530","문화예술회관후문","00000016","송정29","20221003","3","1","9","1","3","1","9","1","0","0","0","0","0","0","0","0","4","2","8","2","4","1","6","1","0","0","1","0","0","1","1","1","1","0","2","0","0","0","2","0","0","0","0","0","1","0","0","0"
"00000530","문화예술회관후문","00000037","상무63","20221003","0","0","7","0","0","0","7","0","0","0","0","0","0","0","0","0","0","0","0","0","0","0","0","0","0","0","0","0","0","0","0","0","0","1","0","1","0","1","0","1","0","0","0","0","0","0","0","0"
"00000530","문화예술회관후문","00000055","용전84","20221003","1","1","4","1","1","0","4","0","0","0","0","0","0","1","0","1","1","0","0","0","1","0","0","0","0","0","0","0","0","0","0","0","4","1","0","1","4","1","0","1","0","0","0","0","0","0","0","0"
"00000530","문화예술회관후문","00000056","용전85","20221003","3","2","0","2","3","2","0","2","0","0","0","0","0","0","0","0","0","0","0","0","0","0","0","0","0","0","0","0","0","0","0","0","0","1","6","1","0","1","5","1","0","0","0","0","0","0","1","0"
"00000530","문화예술회관후문","00000065","첨단95","20221003","1","0","7","0","1","0","7","0","0","0","0","0","0","0","0","0","0","0","4","0","0","0","4","0","0","0","0","0","0","0","0","0","0","1","1","1","0","1","1","1","0","0","0","0","0","0","0","0"
"00000530","문화예술회관후문","00000118","문흥53","20221003","0","0","2","0","0","0","2","0","0","0","0","0","0","0","0","0","0","0","1","0","0","0","1","0","0","0","0","0","0","0","0","0","0","1","1","1","0","1","1","1","0","0","0","0","0","0","0","0"
"00000531","문화중","00000006","지원15","20221003","3","4","0","4","3","4","0","4","0","0","0","0","0","0","0","0","4","1","6","1","4","1","6","1","0","0","0","0","0","0","0","0","0","1","0","1","0","1","0","1","0","0","0","0","0","0","0","0"
"00000531","문화중","00000009","문흥18","20221003","2","1","3","1","2","0","2","0","0","0","0","0","0","1","1","1","7","9","10","9","7","8","9","8","0","0","0","0","0","1","1","1","2","4","8","4","2","4","8","4","0","0","0","0","0","0","0","0"
"00000531","문화중","00000018","운림35","20221003","3","2","1","2","3","2","1","2","0","0","0","0","0","0","0","0","4","0","1","0","4","0","1","0","0","0","0","0","0","0","0","0","2","0","0","0","2","0","0","0","0","0","0","0","0","0","0","0"
"00000531","문화중","00000029","운림54","20221003","20","17","6","17","18","15","4","15","0","2","0","2","2","0","2","0","10","8","6","8","10","6","6","6","0","0","0","0","0","2","0","2","5","4","0","4","5","4","0","4","0","0","0","0","0","0","0","0"
"00000532","문화중","00000006","지원15","20221003","6","2","4","2","6","1","4","1","0","0","0","0","0","1","0","1","0","1","1","1","0","1","1","1","0","0","0","0","0","0","0","0","0","0","0","0","0","0","0","0","0","0","0","0","0","0","0","0"
"00000532","문화중","00000009","문흥18","20221003","17","22","15","22","17","15","14","15","0","2","0","2","0","5","1","5","3","3","5","3","3","3","5","3","0","0","0","0","0","0","0","0","0","1","2","1","0","1","2","1","0","0","0","0","0","0","0","0"
"00000532","문화중","00000018","운림35","20221003","1","2","0","2","1","1","0","1","0","0","0","0","0","1","0","1","0","1","0","1","0","1","0","1","0","0","0","0","0","0","0","0","1","0","1","0","1","0","1","0","0","0","0","0","0","0","0","0"
"00000532","문화중","00000029","운림54","20221003","15","8","9","8","15","8","8","8","0","0","1","0","0","0","0","0","0","8","6","8","0","8","6","8","0","0","0","0","0","0","0","0","2","3","0","3","2","3","0","3","0","0","0","0","0","0","0","0"
"00000534","문화초교","00000008","진월17","20221003","6","9","4","9","5","9","4","9","0","0","0","0","1","0","0","0","2","2","3","2","2","2","2","2","0","0","0","0","0","0","1","0","1","2","0","2","1","2","0","2","0","0","0","0","0","0","0","0"
"00000534","문화초교","00000030","금남55","20221003","7","7","6","7","7","5","5","5","0","2","0","2","0","0","1","0","0","0","0","0","0","0","0","0","0","0","0","0","0","0","0","0","0","0","0","0","0","0","0","0","0","0","0","0","0","0","0","0"
"00000534","문화초교","00000088","금호36","20221003","2","15","5","15","2","12","4","12","0","2","0","2","0","1","1","1","1","1","0","1","1","1","0","1","0","0","0","0","0","0","0","0","0","0","0","0","0","0","0","0","0","0","0","0","0","0","0","0"
"00000534","문화초교","00000091","송암74","20221003","6","10","10","10","6","10","7","10","0","0","0","0","0","0","3","0","3","1","1","1","3","1","0","1","0","0","0","0","0","0","1","0","2","0","1","0","2","0","1","0","0","0","0","0","0","0","0","0"
"00000534","문화초교","00000106","두암81(무등파크)","20221003","1","0","1","0","1","0","1","0","0","0","0","0","0","0","0","0","0","0","0","0","0","0","0","0","0","0","0","0","0","0","0","0","0","0","0","0","0","0","0","0","0","0","0","0","0","0","0","0"
"00000534","문화초교","00000130","두암81","20221003","3","0","1","0","3","0","0","0","0","0","0","0","0","0","1","0","0","0","0","0","0","0","0","0","0","0","0","0","0","0","0","0","0","0","0","0","0","0","0","0","0","0","0","0","0","0","0","0"
"00000534","문화초교","00000213","마을788","20221003","0","2","0","2","0","2","0","2","0","0","0","0","0","0","0","0","0","0","0","0","0","0","0","0","0","0","0","0","0","0","0","0","0","0","0","0","0","0","0","0","0","0","0","0","0","0","0","0"
"00000535","문화초교","00000008","진월17","20221003","4","1","3","1","4","1","3","1","0","0","0","0","0","0","0","0","2","0","1","0","2","0","1","0","0","0","0","0","0","0","0","0","1","1","2","1","1","1","2","1","0","0","0","0","0","0","0","0"
"00000535","문화초교","00000030","금남55","20221003","1","0","0","0","1","0","0","0","0","0","0","0","0","0","0","0","0","1","2","1","0","1","2","1","0","0","0","0","0","0","0","0","0","1","0","1","0","1","0","1","0","0","0","0","0","0","0","0"
"00000535","문화초교","00000052","두암81(각화초교)","20221003","1","0","0","0","1","0","0","0","0","0","0","0","0","0","0","0","0","0","0","0","0","0","0","0","0","0","0","0","0","0","0","0","0","0","0","0","0","0","0","0","0","0","0","0","0","0","0","0"
"00000535","문화초교","00000088","금호36","20221003","3","2","1","2","3","2","1","2","0","0","0","0","0","0","0","0","1","4","2","4","1","4","2","4","0","0","0","0","0","0","0","0","0","0","0","0","0","0","0","0","0","0","0","0","0","0","0","0"
"00000535","문화초교","00000091","송암74","20221003","0","0","2","0","0","0","2","0","0","0","0","0","0","0","0","0","0","0","5","0","0","0","4","0","0","0","0","0","0","0","1","0","0","0","0","0","0","0","0","0","0","0","0","0","0","0","0","0"
"00000536","문흥명지아파트","00000008","진월17","20221003","0","0","0","0","0","0","0","0","0","0","0","0","0","0","0","0","1","3","4","3","1","3","4","3","0","0","0","0","0","0","0","0","0","0","0","0","0","0","0","0","0","0","0","0","0","0","0","0"
"00000536","문흥명지아파트","00000009","문흥18","20221003","1","0","1","0","1","0","1","0","0","0","0","0","0","0","0","0","1","0","5","0","1","0","4","0","0","0","1","0","0","0","0","0","0","0","0","0","0","0","0","0","0","0","0","0","0","0","0","0"
"00000536","문흥명지아파트","00000090","문흥39","20221003","0","0","0","0","0","0","0","0","0","0","0","0","0","0","0","0","3","4","2","4","2","3","2","3","0","0","0","0","1","1","0","1","0","0","0","0","0","0","0","0","0","0","0","0","0","0","0","0"
"00000537","문흥중","00000010","송정19","20221003","10","10","8","10","9","9","7","9","0","0","0","0","1","1","1","1","0","1","0","1","0","1","0","1","0","0","0","0","0","0","0","0","0","2","1","2","0","2","1","2","0","0","0","0","0","0","0","0"
"00000537","문흥중","00000018","운림35","20221003","2","3","3","3","2","3","2","3","0","0","0","0","0","0","1","0","0","0","0","0","0","0","0","0","0","0","0","0","0","0","0","0","0","0","1","0","0","0","1","0","0","0","0","0","0","0","0","0"
"00000537","문흥중","00000057","용전86","20221003","2","2","6","2","1","1","6","1","0","0","0","0","1","1","0","1","0","0","1","0","0","0","0","0","0","0","1","0","0","0","0","0","0","0","0","0","0","0","0","0","0","0","0","0","0","0","0","0"
"00000537","문흥중","00000117","첨단23","20221003","11","17","22","17","11","15","19","15","0","0","0","0","0","2","3","2","0","1","0","1","0","1","0","1","0","0","0","0","0","0","0","0","0","2","1","2","0","2","0","2","0","0","0","0","0","0","1","0"
"00000537","문흥중","00000118","문흥53","20221003","8","15","9","15","8","15","8","15","0","0","1","0","0","0","0","0","0","0","0","0","0","0","0","0","0","0","0","0","0","0","0","0","0","0","0","0","0","0","0","0","0","0","0","0","0","0","0","0"
"00000538","문흥1동행정복지센터","00000009","문흥18","20221003","1","0","1","0","1","0","1","0","0","0","0","0","0","0","0","0","0","6","4","6","0","6","4","6","0","0","0","0","0","0","0","0","0","0","0","0","0","0","0","0","0","0","0","0","0","0","0","0"
"00000538","문흥1동행정복지센터","00000018","운림35","20221003","1","0","0","0","1","0","0","0","0","0","0","0","0","0","0","0","0","0","1","0","0","0","1","0","0","0","0","0","0","0","0","0","0","0","0","0","0","0","0","0","0","0","0","0","0","0","0","0"
"00000538","문흥1동행정복지센터","00000118","문흥53","20221003","0","0","0","0","0","0","0","0","0","0","0","0","0","0","0","0","3","0","4","0","3","0","4","0","0","0","0","0","0","0","0","0","0","0","0","0","0","0","0","0","0","0","0","0","0","0","0","0"
"00000539","문흥1동행정복지센터","00000009","문흥18","20221003","17","20","12","20","17","16","8","16","0","1","0","1","0","3","4","3","0","0","0","0","0","0","0","0","0","0","0","0","0","0","0","0","0","0","2","0","0","0","2","0","0","0","0","0","0","0","0","0"
"00000539","문흥1동행정복지센터","00000018","운림35","20221003","2","2","5","2","2","2","3","2","0","0","0","0","0","0","2","0","0","0","0","0","0","0","0","0","0","0","0","0","0","0","0","0","0","0","0","0","0","0","0","0","0","0","0","0","0","0","0","0"
"00000539","문흥1동행정복지센터","00000118","문흥53","20221003","2","4","5","4","1","4","5","4","1","0","0","0","0","0","0","0","0","0","0","0","0","0","0","0","0","0","0","0","0","0","0","0","0","0","0","0","0","0","0","0","0","0","0","0","0","0","0","0"
"00000540","문흥고가","00000008","진월17","20221003","1","1","2","1","0","0","2","0","0","1","0","1","1","0","0","0","0","1","1","1","0","1","1","1","0","0","0","0","0","0","0","0","0","0","0","0","0","0","0","0","0","0","0","0","0","0","0","0"
"00000540","문흥고가","00000009","문흥18","20221003","0","0","1","0","0","0","1","0","0","0","0","0","0","0","0","0","0","0","3","0","0","0","3","0","0","0","0","0","0","0","0","0","0","0","0","0","0","0","0","0","0","0","0","0","0","0","0","0"
"00000540","문흥고가","00000090","문흥39","20221003","0","2","0","2","0","2","0","2","0","0","0","0","0","0","0","0","0","2","1","2","0","2","1","2","0","0","0","0","0","0","0","0","0","0","0","0","0","0","0","0","0","0","0","0","0","0","0","0"
"00000541","문흥고가","00000008","진월17","20221003","5","4","5","4","3","2","4","2","1","0","0","0","1","2","1","2","6","9","6","9","5","8","5","8","0","0","0","0","1","1","1","1","0","0","0","0","0","0","0","0","0","0","0","0","0","0","0","0"
"00000541","문흥고가","00000009","문흥18","20221003","7","14","16","14","6","13","12","13","0","0","0","0","1","1","4","1","11","12","5","12","11","10","4","10","0","1","0","1","0","1","1","1","0","0","0","0","0","0","0","0","0","0","0","0","0","0","0","0"
"00000541","문흥고가","00000090","문흥39","20221003","2","0","2","0","2","0","2","0","0","0","0","0","0","0","0","0","2","2","2","2","2","1","2","1","0","0","0","0","0","1","0","1","0","0","0","0","0","0","0","0","0","0","0","0","0","0","0","0"
"00000543","문흥중앙초교","00000051","문흥80","20221003","12","13","4","13","9","9","4","9","0","1","0","1","3","3","0","3","0","1","1","1","0","1","1","1","0","0","0","0","0","0","0","0","0","0","0","0","0","0","0","0","0","0","0","0","0","0","0","0"
"00000544","문흥중앙초교","00000051","문흥80","20221003","1","0","0","0","1","0","0","0","0","0","0","0","0","0","0","0","0","1","4","1","0","1","4","1","0","0","0","0","0","0","0","0","0","0","0","0","0","0","0","0","0","0","0","0","0","0","0","0"
"00000545","문흥지구입구(서)","00000008","진월17","20221003","1","2","2","2","1","2","1","2","0","0","0","0","0","0","1","0","0","0","0","0","0","0","0","0","0","0","0","0","0","0","0","0","0","0","0","0","0","0","0","0","0","0","0","0","0","0","0","0"
"00000545","문흥지구입구(서)","00000009","문흥18","20221003","2","1","2","1","2","1","2","1","0","0","0","0","0","0","0","0","0","0","0","0","0","0","0","0","0","0","0","0","0","0","0","0","0","1","1","1","0","1","1","1","0","0","0","0","0","0","0","0"
"00000545","문흥지구입구(서)","00000010","송정19","20221003","1","2","3","2","1","2","3","2","0","0","0","0","0","0","0","0","0","0","0","0","0","0","0","0","0","0","0","0","0","0","0","0","0","0","1","0","0","0","1","0","0","0","0","0","0","0","0","0"
"00000545","문흥지구입구(서)","00000018","운림35","20221003","0","2","1","2","0","1","1","1","0","0","0","0","0","1","0","1","0","0","0","0","0","0","0","0","0","0","0","0","0","0","0","0","0","0","0","0","0","0","0","0","0","0","0","0","0","0","0","0"
"00000545","문흥지구입구(서)","00000051","문흥80","20221003","0","1","3","1","0","1","3","1","0","0","0","0","0","0","0","0","0","0","0","0","0","0","0","0","0","0","0","0","0","0","0","0","0","0","0","0","0","0","0","0","0","0","0","0","0","0","0","0"
"00000545","문흥지구입구(서)","00000057","용전86","20221003","1","1","1","1","1","1","1","1","0","0","0","0","0","0","0","0","1","0","0","0","1","0","0","0","0","0","0","0","0","0","0","0","0","1","0","1","0","1","0","1","0","0","0","0","0","0","0","0"
"00000545","문흥지구입구(서)","00000090","문흥39","20221003","0","0","0","0","0","0","0","0","0","0","0","0","0","0","0","0","0","0","0","0","0","0","0","0","0","0","0","0","0","0","0","0","0","0","0","0","0","0","0","0","0","0","0","0","0","0","0","0"
"00000545","문흥지구입구(서)","00000117","첨단23","20221003","1","3","6","3","0","2","6","2","0","1","0","1","1","0","0","0","0","0","0","0","0","0","0","0","0","0","0","0","0","0","0","0","0","0","2","0","0","0","1","0","0","0","0","0","0","0","1","0"
"00000545","문흥지구입구(서)","00000118","문흥53","20221003","1","0","0","0","1","0","0","0","0","0","0","0","0","0","0","0","0","0","0","0","0","0","0","0","0","0","0","0","0","0","0","0","0","0","0","0","0","0","0","0","0","0","0","0","0","0","0","0"
"00000546","제일장식","00000072","지원152(능주역)","20221003","0","0","0","0","0","0","0","0","0","0","0","0","0","0","0","0","0","0","0","0","0","0","0","0","0","0","0","0","0","0","0","0","0","0","0","0","0","0","0","0","0","0","0","0","0","0","0","0"
"00000546","제일장식","00000122","228(화순전대병원)","20221003","0","0","0","0","0","0","0","0","0","0","0","0","0","0","0","0","0","0","0","0","0","0","0","0","0","0","0","0","0","0","0","0","0","0","0","0","0","0","0","0","0","0","0","0","0","0","0","0"
"00000546","제일장식","00000123","지원152(도웅리)","20221003","0","0","0","0","0","0","0","0","0","0","0","0","0","0","0","0","0","0","0","0","0","0","0","0","0","0","0","0","0","0","0","0","0","0","0","0","0","0","0","0","0","0","0","0","0","0","0","0"
"00000547","화순미륭아파트","00000071","228(구151화순사평)","20221003","0","0","0","0","0","0","0","0","0","0","0","0","0","0","0","0","0","0","0","0","0","0","0","0","0","0","0","0","0","0","0","0","0","0","0","0","0","0","0","0","0","0","0","0","0","0","0","0"
"00000547","화순미륭아파트","00000072","지원152(능주역)","20221003","0","0","0","0","0","0","0","0","0","0","0","0","0","0","0","0","0","0","0","0","0","0","0","0","0","0","0","0","0","0","0","0","0","0","0","0","0","0","0","0","0","0","0","0","0","0","0","0"
"00000547","화순미륭아파트","00000122","228(화순전대병원)","20221003","0","0","0","0","0","0","0","0","0","0","0","0","0","0","0","0","0","0","0","0","0","0","0","0","0","0","0","0","0","0","0","0","0","0","0","0","0","0","0","0","0","0","0","0","0","0","0","0"
"00000547","화순미륭아파트","00000123","지원152(도웅리)","20221003","0","0","0","0","0","0","0","0","0","0","0","0","0","0","0","0","0","0","0","0","0","0","0","0","0","0","0","0","0","0","0","0","0","0","0","0","0","0","0","0","0","0","0","0","0","0","0","0"
"00000548","박물관입구","00000055","용전84","20221003","0","0","0","0","0","0","0","0","0","0","0","0","0","0","0","0","0","0","0","0","0","0","0","0","0","0","0","0","0","0","0","0","0","0","0","0","0","0","0","0","0","0","0","0","0","0","0","0"
"00000548","박물관입구","00000056","용전85","20221003","0","0","1","0","0","0","1","0","0","0","0","0","0","0","0","0","0","0","0","0","0","0","0","0","0","0","0","0","0","0","0","0","0","0","0","0","0","0","0","0","0","0","0","0","0","0","0","0"
"00000548","박물관입구","00000065","첨단95","20221003","1","1","1","1","1","1","1","1","0","0","0","0","0","0","0","0","0","1","0","1","0","1","0","1","0","0","0","0","0","0","0","0","1","1","0","1","0","0","0","0","0","1","0","1","1","0","0","0"
"00000549","박물관입구","00000055","용전84","20221003","0","0","0","0","0","0","0","0","0","0","0","0","0","0","0","0","1","1","1","1","1","1","1","1","0","0","0","0","0","0","0","0","0","0","0","0","0","0","0","0","0","0","0","0","0","0","0","0"
"00000549","박물관입구","00000056","용전85","20221003","0","0","0","0","0","0","0","0","0","0","0","0","0","0","0","0","1","4","1","4","1","4","1","4","0","0","0","0","0","0","0","0","0","0","0","0","0","0","0","0","0","0","0","0","0","0","0","0"
"00000549","박물관입구","00000065","첨단95","20221003","2","2","4","2","2","2","4","2","0","0","0","0","0","0","0","0","0","1","1","1","0","0","1","0","0","0","0","0","0","1","0","1","0","0","0","0","0","0","0","0","0","0","0","0","0","0","0","0"
"00000550","광주박물관","00000016","송정29","20221003","0","1","1","1","0","0","1","0","0","0","0","0","0","1","0","1","2","0","0","0","2","0","0","0","0","0","0","0","0","0","0","0","1","1","0","1","1","0","0","0","0","0","0","0","0","1","0","1"
"00000550","광주박물관","00000037","상무63","20221003","0","0","0","0","0","0","0","0","0","0","0","0","0","0","0","0","0","0","0","0","0","0","0","0","0","0","0","0","0","0","0","0","0","0","0","0","0","0","0","0","0","0","0","0","0","0","0","0"
"00000550","광주박물관","00000108","송정33","20221003","0","0","0","0","0","0","0","0","0","0","0","0","0","0","0","0","0","1","0","1","0","0","0","0","0","0","0","0","0","1","0","1","0","0","0","0","0","0","0","0","0","0","0","0","0","0","0","0"
"00000550","광주박물관","00000118","문흥53","20221003","0","1","0","1","0","0","0","0","0","0","0","0","0","1","0","1","0","2","0","2","0","2","0","2","0","0","0","0","0","0","0","0","0","0","0","0","0","0","0","0","0","0","0","0","0","0","0","0"
"00000551","광주박물관","00000016","송정29","20221003","0","0","0","0","0","0","0","0","0","0","0","0","0","0","0","0","1","3","3","3","1","1","3","1","0","1","0","1","0","1","0","1","0","0","0","0","0","0","0","0","0","0","0","0","0","0","0","0"
"00000551","광주박물관","00000037","상무63","20221003","0","0","0","0","0","0","0","0","0","0","0","0","0","0","0","0","1","0","0","0","1","0","0","0","0","0","0","0","0","0","0","0","0","0","0","0","0","0","0","0","0","0","0","0","0","0","0","0"
"00000551","광주박물관","00000108","송정33","20221003","0","0","0","0","0","0","0","0","0","0","0","0","0","0","0","0","0","0","0","0","0","0","0","0","0","0","0","0","0","0","0","0","1","0","0","0","1","0","0","0","0","0","0","0","0","0","0","0"
"00000551","광주박물관","00000118","문흥53","20221003","0","6","0","6","0","6","0","6","0","0","0","0","0","0","0","0","1","0","0","0","0","0","0","0","0","0","0","0","1","0","0","0","0","0","0","0","0","0","0","0","0","0","0","0","0","0","0","0"
"00000552","반촌","00000007","매월16","20221003","0","0","0","0","0","0","0","0","0","0","0","0","0","0","0","0","0","0","1","0","0","0","1","0","0","0","0","0","0","0","0","0","0","0","0","0","0","0","0","0","0","0","0","0","0","0","0","0"
"00000552","반촌","00000014","봉선27","20221003","0","0","0","0","0","0","0","0","0","0","0","0","0","0","0","0","0","0","0","0","0","0","0","0","0","0","0","0","0","0","0","0","0","0","0","0","0","0","0","0","0","0","0","0","0","0","0","0"
"00000552","반촌","00000016","송정29","20221003","0","0","1","0","0","0","1","0","0","0","0","0","0","0","0","0","0","1","1","1","0","1","0","1","0","0","0","0","0","0","1","0","0","0","2","0","0","0","2","0","0","0","0","0","0","0","0","0"
"00000552","반촌","00000026","운림51","20221003","0","0","1","0","0","0","1","0","0","0","0","0","0","0","0","0","0","0","0","0","0","0","0","0","0","0","0","0","0","0","0","0","0","0","0","0","0","0","0","0","0","0","0","0","0","0","0","0"
"00000552","반촌","00000043","송암72","20221003","0","0","1","0","0","0","1","0","0","0","0","0","0","0","0","0","1","0","0","0","1","0","0","0","0","0","0","0","0","0","0","0","0","0","0","0","0","0","0","0","0","0","0","0","0","0","0","0"
"00000552","반촌","00000079","첨단192","20221003","0","0","0","0","0","0","0","0","0","0","0","0","0","0","0","0","0","0","0","0","0","0","0","0","0","0","0","0","0","0","0","0","0","0","0","0","0","0","0","0","0","0","0","0","0","0","0","0"
"00000552","반촌","00000102","수완12","20221003","2","0","0","0","1","0","0","0","0","0","0","0","1","0","0","0","1","0","2","0","1","0","2","0","0","0","0","0","0","0","0","0","0","0","0","0","0","0","0","0","0","0","0","0","0","0","0","0"
"00000553","방림교","00000047","봉선76","20221003","0","0","0","0","0","0","0","0","0","0","0","0","0","0","0","0","0","0","1","0","0","0","1","0","0","0","0","0","0","0","0","0","0","0","0","0","0","0","0","0","0","0","0","0","0","0","0","0"
"00000554","방림삼거리","00000015","일곡28","20221003","2","4","6","4","2","3","5","3","0","0","0","0","0","1","1","1","1","2","0","2","1","2","0","2","0","0","0","0","0","0","0","0","0","1","0","1","0","1","0","1","0","0","0","0","0","0","0","0"
"00000554","방림삼거리","00000019","봉선37","20221003","2","5","4","5","1","2","4","2","0","1","0","1","1","2","0","2","0","2","4","2","0","2","4","2","0","0","0","0","0","0","0","0","0","0","0","0","0","0","0","0","0","0","0","0","0","0","0","0"
"00000554","방림삼거리","00000025","운림50","20221003","1","1","1","1","1","1","1","1","0","0","0","0","0","0","0","0","0","1","0","1","0","1","0","1","0","0","0","0","0","0","0","0","0","0","0","0","0","0","0","0","0","0","0","0","0","0","0","0"
"00000554","방림삼거리","00000119","지원56","20221003","1","1","0","1","1","1","0","1","0","0","0","0","0","0","0","0","0","1","0","1","0","1","0","1","0","0","0","0","0","0","0","0","0","0","0","0","0","0","0","0","0","0","0","0","0","0","0","0"
"00000555","방송통신대","00000014","봉선27","20221003","4","5","3","5","3","5","3","5","0","0","0","0","1","0","0","0","1","0","0","0","0","0","0","0","0","0","0","0","1","0","0","0","0","0","0","0","0","0","0","0","0","0","0","0","0","0","0","0"
"00000555","방송통신대","00000062","첨단92","20221003","1","0","1","0","1","0","1","0","0","0","0","0","0","0","0","0","0","0","0","0","0","0","0","0","0","0","0","0","0","0","0","0","0","0","0","0","0","0","0","0","0","0","0","0","0","0","0","0"
"00000555","방송통신대","00000079","첨단192","20221003","0","0","0","0","0","0","0","0","0","0","0","0","0","0","0","0","0","0","0","0","0","0","0","0","0","0","0","0","0","0","0","0","0","0","0","0","0","0","0","0","0","0","0","0","0","0","0","0"
"00000555","방송통신대","00000092","첨단40","20221003","1","1","3","1","1","1","3","1","0","0","0","0","0","0","0","0","0","0","0","0","0","0","0","0","0","0","0","0","0","0","0","0","0","0","0","0","0","0","0","0","0","0","0","0","0","0","0","0"
"00000556","방송통신대","00000014","봉선27","20221003","1","2","0","2","1","1","0","1","0","0","0","0","0","1","0","1","1","2","1","2","1","2","1","2","0","0","0","0","0","0","0","0","0","0","0","0","0","0","0","0","0","0","0","0","0","0","0","0"
"00000556","방송통신대","00000062","첨단92","20221003","2","0","0","0","2","0","0","0","0","0","0","0","0","0","0","0","0","0","0","0","0","0","0","0","0","0","0","0","0","0","0","0","0","0","0","0","0","0","0","0","0","0","0","0","0","0","0","0"
"00000556","방송통신대","00000079","첨단192","20221003","1","0","0","0","1","0","0","0","0","0","0","0","0","0","0","0","0","0","0","0","0","0","0","0","0","0","0","0","0","0","0","0","0","0","0","0","0","0","0","0","0","0","0","0","0","0","0","0"
"00000556","방송통신대","00000092","첨단40","20221003","1","1","1","1","1","1","1","1","0","0","0","0","0","0","0","0","0","0","0","0","0","0","0","0","0","0","0","0","0","0","0","0","0","0","0","0","0","0","0","0","0","0","0","0","0","0","0","0"
"00000557","방혜","00000059","임곡89","20221003","1","0","0","0","1","0","0","0","0","0","0","0","0","0","0","0","0","0","0","0","0","0","0","0","0","0","0","0","0","0","0","0","0","0","0","0","0","0","0","0","0","0","0","0","0","0","0","0"
"00000561","백암","00000072","지원152(능주역)","20221003","0","0","0","0","0","0","0","0","0","0","0","0","0","0","0","0","0","0","0","0","0","0","0","0","0","0","0","0","0","0","0","0","0","0","0","0","0","0","0","0","0","0","0","0","0","0","0","0"
"00000563","장성백운","00000079","첨단192","20221003","0","0","0","0","0","0","0","0","0","0","0","0","0","0","0","0","0","0","0","0","0","0","0","0","0","0","0","0","0","0","0","0","0","0","0","0","0","0","0","0","0","0","0","0","0","0","0","0"
"00000564","백운광장","00000004","진월07","20221003","3","6","6","6","2","5","5","5","0","0","0","0","1","1","1","1","8","3","13","3","7","3","12","3","0","0","0","0","1","0","1","0","0","1","0","1","0","1","0","1","0","0","0","0","0","0","0","0"
"00000564","백운광장","00000008","진월17","20221003","1","8","6","8","1","7","5","7","0","0","0","0","0","1","1","1","3","2","3","2","3","2","3","2","0","0","0","0","0","0","0","0","1","1","1","1","1","1","1","1","0","0","0","0","0","0","0","0"
"00000564","백운광장","00000015","일곡28","20221003","0","6","3","6","0","2","2","2","0","1","0","1","0","3","1","3","2","2","1","2","2","2","0","2","0","0","0","0","0","0","1","0","0","0","0","0","0","0","0","0","0","0","0","0","0","0","0","0"
"00000564","백운광장","00000041","대촌70","20221003","3","4","1","4","3","3","1","3","0","0","0","0","0","1","0","1","0","0","1","0","0","0","1","0","0","0","0","0","0","0","0","0","3","1","3","1","3","1","2","1","0","0","0","0","0","0","1","0"
"00000564","백운광장","00000044","송암73","20221003","3","4","3","4","2","3","2","3","0","0","0","0","1","1","1","1","4","4","0","4","4","3","0","3","0","0","0","0","0","1","0","1","1","0","1","0","1","0","1","0","0","0","0","0","0","0","0","0"
"00000564","백운광장","00000050","진월79","20221003","3","1","1","1","3","1","1","1","0","0","0","0","0","0","0","0","0","0","1","0","0","0","1","0","0","0","0","0","0","0","0","0","2","0","0","0","2","0","0","0","0","0","0","0","0","0","0","0"
"00000564","백운광장","00000065","첨단95","20221003","2","3","4","3","2","2","4","2","0","0","0","0","0","1","0","1","2","0","1","0","2","0","1","0","0","0","0","0","0","0","0","0","0","1","2","1","0","1","2","1","0","0","0","0","0","0","0","0"
"00000564","백운광장","00000069","송정99","20221003","0","0","0","0","0","0","0","0","0","0","0","0","0","0","0","0","0","0","0","0","0","0","0","0","0","0","0","0","0","0","0","0","0","0","0","0","0","0","0","0","0","0","0","0","0","0","0","0"
"00000564","백운광장","00000073","대촌170","20221003","0","1","0","1","0","1","0","1","0","0","0","0","0","0","0","0","0","0","0","0","0","0","0","0","0","0","0","0","0","0","0","0","2","0","0","0","2","0","0","0","0","0","0","0","0","0","0","0"
"00000564","백운광장","00000074","진월177","20221003","1","0","0","0","1","0","0","0","0","0","0","0","0","0","0","0","0","0","1","0","0","0","1","0","0","0","0","0","0","0","0","0","0","0","1","0","0","0","1","0","0","0","0","0","0","0","0","0"
"00000564","백운광장","00000101","송암31","20221003","1","1","6","1","1","1","4","1","0","0","0","0","0","0","2","0","1","2","4","2","1","2","3","2","0","0","1","0","0","0","0","0","0","0","0","0","0","0","0","0","0","0","0","0","0","0","0","0"
"00000564","백운광장","00000208","마을715(대촌)","20221003","0","1","0","1","0","0","0","0","0","0","0","0","0","1","0","1","0","0","1","0","0","0","1","0","0","0","0","0","0","0","0","0","0","0","0","0","0","0","0","0","0","0","0","0","0","0","0","0"
"00000566","백운광장","00000004","진월07","20221003","5","17","14","17","3","15","12","15","0","0","1","0","2","2","1","2","5","1","4","1","5","1","4","1","0","0","0","0","0","0","0","0","0","4","2","4","0","4","2","4","0","0","0","0","0","0","0","0"
"00000566","백운광장","00000008","진월17","20221003","4","5","6","5","4","4","6","4","0","0","0","0","0","1","0","1","5","5","6","5","3","5","6","5","0","0","0","0","2","0","0","0","0","2","0","2","0","2","0","2","0","0","0","0","0","0","0","0"
"00000566","백운광장","00000015","일곡28","20221003","4","11","5","11","4","6","2","6","0","0","0","0","0","5","3","5","4","2","0","2","4","2","0","2","0","0","0","0","0","0","0","0","4","3","1","3","4","1","1","1","0","0","0","0","0","2","0","2"
"00000566","백운광장","00000041","대촌70","20221003","0","2","0","2","0","2","0","2","0","0","0","0","0","0","0","0","2","4","2","4","2","3","2","3","0","0","0","0","0","1","0","1","0","2","0","2","0","2","0","2","0","0","0","0","0","0","0","0"
"00000566","백운광장","00000044","송암73","20221003","3","9","1","9","3","8","1","8","0","1","0","1","0","0","0","0","2","1","6","1","2","1","5","1","0","0","0","0","0","0","1","0","0","2","1","2","0","0","1","0","0","0","0","0","0","2","0","2"
"00000566","백운광장","00000050","진월79","20221003","3","2","3","2","3","1","2","1","0","1","0","1","0","0","1","0","0","2","2","2","0","2","1","2","0","0","0","0","0","0","1","0","0","0","0","0","0","0","0","0","0","0","0","0","0","0","0","0"
"00000566","백운광장","00000065","첨단95","20221003","7","8","3","8","7","7","3","7","0","0","0","0","0","1","0","1","3","4","2","4","3","4","2","4","0","0","0","0","0","0","0","0","0","1","0","1","0","1","0","1","0","0","0","0","0","0","0","0"
"00000566","백운광장","00000069","송정99","20221003","0","0","0","0","0","0","0","0","0","0","0","0","0","0","0","0","0","0","0","0","0","0","0","0","0","0","0","0","0","0","0","0","0","0","0","0","0","0","0","0","0","0","0","0","0","0","0","0"
"00000566","백운광장","00000073","대촌170","20221003","2","2","0","2","2","2","0","2","0","0","0","0","0","0","0","0","1","0","1","0","1","0","1","0","0","0","0","0","0","0","0","0","0","0","0","0","0","0","0","0","0","0","0","0","0","0","0","0"
"00000566","백운광장","00000074","진월177","20221003","0","1","0","1","0","1","0","1","0","0","0","0","0","0","0","0","2","2","3","2","2","2","3","2","0","0","0","0","0","0","0","0","0","0","0","0","0","0","0","0","0","0","0","0","0","0","0","0"
"00000566","백운광장","00000101","송암31","20221003","7","4","5","4","6","3","4","3","1","0","0","0","0","1","1","1","2","1","1","1","2","1","1","1","0","0","0","0","0","0","0","0","1","1","0","1","1","1","0","1","0","0","0","0","0","0","0","0"
"00000566","백운광장","00000208","마을715(대촌)","20221003","1","1","0","1","1","1","0","1","0","0","0","0","0","0","0","0","3","0","0","0","3","0","0","0","0","0","0","0","0","0","0","0","0","0","0","0","0","0","0","0","0","0","0","0","0","0","0","0"
"00000567","백운우체국","00000003","매월06","20221003","6","6","3","6","6","6","3","6","0","0","0","0","0","0","0","0","4","9","9","9","4","9","8","9","0","0","1","0","0","0","0","0","3","2","7","2","3","2","7","2","0","0","0","0","0","0","0","0"
"00000567","백운우체국","00000004","진월07","20221003","13","16","9","16","11","13","9","13","0","0","0","0","2","3","0","3","4","7","21","7","4","5","19","5","0","0","0","0","0","2","2","2","4","6","5","6","4","6","4","6","0","0","0","0","0","0","1","0"
"00000567","백운우체국","00000025","운림50","20221003","9","8","5","8","8","7","5","7","0","1","0","1","1","0","0","0","4","7","3","7","3","7","2","7","0","0","0","0","1","0","1","0","4","4","6","4","4","4","5","4","0","0","0","0","0","0","1","0"
"00000567","백운우체국","00000030","금남55","20221003","2","0","1","0","2","0","1","0","0","0","0","0","0","0","0","0","0","0","1","0","0","0","0","0","0","0","1","0","0","0","0","0","3","2","3","2","3","2","3","2","0","0","0","0","0","0","0","0"
"00000567","백운우체국","00000041","대촌70","20221003","3","2","3","2","3","2","3","2","0","0","0","0","0","0","0","0","1","0","1","0","1","0","0","0","0","0","1","0","0","0","0","0","1","2","9","2","1","2","9","2","0","0","0","0","0","0","0","0"
"00000567","백운우체국","00000050","진월79","20221003","1","3","2","3","0","3","2","3","0","0","0","0","1","0","0","0","0","2","0","2","0","2","0","2","0","0","0","0","0","0","0","0","2","1","3","1","2","1","2","1","0","0","1","0","0","0","0","0"
"00000567","백운우체국","00000069","송정99","20221003","0","0","0","0","0","0","0","0","0","0","0","0","0","0","0","0","0","0","0","0","0","0","0","0","0","0","0","0","0","0","0","0","0","0","0","0","0","0","0","0","0","0","0","0","0","0","0","0"
"00000567","백운우체국","00000073","대촌170","20221003","0","0","0","0","0","0","0","0","0","0","0","0","0","0","0","0","0","0","1","0","0","0","1","0","0","0","0","0","0","0","0","0","1","1","0","1","1","0","0","0","0","0","0","0","0","1","0","1"
"00000567","백운우체국","00000074","진월177","20221003","0","0","0","0","0","0","0","0","0","0","0","0","0","0","0","0","0","0","0","0","0","0","0","0","0","0","0","0","0","0","0","0","2","2","0","2","2","1","0","1","0","0","0","0","0","1","0","1"
"00000567","백운우체국","00000102","수완12","20221003","9","3","7","3","9","3","7","3","0","0","0","0","0","0","0","0","0","0","5","0","0","0","5","0","0","0","0","0","0","0","0","0","9","3","1","3","8","3","1","3","0","0","0","0","1","0","0","0"
"00000567","백운우체국","00000111","송암68","20221003","2","5","7","5","2","5","7","5","0","0","0","0","0","0","0","0","3","2","5","2","2","2","5","2","1","0","0","0","0","0","0","0","2","5","7","5","1","5","7","5","0","0","0","0","1","0","0","0"
"00000567","백운우체국","00000112","순환01(운천저수지)","20221003","1","4","3","4","1","4","3","4","0","0","0","0","0","0","0","0","10","11","4","11","10","10","3","10","0","0","0","0","0","1","1","1","2","2","8","2","2","2","8","2","0","0","0","0","0","0","0","0"
"00000567","백운우체국","00000208","마을715(대촌)","20221003","3","1","0","1","3","1","0","1","0","0","0","0","0","0","0","0","1","1","0","1","1","1","0","1","0","0","0","0","0","0","0","0","0","1","2","1","0","1","2","1","0","0","0","0","0","0","0","0"
"00000569","백운우체국","00000001","순환01(시청행)","20221003","4","6","11","6","4","6","11","6","0","0","0","0","0","0","0","0","2","4","1","4","2","4","1","4","0","0","0","0","0","0","0","0","2","6","5","6","2","2","5","2","0","0","0","0","0","4","0","4"
"00000569","백운우체국","00000003","매월06","20221003","8","11","7","11","8","9","6","9","0","0","0","0","0","2","1","2","2","4","3","4","2","4","2","4","0","0","0","0","0","0","1","0","5","11","4","11","5","11","4","11","0","0","0","0","0","0","0","0"
"00000569","백운우체국","00000004","진월07","20221003","16","29","18","29","16","27","17","27","0","1","0","1","0","1","1","1","2","4","3","4","1","2","3","2","0","0","0","0","1","2","0","2","11","20","6","20","11","19","6","19","0","0","0","0","0","1","0","1"
"00000569","백운우체국","00000025","운림50","20221003","2","3","9","3","2","3","8","3","0","0","0","0","0","0","1","0","0","3","3","3","0","3","3","3","0","0","0","0","0","0","0","0","3","3","4","3","3","3","3","3","0","0","0","0","0","0","1","0"
"00000569","백운우체국","00000030","금남55","20221003","0","3","3","3","0","3","3","3","0","0","0","0","0","0","0","0","4","5","0","5","4","4","0","4","0","0","0","0","0","1","0","1","2","1","0","1","2","1","0","1","0","0","0","0","0","0","0","0"
"00000569","백운우체국","00000041","대촌70","20221003","1","0","0","0","1","0","0","0","0","0","0","0","0","0","0","0","0","4","4","4","0","3","4","3","0","0","0","0","0","1","0","1","0","1","1","1","0","1","1","1","0","0","0","0","0","0","0","0"
"00000569","백운우체국","00000050","진월79","20221003","3","4","1","4","3","4","1","4","0","0","0","0","0","0","0","0","1","1","2","1","1","1","2","1","0","0","0","0","0","0","0","0","1","0","0","0","1","0","0","0","0","0","0","0","0","0","0","0"
"00000569","백운우체국","00000069","송정99","20221003","0","0","0","0","0","0","0","0","0","0","0","0","0","0","0","0","1","0","0","0","1","0","0","0","0","0","0","0","0","0","0","0","0","0","0","0","0","0","0","0","0","0","0","0","0","0","0","0"
"00000569","백운우체국","00000073","대촌170","20221003","1","0","0","0","1","0","0","0","0","0","0","0","0","0","0","0","3","2","0","2","3","2","0","2","0","0","0","0","0","0","0","0","0","0","0","0","0","0","0","0","0","0","0","0","0","0","0","0"
"00000569","백운우체국","00000074","진월177","20221003","2","0","1","0","2","0","1","0","0","0","0","0","0","0","0","0","0","1","0","1","0","1","0","1","0","0","0","0","0","0","0","0","1","0","0","0","1","0","0","0","0","0","0","0","0","0","0","0"
"00000569","백운우체국","00000102","수완12","20221003","6","3","3","3","6","3","1","3","0","0","0","0","0","0","2","0","2","3","3","3","2","3","3","3","0","0","0","0","0","0","0","0","2","3","0","3","2","3","0","3","0","0","0","0","0","0","0","0"
"00000569","백운우체국","00000111","송암68","20221003","6","3","6","3","6","3","6","3","0","0","0","0","0","0","0","0","2","5","1","5","2","5","1","5","0","0","0","0","0","0","0","0","0","6","2","6","0","6","2","6","0","0","0","0","0","0","0","0"
"00000569","백운우체국","00000208","마을715(대촌)","20221003","0","1","0","1","0","1","0","1","0","0","0","0","0","0","0","0","0","1","1","1","0","1","1","1","0","0","0","0","0","0","0","0","1","2","0","2","1","2","0","2","0","0","0","0","0","0","0","0"
"00000570","백운초교(북)","00000041","대촌70","20221003","0","0","0","0","0","0","0","0","0","0","0","0","0","0","0","0","0","0","0","0","0","0","0","0","0","0","0","0","0","0","0","0","0","0","0","0","0","0","0","0","0","0","0","0","0","0","0","0"
"00000570","백운초교(북)","00000050","진월79","20221003","2","1","1","1","2","1","1","1","0","0","0","0","0","0","0","0","2","2","1","2","2","2","0","2","0","0","0","0","0","0","1","0","0","0","0","0","0","0","0","0","0","0","0","0","0","0","0","0"
"00000570","백운초교(북)","00000073","대촌170","20221003","0","0","1","0","0","0","1","0","0","0","0","0","0","0","0","0","0","0","0","0","0","0","0","0","0","0","0","0","0","0","0","0","0","0","0","0","0","0","0","0","0","0","0","0","0","0","0","0"
"00000570","백운초교(북)","00000102","수완12","20221003","1","2","1","2","1","2","1","2","0","0","0","0","0","0","0","0","2","1","1","1","2","1","1","1","0","0","0","0","0","0","0","0","0","0","0","0","0","0","0","0","0","0","0","0","0","0","0","0"
"00000570","백운초교(북)","00000111","송암68","20221003","1","0","2","0","1","0","1","0","0","0","1","0","0","0","0","0","2","0","5","0","2","0","4","0","0","0","0","0","0","0","1","0","0","0","0","0","0","0","0","0","0","0","0","0","0","0","0","0"
"00000570","백운초교(북)","00000208","마을715(대촌)","20221003","0","0","0","0","0","0","0","0","0","0","0","0","0","0","0","0","0","0","2","0","0","0","2","0","0","0","0","0","0","0","0","0","0","0","0","0","0","0","0","0","0","0","0","0","0","0","0","0"
"00000571","광주학생독립운동기념관","00000011","첨단20","20221003","1","2","3","2","1","2","2","2","0","0","0","0","0","0","1","0","0","1","3","1","0","1","3","1","0","0","0","0","0","0","0","0","1","0","0","0","1","0","0","0","0","0","0","0","0","0","0","0"
"00000571","광주학생독립운동기념관","00000025","운림50","20221003","9","4","1","4","9","4","1","4","0","0","0","0","0","0","0","0","0","0","1","0","0","0","1","0","0","0","0","0","0","0","0","0","1","0","0","0","1","0","0","0","0","0","0","0","0","0","0","0"
"00000571","광주학생독립운동기념관","00000035","매월61(칠석)","20221003","3","8","0","8","3","8","0","8","0","0","0","0","0","0","0","0","0","1","2","1","0","1","2","1","0","0","0","0","0","0","0","0","1","0","0","0","1","0","0","0","0","0","0","0","0","0","0","0"
"00000571","광주학생독립운동기념관","00000044","송암73","20221003","3","3","1","3","3","3","1","3","0","0","0","0","0","0","0","0","0","2","0","2","0","2","0","2","0","0","0","0","0","0","0","0","0","0","0","0","0","0","0","0","0","0","0","0","0","0","0","0"
"00000571","광주학생독립운동기념관","00000048","진월77","20221003","2","1","0","1","2","1","0","1","0","0","0","0","0","0","0","0","0","1","0","1","0","1","0","1","0","0","0","0","0","0","0","0","0","0","0","0","0","0","0","0","0","0","0","0","0","0","0","0"
"00000571","광주학생독립운동기념관","00000088","금호36","20221003","11","7","7","7","9","7","7","7","0","0","0","0","2","0","0","0","1","3","3","3","1","2","3","2","0","0","0","0","0","1","0","1","0","0","1","0","0","0","1","0","0","0","0","0","0","0","0","0"
"00000572","백화아파트","00000047","봉선76","20221003","2","0","1","0","2","0","1","0","0","0","0","0","0","0","0","0","0","0","0","0","0","0","0","0","0","0","0","0","0","0","0","0","0","0","0","0","0","0","0","0","0","0","0","0","0","0","0","0"
"00000573","유덕초교","00000005","첨단09","20221003","21","32","13","32","19","27","9","27","0","1","0","1","2","4","4","4","1","7","7","7","1","3","6","3","0","1","1","1","0","3","0","3","0","2","1","2","0","2","1","2","0","0","0","0","0","0","0","0"
"00000573","유덕초교","00000012","지원25","20221003","2","5","4","5","2","1","2","1","0","0","1","0","0","4","1","4","0","1","2","1","0","1","1","1","0","0","0","0","0","0","1","0","3","5","6","5","3","4","4","4","0","0","0","0","0","1","2","1"
"00000573","유덕초교","00000037","상무63","20221003","0","0","1","0","0","0","1","0","0","0","0","0","0","0","0","0","0","1","2","1","0","1","2","1","0","0","0","0","0","0","0","0","0","0","2","0","0","0","1","0","0","0","0","0","0","0","1","0"
"00000573","유덕초교","00000059","임곡89","20221003","0","0","0","0","0","0","0","0","0","0","0","0","0","0","0","0","0","0","1","0","0","0","1","0","0","0","0","0","0","0","0","0","0","1","0","1","0","1","0","1","0","0","0","0","0","0","0","0"
"00000573","유덕초교","00000090","문흥39","20221003","8","11","3","11","8","10","3","10","0","0","0","0","0","1","0","1","3","1","2","1","3","1","2","1","0","0","0","0","0","0","0","0","1","1","0","1","1","1","0","1","0","0","0","0","0","0","0","0"
"00000573","유덕초교","00000116","첨단22","20221003","0","0","1","0","0","0","1","0","0","0","0","0","0","0","0","0","2","2","1","2","2","2","1","2","0","0","0","0","0","0","0","0","1","0","4","0","1","0","4","0","0","0","0","0","0","0","0","0"
"00000573","유덕초교","00000127","상무62","20221003","0","0","0","0","0","0","0","0","0","0","0","0","0","0","0","0","0","0","3","0","0","0","3","0","0","0","0","0","0","0","0","0","0","1","0","1","0","1","0","1","0","0","0","0","0","0","0","0"
"00000573","유덕초교","00000214","마을799","20221003","0","0","0","0","0","0","0","0","0","0","0","0","0","0","0","0","0","1","1","1","0","1","1","1","0","0","0","0","0","0","0","0","0","0","2","0","0","0","2","0","0","0","0","0","0","0","0","0"
"00000574","버들마을","00000007","매월16","20221003","0","3","5","3","0","3","2","3","0","0","0","0","0","0","3","0","1","3","1","3","1","3","0","3","0","0","1","0","0","0","0","0","1","0","0","0","1","0","0","0","0","0","0","0","0","0","0","0"
"00000574","버들마을","00000012","지원25","20221003","2","3","4","3","2","3","4","3","0","0","0","0","0","0","0","0","0","0","0","0","0","0","0","0","0","0","0","0","0","0","0","0","1","3","0","3","1","3","0","3","0","0","0","0","0","0","0","0"
"00000574","버들마을","00000020","일곡38","20221003","5","6","3","6","4","6","3","6","0","0","0","0","1","0","0","0","1","2","2","2","1","2","1","2","0","0","0","0","0","0","1","0","0","1","0","1","0","1","0","1","0","0","0","0","0","0","0","0"
"00000574","버들마을","00000095","금호46","20221003","4","0","0","0","4","0","0","0","0","0","0","0","0","0","0","0","0","3","0","3","0","3","0","3","0","0","0","0","0","0","0","0","1","1","0","1","1","1","0","1","0","0","0","0","0","0","0","0"
"00000574","버들마을","00000109","좌석02","20221003","5","4","4","4","5","3","3","3","0","0","0","0","0","1","1","1","0","0","1","0","0","0","1","0","0","0","0","0","0","0","0","0","2","2","0","2","2","1","0","1","0","0","0","0","0","1","0","1"
"00000574","버들마을","00000111","송암68","20221003","0","1","0","1","0","1","0","1","0","0","0","0","0","0","0","0","0","0","0","0","0","0","0","0","0","0","0","0","0","0","0","0","1","0","2","0","1","0","1","0","0","0","0","0","0","0","1","0"
"00000574","버들마을","00000112","순환01(운천저수지)","20221003","1","1","6","1","1","1","3","1","0","0","1","0","0","0","2","0","3","2","10","2","3","2","10","2","0","0","0","0","0","0","0","0","0","2","1","2","0","2","0","2","0","0","0","0","0","0","1","0"
"00000576","법림사","00000027","지원52","20221003","0","0","0","0","0","0","0","0","0","0","0","0","0","0","0","0","0","0","0","0","0","0","0","0","0","0","0","0","0","0","0","0","0","0","0","0","0","0","0","0","0","0","0","0","0","0","0","0"
"00000578","법원","00000008","진월17","20221003","3","5","5","5","3","4","5","4","0","1","0","1","0","0","0","0","0","0","0","0","0","0","0","0","0","0","0","0","0","0","0","0","0","0","0","0","0","0","0","0","0","0","0","0","0","0","0","0"
"00000578","법원","00000018","운림35","20221003","0","1","1","1","0","1","1","1","0","0","0","0","0","0","0","0","1","1","0","1","1","1","0","1","0","0","0","0","0","0","0","0","0","1","1","1","0","1","1","1","0","0","0","0","0","0","0","0"
"00000578","법원","00000051","문흥80","20221003","0","2","0","2","0","2","0","2","0","0","0","0","0","0","0","0","0","0","0","0","0","0","0","0","0","0","0","0","0","0","0","0","0","0","0","0","0","0","0","0","0","0","0","0","0","0","0","0"
"00000578","법원","00000052","두암81(각화초교)","20221003","0","0","0","0","0","0","0","0","0","0","0","0","0","0","0","0","0","0","0","0","0","0","0","0","0","0","0","0","0","0","0","0","0","0","0","0","0","0","0","0","0","0","0","0","0","0","0","0"
"00000578","법원","00000129","두암81(장등동)","20221003","0","0","0","0","0","0","0","0","0","0","0","0","0","0","0","0","0","0","1","0","0","0","1","0","0","0","0","0","0","0","0","0","1","0","0","0","1","0","0","0","0","0","0","0","0","0","0","0"
"00000579","법원","00000008","진월17","20221003","5","7","7","7","3","7","6","7","0","0","0","0","2","0","1","0","4","6","6","6","4","6","6","6","0","0","0","0","0","0","0","0","0","0","0","0","0","0","0","0","0","0","0","0","0","0","0","0"
"00000579","법원","00000018","운림35","20221003","7","2","1","2","7","2","1","2","0","0","0","0","0","0","0","0","0","1","1","1","0","1","1","1","0","0","0","0","0","0","0","0","0","0","0","0","0","0","0","0","0","0","0","0","0","0","0","0"
"00000579","법원","00000051","문흥80","20221003","0","0","1","0","0","0","1","0","0","0","0","0","0","0","0","0","0","0","0","0","0","0","0","0","0","0","0","0","0","0","0","0","0","0","0","0","0","0","0","0","0","0","0","0","0","0","0","0"
"00000579","법원","00000106","두암81(무등파크)","20221003","0","2","0","2","0","2","0","2","0","0","0","0","0","0","0","0","0","0","0","0","0","0","0","0","0","0","0","0","0","0","0","0","0","1","0","1","0","1","0","1","0","0","0","0","0","0","0","0"
"00000579","법원","00000130","두암81","20221003","2","0","0","0","2","0","0","0","0","0","0","0","0","0","0","0","0","0","2","0","0","0","2","0","0","0","0","0","0","0","0","0","0","0","0","0","0","0","0","0","0","0","0","0","0","0","0","0"
"00000581","벽라리(화순역)","00000072","지원152(능주역)","20221003","0","0","0","0","0","0","0","0","0","0","0","0","0","0","0","0","0","0","0","0","0","0","0","0","0","0","0","0","0","0","0","0","0","0","0","0","0","0","0","0","0","0","0","0","0","0","0","0"
"00000581","벽라리(화순역)","00000123","지원152(도웅리)","20221003","0","0","0","0","0","0","0","0","0","0","0","0","0","0","0","0","0","0","0","0","0","0","0","0","0","0","0","0","0","0","0","0","0","0","0","0","0","0","0","0","0","0","0","0","0","0","0","0"
"00000582","첨단초교후문","00000014","봉선27","20221003","5","11","5","11","4","11","5","11","0","0","0","0","1","0","0","0","0","0","0","0","0","0","0","0","0","0","0","0","0","0","0","0","1","0","0","0","1","0","0","0","0","0","0","0","0","0","0","0"
"00000583","서일초교","00000004","진월07","20221003","0","2","3","2","0","1","0","1","0","0","0","0","0","1","3","1","2","1","4","1","2","1","2","1","0","0","2","0","0","0","0","0","0","0","0","0","0","0","0","0","0","0","0","0","0","0","0","0"
"00000583","서일초교","00000006","지원15","20221003","2","0","1","0","2","0","1","0","0","0","0","0","0","0","0","0","0","1","0","1","0","1","0","1","0","0","0","0","0","0","0","0","3","2","0","2","0","0","0","0","0","1","0","1","3","1","0","1"
"00000583","서일초교","00000013","매월26","20221003","1","1","0","1","0","1","0","1","0","0","0","0","1","0","0","0","0","0","1","0","0","0","1","0","0","0","0","0","0","0","0","0","1","1","0","1","1","0","0","0","0","0","0","0","0","1","0","1"
"00000583","서일초교","00000016","송정29","20221003","0","0","0","0","0","0","0","0","0","0","0","0","0","0","0","0","1","3","1","3","1","0","1","0","0","2","0","2","0","1","0","1","0","0","0","0","0","0","0","0","0","0","0","0","0","0","0","0"
"00000583","서일초교","00000020","일곡38","20221003","0","0","0","0","0","0","0","0","0","0","0","0","0","0","0","0","1","0","0","0","1","0","0","0","0","0","0","0","0","0","0","0","0","0","0","0","0","0","0","0","0","0","0","0","0","0","0","0"
"00000583","서일초교","00000096","일곡10","20221003","0","0","0","0","0","0","0","0","0","0","0","0","0","0","0","0","1","0","0","0","1","0","0","0","0","0","0","0","0","0","0","0","0","0","0","0","0","0","0","0","0","0","0","0","0","0","0","0"
"00000583","서일초교","00000211","마을777(우치공원)","20221003","0","0","0","0","0","0","0","0","0","0","0","0","0","0","0","0","0","0","1","0","0","0","1","0","0","0","0","0","0","0","0","0","0","0","0","0","0","0","0","0","0","0","0","0","0","0","0","0"
"00000584","벽송","00000071","228(구151화순사평)","20221003","2","0","0","0","2","0","0","0","0","0","0","0","0","0","0","0","0","0","0","0","0","0","0","0","0","0","0","0","0","0","0","0","0","0","0","0","0","0","0","0","0","0","0","0","0","0","0","0"
"00000588","벽파정","00000059","임곡89","20221003","0","0","0","0","0","0","0","0","0","0","0","0","0","0","0","0","0","0","0","0","0","0","0","0","0","0","0","0","0","0","0","0","0","0","0","0","0","0","0","0","0","0","0","0","0","0","0","0"
"00000589","보강","00000082","송정197","20221003","0","0","0","0","0","0","0","0","0","0","0","0","0","0","0","0","0","0","0","0","0","0","0","0","0","0","0","0","0","0","0","0","0","0","0","0","0","0","0","0","0","0","0","0","0","0","0","0"
"00000590","보건대후문","00000026","운림51","20221003","9","11","10","11","8","9","6","9","0","1","2","1","1","1","2","1","0","0","0","0","0","0","0","0","0","0","0","0","0","0","0","0","0","0","0","0","0","0","0","0","0","0","0","0","0","0","0","0"
"00000590","보건대후문","00000092","첨단40","20221003","0","1","0","1","0","1","0","1","0","0","0","0","0","0","0","0","0","0","0","0","0","0","0","0","0","0","0","0","0","0","0","0","0","0","0","0","0","0","0","0","0","0","0","0","0","0","0","0"
"00000591","보건대후문","00000026","운림51","20221003","0","0","0","0","0","0","0","0","0","0","0","0","0","0","0","0","0","0","4","0","0","0","4","0","0","0","0","0","0","0","0","0","0","0","0","0","0","0","0","0","0","0","0","0","0","0","0","0"
"00000591","보건대후문","00000064","첨단94","20221003","0","1","0","1","0","0","0","0","0","0","0","0","0","1","0","1","0","0","0","0","0","0","0","0","0","0","0","0","0","0","0","0","0","0","0","0","0","0","0","0","0","0","0","0","0","0","0","0"
"00000594","보훈병원후문","00000014","봉선27","20221003","5","11","8","11","5","8","8","8","0","0","0","0","0","3","0","3","0","0","0","0","0","0","0","0","0","0","0","0","0","0","0","0","0","1","0","1","0","1","0","1","0","0","0","0","0","0","0","0"
"00000594","보훈병원후문","00000092","첨단40","20221003","1","0","0","0","1","0","0","0","0","0","0","0","0","0","0","0","1","1","0","1","1","1","0","1","0","0","0","0","0","0","0","0","0","0","0","0","0","0","0","0","0","0","0","0","0","0","0","0"
"00000594","보훈병원후문","00000096","일곡10","20221003","2","2","2","2","2","2","2","2","0","0","0","0","0","0","0","0","2","0","0","0","2","0","0","0","0","0","0","0","0","0","0","0","0","1","1","1","0","1","0","1","0","0","0","0","0","0","1","0"
"00000595","보훈병원","00000007","매월16","20221003","0","0","0","0","0","0","0","0","0","0","0","0","0","0","0","0","0","2","0","2","0","2","0","2","0","0","0","0","0","0","0","0","0","1","0","1","0","0","0","0","0","0","0","0","0","1","0","1"
"00000595","보훈병원","00000014","봉선27","20221003","1","0","2","0","1","0","2","0","0","0","0","0","0","0","0","0","2","6","3","6","2","4","3","4","0","0","0","0","0","2","0","2","0","0","1","0","0","0","0","0","0","0","0","0","0","0","1","0"
"00000595","보훈병원","00000017","첨단30","20221003","2","8","1","8","2","8","1","8","0","0","0","0","0","0","0","0","0","0","0","0","0","0","0","0","0","0","0","0","0","0","0","0","5","3","2","3","5","2","2","2","0","0","0","0","0","1","0","1"
"00000595","보훈병원","00000026","운림51","20221003","0","0","0","0","0","0","0","0","0","0","0","0","0","0","0","0","1","5","7","5","1","5","5","5","0","0","0","0","0","0","2","0","1","0","1","0","1","0","1","0","0","0","0","0","0","0","0","0"
"00000595","보훈병원","00000092","첨단40","20221003","0","0","0","0","0","0","0","0","0","0","0","0","0","0","0","0","0","1","2","1","0","1","1","1","0","0","1","0","0","0","0","0","1","0","0","0","1","0","0","0","0","0","0","0","0","0","0","0"
"00000595","보훈병원","00000116","첨단22","20221003","1","2","1","2","1","2","1","2","0","0","0","0","0","0","0","0","0","0","0","0","0","0","0","0","0","0","0","0","0","0","0","0","3","3","3","3","3","3","3","3","0","0","0","0","0","0","0","0"
"00000595","보훈병원","00000203","마을700","20221003","0","1","3","1","0","1","3","1","0","0","0","0","0","0","0","0","0","0","1","0","0","0","1","0","0","0","0","0","0","0","0","0","0","5","3","5","0","4","2","4","0","0","1","0","0","1","0","1"
"00000598","보훈병원","00000007","매월16","20221003","3","1","3","1","3","1","3","1","0","0","0","0","0","0","0","0","0","0","0","0","0","0","0","0","0","0","0","0","0","0","0","0","2","2","2","2","1","1","2","1","0","0","0","0","1","1","0","1"
"00000598","보훈병원","00000014","봉선27","20221003","8","4","7","4","8","3","6","3","0","0","0","0","0","1","1","1","0","0","0","0","0","0","0","0","0","0","0","0","0","0","0","0","3","5","7","5","3","5","7","5","0","0","0","0","0","0","0","0"
"00000598","보훈병원","00000017","첨단30","20221003","1","0","1","0","1","0","0","0","0","0","1","0","0","0","0","0","2","0","4","0","2","0","4","0","0","0","0","0","0","0","0","0","0","0","0","0","0","0","0","0","0","0","0","0","0","0","0","0"
"00000598","보훈병원","00000026","운림51","20221003","4","6","2","6","4","6","2","6","0","0","0","0","0","0","0","0","0","0","0","0","0","0","0","0","0","0","0","0","0","0","0","0","5","4","2","4","4","3","1","3","1","0","0","0","0","1","1","1"
"00000598","보훈병원","00000092","첨단40","20221003","0","0","0","0","0","0","0","0","0","0","0","0","0","0","0","0","0","1","0","1","0","1","0","1","0","0","0","0","0","0","0","0","0","0","0","0","0","0","0","0","0","0","0","0","0","0","0","0"
"00000598","보훈병원","00000116","첨단22","20221003","0","0","0","0","0","0","0","0","0","0","0","0","0","0","0","0","1","1","2","1","1","1","0","1","0","0","0","0","0","0","2","0","0","1","0","1","0","1","0","1","0","0","0","0","0","0","0","0"
"00000598","보훈병원","00000203","마을700","20221003","1","0","0","0","1","0","0","0","0","0","0","0","0","0","0","0","1","0","1","0","1","0","1","0","0","0","0","0","0","0","0","0","1","1","0","1","1","1","0","1","0","0","0","0","0","0","0","0"
"00000599","보훈병원후문","00000014","봉선27","20221003","2","4","3","4","2","3","3","3","0","0","0","0","0","1","0","1","2","0","0","0","2","0","0","0","0","0","0","0","0","0","0","0","0","0","0","0","0","0","0","0","0","0","0","0","0","0","0","0"
"00000599","보훈병원후문","00000061","임곡91","20221003","0","0","0","0","0","0","0","0","0","0","0","0","0","0","0","0","0","0","0","0","0","0","0","0","0","0","0","0","0","0","0","0","0","0","0","0","0","0","0","0","0","0","0","0","0","0","0","0"
"00000599","보훈병원후문","00000092","첨단40","20221003","0","0","0","0","0","0","0","0","0","0","0","0","0","0","0","0","0","1","0","1","0","1","0","1","0","0","0","0","0","0","0","0","0","0","0","0","0","0","0","0","0","0","0","0","0","0","0","0"
"00000599","보훈병원후문","00000096","일곡10","20221003","3","3","0","3","3","3","0","3","0","0","0","0","0","0","0","0","0","2","1","2","0","1","1","1","0","0","0","0","0","1","0","1","0","1","0","1","0","1","0","1","0","0","0","0","0","0","0","0"
"00000600","광주기아챔피언스필드정문","00000007","매월16","20221003","0","1","0","1","0","1","0","1","0","0","0","0","0","0","0","0","0","0","1","0","0","0","1","0","0","0","0","0","0","0","0","0","0","0","0","0","0","0","0","0","0","0","0","0","0","0","0","0"
"00000601","광주기아챔피언스필드정문","00000007","매월16","20221003","1","0","0","0","1","0","0","0","0","0","0","0","0","0","0","0","0","0","1","0","0","0","1","0","0","0","0","0","0","0","0","0","0","0","0","0","0","0","0","0","0","0","0","0","0","0","0","0"
"00000602","복룡입구","00000017","첨단30","20221003","0","0","0","0","0","0","0","0","0","0","0","0","0","0","0","0","1","3","1","3","1","3","1","3","0","0","0","0","0","0","0","0","0","0","0","0","0","0","0","0","0","0","0","0","0","0","0","0"
"00000602","복룡입구","00000096","일곡10","20221003","0","0","0","0","0","0","0","0","0","0","0","0","0","0","0","0","2","0","1","0","2","0","1","0","0","0","0","0","0","0","0","0","0","0","0","0","0","0","0","0","0","0","0","0","0","0","0","0"
"00000602","복룡입구","00000117","첨단23","20221003","0","0","0","0","0","0","0","0","0","0","0","0","0","0","0","0","2","0","0","0","2","0","0","0","0","0","0","0","0","0","0","0","0","0","0","0","0","0","0","0","0","0","0","0","0","0","0","0"
"00000602","복룡입구","00000203","마을700","20221003","0","0","0","0","0","0","0","0","0","0","0","0","0","0","0","0","0","0","0","0","0","0","0","0","0","0","0","0","0","0","0","0","0","0","0","0","0","0","0","0","0","0","0","0","0","0","0","0"
"00000602","복룡입구","00000213","마을788","20221003","0","0","0","0","0","0","0","0","0","0","0","0","0","0","0","0","0","0","0","0","0","0","0","0","0","0","0","0","0","0","0","0","0","0","0","0","0","0","0","0","0","0","0","0","0","0","0","0"
"00000603","복룡입구","00000017","첨단30","20221003","1","11","4","11","1","9","3","9","0","1","0","1","0","1","1","1","0","0","0","0","0","0","0","0","0","0","0","0","0","0","0","0","0","0","0","0","0","0","0","0","0","0","0","0","0","0","0","0"
"00000603","복룡입구","00000096","일곡10","20221003","0","4","2","4","0","4","2","4","0","0","0","0","0","0","0","0","2","0","0","0","2","0","0","0","0","0","0","0","0","0","0","0","0","0","0","0","0","0","0","0","0","0","0","0","0","0","0","0"
"00000603","복룡입구","00000117","첨단23","20221003","4","7","4","7","4","7","4","7","0","0","0","0","0","0","0","0","0","0","2","0","0","0","2","0","0","0","0","0","0","0","0","0","0","0","0","0","0","0","0","0","0","0","0","0","0","0","0","0"
"00000603","복룡입구","00000203","마을700","20221003","2","1","0","1","2","0","0","0","0","0","0","0","0","1","0","1","3","0","3","0","3","0","3","0","0","0","0","0","0","0","0","0","0","1","0","1","0","1","0","1","0","0","0","0","0","0","0","0"
"00000603","복룡입구","00000213","마을788","20221003","3","1","5","1","2","1","3","1","0","0","0","0","1","0","2","0","0","0","0","0","0","0","0","0","0","0","0","0","0","0","0","0","1","0","0","0","1","0","0","0","0","0","0","0","0","0","0","0"
"00000604","시립장애인복지관","00000007","매월16","20221003","1","0","0","0","1","0","0","0","0","0","0","0","0","0","0","0","0","4","4","4","0","4","3","4","0","0","1","0","0","0","0","0","0","0","0","0","0","0","0","0","0","0","0","0","0","0","0","0"
"00000604","시립장애인복지관","00000014","봉선27","20221003","2","2","0","2","2","2","0","2","0","0","0","0","0","0","0","0","2","0","2","0","2","0","2","0","0","0","0","0","0","0","0","0","0","5","1","5","0","4","1","4","0","0","0","0","0","1","0","1"
"00000604","시립장애인복지관","00000016","송정29","20221003","8","4","4","4","8","4","4","4","0","0","0","0","0","0","0","0","0","0","1","0","0","0","1","0","0","0","0","0","0","0","0","0","0","0","1","0","0","0","1","0","0","0","0","0","0","0","0","0"
"00000604","시립장애인복지관","00000026","운림51","20221003","2","3","7","3","2","3","7","3","0","0","0","0","0","0","0","0","0","0","1","0","0","0","1","0","0","0","0","0","0","0","0","0","0","1","0","1","0","1","0","1","0","0","0","0","0","0","0","0"
"00000604","시립장애인복지관","00000043","송암72","20221003","1","5","2","5","1","4","2","4","0","1","0","1","0","0","0","0","0","1","0","1","0","1","0","1","0","0","0","0","0","0","0","0","0","0","0","0","0","0","0","0","0","0","0","0","0","0","0","0"
"00000604","시립장애인복지관","00000079","첨단192","20221003","0","0","1","0","0","0","1","0","0","0","0","0","0","0","0","0","0","0","0","0","0","0","0","0","0","0","0","0","0","0","0","0","0","0","0","0","0","0","0","0","0","0","0","0","0","0","0","0"
"00000604","시립장애인복지관","00000102","수완12","20221003","1","5","3","5","1","4","3","4","0","0","0","0","0","1","0","1","0","1","1","1","0","0","1","0","0","0","0","0","0","1","0","1","2","0","0","0","2","0","0","0","0","0","0","0","0","0","0","0"
"00000605","시립장애인복지관","00000007","매월16","20221003","9","5","4","5","8","1","4","1","0","2","0","2","1","2","0","2","1","0","0","0","1","0","0","0","0","0","0","0","0","0","0","0","0","0","1","0","0","0","1","0","0","0","0","0","0","0","0","0"
"00000605","시립장애인복지관","00000014","봉선27","20221003","16","11","9","11","15","10","7","10","0","0","2","0","1","1","0","1","0","3","2","3","0","3","2","3","0","0","0","0","0","0","0","0","0","1","0","1","0","0","0","0","0","0","0","0","0","1","0","1"
"00000605","시립장애인복지관","00000016","송정29","20221003","5","3","7","3","5","2","6","2","0","1","1","1","0","0","0","0","0","2","2","2","0","2","2","2","0","0","0","0","0","0","0","0","0","0","0","0","0","0","0","0","0","0","0","0","0","0","0","0"
"00000605","시립장애인복지관","00000026","운림51","20221003","8","17","15","17","8","13","15","13","0","3","0","3","0","1","0","1","0","0","2","0","0","0","1","0","0","0","0","0","0","0","1","0","0","1","2","1","0","1","2","1","0","0","0","0","0","0","0","0"
"00000605","시립장애인복지관","00000043","송암72","20221003","2","8","3","8","2","7","2","7","0","1","0","1","0","0","1","0","1","0","2","0","1","0","2","0","0","0","0","0","0","0","0","0","0","0","0","0","0","0","0","0","0","0","0","0","0","0","0","0"
"00000605","시립장애인복지관","00000079","첨단192","20221003","3","0","0","0","1","0","0","0","0","0","0","0","2","0","0","0","0","0","0","0","0","0","0","0","0","0","0","0","0","0","0","0","0","0","0","0","0","0","0","0","0","0","0","0","0","0","0","0"
"00000605","시립장애인복지관","00000102","수완12","20221003","5","10","3","10","3","9","3","9","0","0","0","0","2","1","0","1","0","0","1","0","0","0","1","0","0","0","0","0","0","0","0","0","1","1","0","1","1","1","0","1","0","0","0","0","0","0","0","0"
"00000606","본량삼거리","00000085","송정296","20221003","0","0","0","0","0","0","0","0","0","0","0","0","0","0","0","0","0","0","1","0","0","0","1","0","0","0","0","0","0","0","0","0","0","0","0","0","0","0","0","0","0","0","0","0","0","0","0","0"
"00000608","본량초교","00000060","임곡90","20221003","0","0","0","0","0","0","0","0","0","0","0","0","0","0","0","0","0","0","0","0","0","0","0","0","0","0","0","0","0","0","0","0","0","0","0","0","0","0","0","0","0","0","0","0","0","0","0","0"
"00000609","본량파출소","00000060","임곡90","20221003","1","0","4","0","1","0","4","0","0","0","0","0","0","0","0","0","0","0","0","0","0","0","0","0","0","0","0","0","0","0","0","0","0","0","0","0","0","0","0","0","0","0","0","0","0","0","0","0"
"00000610","오비맥주","00000017","첨단30","20221003","0","0","0","0","0","0","0","0","0","0","0","0","0","0","0","0","0","1","0","1","0","1","0","1","0","0","0","0","0","0","0","0","0","0","0","0","0","0","0","0","0","0","0","0","0","0","0","0"
"00000610","오비맥주","00000032","금남57","20221003","0","0","0","0","0","0","0","0","0","0","0","0","0","0","0","0","0","0","0","0","0","0","0","0","0","0","0","0","0","0","0","0","0","0","0","0","0","0","0","0","0","0","0","0","0","0","0","0"
"00000610","오비맥주","00000117","첨단23","20221003","0","1","0","1","0","1","0","1","0","0","0","0","0","0","0","0","0","0","0","0","0","0","0","0","0","0","0","0","0","0","0","0","0","0","0","0","0","0","0","0","0","0","0","0","0","0","0","0"
"00000611","오비맥주","00000017","첨단30","20221003","0","2","1","2","0","1","1","1","0","0","0","0","0","1","0","1","0","2","2","2","0","2","1","2","0","0","0","0","0","0","1","0","0","0","0","0","0","0","0","0","0","0","0","0","0","0","0","0"
"00000611","오비맥주","00000032","금남57","20221003","0","1","2","1","0","0","2","0","0","1","0","1","0","0","0","0","2","3","0","3","0","3","0","3","0","0","0","0","2","0","0","0","0","0","0","0","0","0","0","0","0","0","0","0","0","0","0","0"
"00000611","오비맥주","00000117","첨단23","20221003","0","3","0","3","0","3","0","3","0","0","0","0","0","0","0","0","0","2","0","2","0","2","0","2","0","0","0","0","0","0","0","0","0","0","0","0","0","0","0","0","0","0","0","0","0","0","0","0"
"00000611","오비맥주","00000213","마을788","20221003","0","0","1","0","0","0","1","0","0","0","0","0","0","0","0","0","2","2","0","2","2","2","0","2","0","0","0","0","0","0","0","0","0","0","0","0","0","0","0","0","0","0","0","0","0","0","0","0"
"00000613","봉선1동행정복지센터","00000034","금남59","20221003","7","3","2","3","7","1","2","1","0","0","0","0","0","2","0","2","0","0","2","0","0","0","2","0","0","0","0","0","0","0","0","0","0","0","0","0","0","0","0","0","0","0","0","0","0","0","0","0"
"00000614","봉선1동행정복지센터","00000034","금남59","20221003","5","21","8","21","5","20","8","20","0","0","0","0","0","1","0","1","0","1","0","1","0","1","0","1","0","0","0","0","0","0","0","0","0","0","0","0","0","0","0","0","0","0","0","0","0","0","0","0"
"00000614","봉선1동행정복지센터","00000047","봉선76","20221003","1","1","0","1","1","1","0","1","0","0","0","0","0","0","0","0","1","0","0","0","1","0","0","0","0","0","0","0","0","0","0","0","0","0","0","0","0","0","0","0","0","0","0","0","0","0","0","0"
"00000615","조봉초교","00000015","일곡28","20221003","0","8","5","8","0","5","3","5","0","1","0","1","0","2","2","2","1","4","2","4","1","3","2","3","0","0","0","0","0","1","0","1","0","0","0","0","0","0","0","0","0","0","0","0","0","0","0","0"
"00000615","조봉초교","00000047","봉선76","20221003","0","0","0","0","0","0","0","0","0","0","0","0","0","0","0","0","0","0","0","0","0","0","0","0","0","0","0","0","0","0","0","0","0","0","0","0","0","0","0","0","0","0","0","0","0","0","0","0"
"00000615","조봉초교","00000068","송정98","20221003","0","2","1","2","0","0","0","0","0","1","0","1","0","1","1","1","2","3","1","3","1","2","0","2","1","0","0","0","0","1","1","1","0","0","0","0","0","0","0","0","0","0","0","0","0","0","0","0"
"00000616","조봉초교","00000015","일곡28","20221003","7","37","51","37","5","11","26","11","0","3","6","3","2","23","19","23","0","0","5","0","0","0","4","0","0","0","0","0","0","0","1","0","0","0","3","0","0","0","3","0","0","0","0","0","0","0","0","0"
"00000616","조봉초교","00000047","봉선76","20221003","1","5","6","5","1","3","3","3","0","0","0","0","0","2","3","2","0","0","0","0","0","0","0","0","0","0","0","0","0","0","0","0","0","0","1","0","0","0","1","0","0","0","0","0","0","0","0","0"
"00000616","조봉초교","00000068","송정98","20221003","6","25","15","25","3","15","5","15","0","0","3","0","3","10","7","10","1","0","1","0","1","0","1","0","0","0","0","0","0","0","0","0","0","1","1","1","0","1","1","1","0","0","0","0","0","0","0","0"
"00000617","봉선라인아파트","00000014","봉선27","20221003","1","3","11","3","1","2","9","2","0","0","0","0","0","1","2","1","0","2","1","2","0","2","1","2","0","0","0","0","0","0","0","0","0","0","0","0","0","0","0","0","0","0","0","0","0","0","0","0"
"00000618","양림휴먼시아1차","00000001","순환01(시청행)","20221003","3","9","4","9","3","9","4","9","0","0","0","0","0","0","0","0","7","2","1","2","7","2","1","2","0","0","0","0","0","0","0","0","0","0","1","0","0","0","1","0","0","0","0","0","0","0","0","0"
"00000618","양림휴먼시아1차","00000008","진월17","20221003","14","7","5","7","14","5","5","5","0","0","0","0","0","2","0","2","1","3","2","3","1","3","2","3","0","0","0","0","0","0","0","0","0","0","0","0","0","0","0","0","0","0","0","0","0","0","0","0"
"00000618","양림휴먼시아1차","00000012","지원25","20221003","4","4","3","4","4","4","3","4","0","0","0","0","0","0","0","0","4","1","3","1","4","1","3","1","0","0","0","0","0","0","0","0","0","0","0","0","0","0","0","0","0","0","0","0","0","0","0","0"
"00000618","양림휴먼시아1차","00000014","봉선27","20221003","3","6","4","6","2","4","2","4","0","0","0","0","1","2","2","2","2","2","7","2","2","2","7","2","0","0","0","0","0","0","0","0","0","0","1","0","0","0","0","0","0","0","0","0","0","0","1","0"
"00000618","양림휴먼시아1차","00000034","금남59","20221003","0","0","3","0","0","0","3","0","0","0","0","0","0","0","0","0","0","2","4","2","0","2","3","2","0","0","0","0","0","0","1","0","0","3","0","3","0","3","0","3","0","0","0","0","0","0","0","0"
"00000618","양림휴먼시아1차","00000047","봉선76","20221003","0","0","0","0","0","0","0","0","0","0","0","0","0","0","0","0","0","0","0","0","0","0","0","0","0","0","0","0","0","0","0","0","0","0","0","0","0","0","0","0","0","0","0","0","0","0","0","0"
"00000618","양림휴먼시아1차","00000065","첨단95","20221003","1","2","5","2","1","2","5","2","0","0","0","0","0","0","0","0","0","0","0","0","0","0","0","0","0","0","0","0","0","0","0","0","0","0","0","0","0","0","0","0","0","0","0","0","0","0","0","0"
"00000618","양림휴먼시아1차","00000068","송정98","20221003","6","5","1","5","3","0","1","0","0","2","0","2","3","3","0","3","0","3","4","3","0","3","4","3","0","0","0","0","0","0","0","0","0","0","1","0","0","0","1","0","0","0","0","0","0","0","0","0"
"00000618","양림휴먼시아1차","00000119","지원56","20221003","4","7","0","7","4","7","0","7","0","0","0","0","0","0","0","0","0","0","0","0","0","0","0","0","0","0","0","0","0","0","0","0","0","0","0","0","0","0","0","0","0","0","0","0","0","0","0","0"
"00000619","양림휴먼시아1차","00000008","진월17","20221003","6","7","10","7","6","7","10","7","0","0","0","0","0","0","0","0","4","2","0","2","4","2","0","2","0","0","0","0","0","0","0","0","1","0","4","0","1","0","4","0","0","0","0","0","0","0","0","0"
"00000619","양림휴먼시아1차","00000012","지원25","20221003","7","1","4","1","7","1","3","1","0","0","0","0","0","0","1","0","1","4","8","4","1","3","7","3","0","0","0","0","0","1","1","1","0","0","0","0","0","0","0","0","0","0","0","0","0","0","0","0"
"00000619","양림휴먼시아1차","00000014","봉선27","20221003","6","3","7","3","6","1","6","1","0","0","0","0","0","2","1","2","0","0","0","0","0","0","0","0","0","0","0","0","0","0","0","0","0","0","1","0","0","0","0","0","0","0","0","0","0","0","1","0"
"00000619","양림휴먼시아1차","00000034","금남59","20221003","2","12","4","12","2","9","4","9","0","0","0","0","0","3","0","3","1","2","0","2","1","2","0","2","0","0","0","0","0","0","0","0","0","0","0","0","0","0","0","0","0","0","0","0","0","0","0","0"
"00000619","양림휴먼시아1차","00000047","봉선76","20221003","0","0","0","0","0","0","0","0","0","0","0","0","0","0","0","0","0","0","0","0","0","0","0","0","0","0","0","0","0","0","0","0","0","0","0","0","0","0","0","0","0","0","0","0","0","0","0","0"
"00000619","양림휴먼시아1차","00000065","첨단95","20221003","14","11","2","11","13","8","2","8","0","0","0","0","1","3","0","3","0","2","0","2","0","2","0","2","0","0","0","0","0","0","0","0","0","0","0","0","0","0","0","0","0","0","0","0","0","0","0","0"
"00000619","양림휴먼시아1차","00000068","송정98","20221003","4","16","5","16","4","15","4","15","0","0","0","0","0","1","1","1","1","1","0","1","1","1","0","1","0","0","0","0","0","0","0","0","0","0","0","0","0","0","0","0","0","0","0","0","0","0","0","0"
"00000619","양림휴먼시아1차","00000112","순환01(운천저수지)","20221003","7","4","6","4","7","4","6","4","0","0","0","0","0","0","0","0","1","2","0","2","1","2","0","2","0","0","0","0","0","0","0","0","0","0","0","0","0","0","0","0","0","0","0","0","0","0","0","0"
"00000619","양림휴먼시아1차","00000119","지원56","20221003","1","2","1","2","1","0","1","0","0","0","0","0","0","2","0","2","1","1","1","1","1","1","1","1","0","0","0","0","0","0","0","0","0","2","0","2","0","1","0","1","0","0","0","0","0","1","0","1"
"00000623","봉선삼익사거리","00000015","일곡28","20221003","3","11","6","11","2","6","5","6","0","1","0","1","1","4","1","4","0","2","2","2","0","2","2","2","0","0","0","0","0","0","0","0","0","0","0","0","0","0","0","0","0","0","0","0","0","0","0","0"
"00000623","봉선삼익사거리","00000019","봉선37","20221003","2","4","7","4","2","4","6","4","0","0","0","0","0","0","1","0","0","2","3","2","0","2","3","2","0","0","0","0","0","0","0","0","0","0","0","0","0","0","0","0","0","0","0","0","0","0","0","0"
"00000623","봉선삼익사거리","00000119","지원56","20221003","0","0","3","0","0","0","2","0","0","0","1","0","0","0","0","0","0","0","0","0","0","0","0","0","0","0","0","0","0","0","0","0","0","0","0","0","0","0","0","0","0","0","0","0","0","0","0","0"
"00000624","봉선삼익사거리","00000015","일곡28","20221003","7","9","22","9","6","8","17","8","0","0","0","0","1","1","5","1","0","2","2","2","0","2","2","2","0","0","0","0","0","0","0","0","0","1","0","1","0","1","0","1","0","0","0","0","0","0","0","0"
"00000624","봉선삼익사거리","00000019","봉선37","20221003","10","15","6","15","10","12","4","12","0","2","0","2","0","1","2","1","2","1","0","1","2","1","0","1","0","0","0","0","0","0","0","0","1","0","0","0","1","0","0","0","0","0","0","0","0","0","0","0"
"00000624","봉선삼익사거리","00000119","지원56","20221003","0","2","6","2","0","2","3","2","0","0","2","0","0","0","1","0","0","1","1","1","0","1","1","1","0","0","0","0","0","0","0","0","0","0","0","0","0","0","0","0","0","0","0","0","0","0","0","0"
"00000627","매곡대화아파트","00000029","운림54","20221003","61","90","52","90","59","69","46","69","0","5","0","5","2","16","6","16","0","0","1","0","0","0","1","0","0","0","0","0","0","0","0","0","0","0","0","0","0","0","0","0","0","0","0","0","0","0","0","0"
"00000627","매곡대화아파트","00000037","상무63","20221003","2","7","3","7","2","6","3","6","0","1","0","1","0","0","0","0","0","0","0","0","0","0","0","0","0","0","0","0","0","0","0","0","0","0","0","0","0","0","0","0","0","0","0","0","0","0","0","0"
"00000630","무양서원입구","00000005","첨단09","20221003","23","30","15","30","23","21","14","21","0","1","0","1","0","8","1","8","0","0","0","0","0","0","0","0","0","0","0","0","0","0","0","0","0","1","1","1","0","1","1","1","0","0","0","0","0","0","0","0"
"00000630","무양서원입구","00000017","첨단30","20221003","6","6","5","6","6","5","4","5","0","0","0","0","0","1","1","1","0","0","0","0","0","0","0","0","0","0","0","0","0","0","0","0","0","2","3","2","0","2","3","2","0","0","0","0","0","0","0","0"
"00000630","무양서원입구","00000062","첨단92","20221003","0","0","1","0","0","0","1","0","0","0","0","0","0","0","0","0","0","0","1","0","0","0","1","0","0","0","0","0","0","0","0","0","0","0","0","0","0","0","0","0","0","0","0","0","0","0","0","0"
"00000630","무양서원입구","00000096","일곡10","20221003","4","3","3","3","3","3","3","3","0","0","0","0","1","0","0","0","0","0","0","0","0","0","0","0","0","0","0","0","0","0","0","0","1","0","0","0","1","0","0","0","0","0","0","0","0","0","0","0"
"00000630","무양서원입구","00000116","첨단22","20221003","3","1","5","1","3","1","4","1","0","0","0","0","0","0","1","0","0","0","0","0","0","0","0","0","0","0","0","0","0","0","0","0","0","0","1","0","0","0","1","0","0","0","0","0","0","0","0","0"
"00000630","무양서원입구","00000195","마을720","20221003","1","5","2","5","1","4","2","4","0","1","0","1","0","0","0","0","0","0","0","0","0","0","0","0","0","0","0","0","0","0","0","0","0","0","0","0","0","0","0","0","0","0","0","0","0","0","0","0"
"00000630","무양서원입구","00000203","마을700","20221003","0","2","2","2","0","2","2","2","0","0","0","0","0","0","0","0","0","0","0","0","0","0","0","0","0","0","0","0","0","0","0","0","1","0","0","0","1","0","0","0","0","0","0","0","0","0","0","0"
"00000630","무양서원입구","00000213","마을788","20221003","0","0","0","0","0","0","0","0","0","0","0","0","0","0","0","0","1","0","0","0","1","0","0","0","0","0","0","0","0","0","0","0","0","0","0","0","0","0","0","0","0","0","0","0","0","0","0","0"
"00000631","무양서원입구","00000005","첨단09","20221003","0","3","0","3","0","2","0","2","0","1","0","1","0","0","0","0","4","5","5","5","4","3","5","3","0","2","0","2","0","0","0","0","0","0","0","0","0","0","0","0","0","0","0","0","0","0","0","0"
"00000631","무양서원입구","00000017","첨단30","20221003","0","0","2","0","0","0","2","0","0","0","0","0","0","0","0","0","1","3","6","3","1","2","5","2","0","0","1","0","0","1","0","1","0","0","0","0","0","0","0","0","0","0","0","0","0","0","0","0"
"00000631","무양서원입구","00000061","임곡91","20221003","0","1","0","1","0","1","0","1","0","0","0","0","0","0","0","0","0","0","0","0","0","0","0","0","0","0","0","0","0","0","0","0","0","0","0","0","0","0","0","0","0","0","0","0","0","0","0","0"
"00000631","무양서원입구","00000096","일곡10","20221003","2","5","2","5","2","5","2","5","0","0","0","0","0","0","0","0","3","2","0","2","3","2","0","2","0","0","0","0","0","0","0","0","0","0","0","0","0","0","0","0","0","0","0","0","0","0","0","0"
"00000631","무양서원입구","00000116","첨단22","20221003","0","0","0","0","0","0","0","0","0","0","0","0","0","0","0","0","0","3","0","3","0","3","0","3","0","0","0","0","0","0","0","0","0","0","1","0","0","0","1","0","0","0","0","0","0","0","0","0"
"00000631","무양서원입구","00000195","마을720","20221003","0","0","0","0","0","0","0","0","0","0","0","0","0","0","0","0","0","1","1","1","0","1","1","1","0","0","0","0","0","0","0","0","0","0","0","0","0","0","0","0","0","0","0","0","0","0","0","0"
"00000631","무양서원입구","00000203","마을700","20221003","2","0","0","0","2","0","0","0","0","0","0","0","0","0","0","0","0","2","1","2","0","1","1","1","0","0","0","0","0","1","0","1","0","0","1","0","0","0","1","0","0","0","0","0","0","0","0","0"
"00000631","무양서원입구","00000213","마을788","20221003","0","0","0","0","0","0","0","0","0","0","0","0","0","0","0","0","0","0","0","0","0","0","0","0","0","0","0","0","0","0","0","0","0","1","0","1","0","0","0","0","0","0","0","0","0","1","0","1"
"00000633","화순부영아파트","00000071","228(구151화순사평)","20221003","0","0","0","0","0","0","0","0","0","0","0","0","0","0","0","0","0","0","0","0","0","0","0","0","0","0","0","0","0","0","0","0","0","0","0","0","0","0","0","0","0","0","0","0","0","0","0","0"
"00000633","화순부영아파트","00000072","지원152(능주역)","20221003","0","0","0","0","0","0","0","0","0","0","0","0","0","0","0","0","0","0","0","0","0","0","0","0","0","0","0","0","0","0","0","0","0","0","0","0","0","0","0","0","0","0","0","0","0","0","0","0"
"00000633","화순부영아파트","00000122","228(화순전대병원)","20221003","0","0","0","0","0","0","0","0","0","0","0","0","0","0","0","0","0","0","0","0","0","0","0","0","0","0","0","0","0","0","0","0","0","0","0","0","0","0","0","0","0","0","0","0","0","0","0","0"
"00000633","화순부영아파트","00000123","지원152(도웅리)","20221003","0","0","0","0","0","0","0","0","0","0","0","0","0","0","0","0","0","0","0","0","0","0","0","0","0","0","0","0","0","0","0","0","0","0","0","0","0","0","0","0","0","0","0","0","0","0","0","0"
"00000634","마재부영아파트","00000008","진월17","20221003","2","1","5","1","2","1","5","1","0","0","0","0","0","0","0","0","0","2","0","2","0","2","0","2","0","0","0","0","0","0","0","0","1","0","1","0","1","0","1","0","0","0","0","0","0","0","0","0"
"00000634","마재부영아파트","00000013","매월26","20221003","0","0","0","0","0","0","0","0","0","0","0","0","0","0","0","0","1","1","1","1","1","1","1","1","0","0","0","0","0","0","0","0","0","0","0","0","0","0","0","0","0","0","0","0","0","0","0","0"
"00000634","마재부영아파트","00000023","지원45","20221003","3","3","4","3","3","3","4","3","0","0","0","0","0","0","0","0","0","1","5","1","0","1","3","1","0","0","2","0","0","0","0","0","0","1","1","1","0","1","0","1","0","0","0","0","0","0","1","0"
"00000634","마재부영아파트","00000035","매월61(칠석)","20221003","0","0","0","0","0","0","0","0","0","0","0","0","0","0","0","0","0","1","1","1","0","1","1","1","0","0","0","0","0","0","0","0","0","0","0","0","0","0","0","0","0","0","0","0","0","0","0","0"
"00000634","마재부영아파트","00000043","송암72","20221003","0","0","1","0","0","0","1","0","0","0","0","0","0","0","0","0","0","0","0","0","0","0","0","0","0","0","0","0","0","0","0","0","0","0","1","0","0","0","1","0","0","0","0","0","0","0","0","0"
"00000634","마재부영아파트","00000091","송암74","20221003","1","1","0","1","1","1","0","1","0","0","0","0","0","0","0","0","1","0","2","0","1","0","2","0","0","0","0","0","0","0","0","0","0","0","0","0","0","0","0","0","0","0","0","0","0","0","0","0"
"00000634","마재부영아파트","00000100","진월75","20221003","0","2","1","2","0","1","1","1","0","0","0","0","0","1","0","1","1","0","1","0","1","0","1","0","0","0","0","0","0","0","0","0","0","0","0","0","0","0","0","0","0","0","0","0","0","0","0","0"
"00000634","마재부영아파트","00000201","마을760","20221003","0","1","0","1","0","1","0","1","0","0","0","0","0","0","0","0","0","1","1","1","0","1","1","1","0","0","0","0","0","0","0","0","0","0","0","0","0","0","0","0","0","0","0","0","0","0","0","0"
"00000635","마재부영아파트","00000008","진월17","20221003","0","1","1","1","0","1","1","1","0","0","0","0","0","0","0","0","1","1","7","1","1","0","6","0","0","0","0","0","0","1","1","1","0","0","0","0","0","0","0","0","0","0","0","0","0","0","0","0"
"00000635","마재부영아파트","00000013","매월26","20221003","3","8","3","8","3","7","2","7","0","1","0","1","0","0","1","0","0","0","0","0","0","0","0","0","0","0","0","0","0","0","0","0","1","3","2","3","1","2","2","2","0","0","0","0","0","1","0","1"
"00000635","마재부영아파트","00000023","지원45","20221003","3","6","4","6","2","6","4","6","0","0","0","0","1","0","0","0","1","3","1","3","1","3","1","3","0","0","0","0","0","0","0","0","1","2","0","2","1","2","0","2","0","0","0","0","0","0","0","0"
"00000635","마재부영아파트","00000035","매월61(칠석)","20221003","0","0","2","0","0","0","0","0","0","0","2","0","0","0","0","0","0","0","0","0","0","0","0","0","0","0","0","0","0","0","0","0","0","0","0","0","0","0","0","0","0","0","0","0","0","0","0","0"
"00000635","마재부영아파트","00000043","송암72","20221003","3","3","0","3","3","3","0","3","0","0","0","0","0","0","0","0","1","0","0","0","1","0","0","0","0","0","0","0","0","0","0","0","0","0","0","0","0","0","0","0","0","0","0","0","0","0","0","0"
"00000635","마재부영아파트","00000048","진월77","20221003","0","0","0","0","0","0","0","0","0","0","0","0","0","0","0","0","0","1","0","1","0","1","0","1","0","0","0","0","0","0","0","0","0","0","0","0","0","0","0","0","0","0","0","0","0","0","0","0"
"00000635","마재부영아파트","00000083","대촌270","20221003","0","1","0","1","0","0","0","0","0","0","0","0","0","1","0","1","0","0","0","0","0","0","0","0","0","0","0","0","0","0","0","0","0","0","0","0","0","0","0","0","0","0","0","0","0","0","0","0"
"00000635","마재부영아파트","00000091","송암74","20221003","1","1","3","1","1","1","2","1","0","0","0","0","0","0","1","0","1","1","0","1","1","1","0","1","0","0","0","0","0","0","0","0","0","0","0","0","0","0","0","0","0","0","0","0","0","0","0","0"
"00000635","마재부영아파트","00000100","진월75","20221003","3","0","0","0","3","0","0","0","0","0","0","0","0","0","0","0","0","2","2","2","0","1","0","1","0","0","0","0","0","1","2","1","0","0","0","0","0","0","0","0","0","0","0","0","0","0","0","0"
"00000635","마재부영아파트","00000201","마을760","20221003","2","1","2","1","2","0","2","0","0","0","0","0","0","1","0","1","0","0","0","0","0","0","0","0","0","0","0","0","0","0","0","0","0","0","0","0","0","0","0","0","0","0","0","0","0","0","0","0"
"00000639","서림초교입구","00000087","1187","20221003","3","1","1","1","3","1","1","1","0","0","0","0","0","0","0","0","0","0","0","0","0","0","0","0","0","0","0","0","0","0","0","0","0","0","0","0","0","0","0","0","0","0","0","0","0","0","0","0"
"00000640","서림초교입구","00000087","1187","20221003","6","2","0","2","5","2","0","2","0","0","0","0","1","0","0","0","0","3","0","3","0","3","0","3","0","0","0","0","0","0","0","0","0","0","0","0","0","0","0","0","0","0","0","0","0","0","0","0"
"00000641","오치1동행정복지센터","00000006","지원15","20221003","0","1","0","1","0","1","0","1","0","0","0","0","0","0","0","0","0","0","1","0","0","0","1","0","0","0","0","0","0","0","0","0","0","1","0","1","0","1","0","1","0","0","0","0","0","0","0","0"
"00000641","오치1동행정복지센터","00000015","일곡28","20221003","0","0","1","0","0","0","1","0","0","0","0","0","0","0","0","0","4","2","0","2","4","2","0","2","0","0","0","0","0","0","0","0","0","0","0","0","0","0","0","0","0","0","0","0","0","0","0","0"
"00000641","오치1동행정복지센터","00000057","용전86","20221003","1","0","0","0","1","0","0","0","0","0","0","0","0","0","0","0","0","1","0","1","0","1","0","1","0","0","0","0","0","0","0","0","0","0","0","0","0","0","0","0","0","0","0","0","0","0","0","0"
"00000641","오치1동행정복지센터","00000077","용전184","20221003","0","0","0","0","0","0","0","0","0","0","0","0","0","0","0","0","0","0","0","0","0","0","0","0","0","0","0","0","0","0","0","0","0","0","0","0","0","0","0","0","0","0","0","0","0","0","0","0"
"00000642","북구청","00000010","송정19","20221003","6","14","12","14","6","12","12","12","0","0","0","0","0","2","0","2","0","2","2","2","0","2","2","2","0","0","0","0","0","0","0","0","0","0","0","0","0","0","0","0","0","0","0","0","0","0","0","0"
"00000642","북구청","00000014","봉선27","20221003","2","6","32","6","1","5","28","5","0","0","1","0","1","1","3","1","3","1","6","1","3","1","6","1","0","0","0","0","0","0","0","0","1","6","5","6","1","6","5","6","0","0","0","0","0","0","0","0"
"00000642","북구청","00000015","일곡28","20221003","3","7","27","7","3","7","21","7","0","0","0","0","0","0","6","0","1","2","3","2","1","2","3","2","0","0","0","0","0","0","0","0","2","2","5","2","2","2","5","2","0","0","0","0","0","0","0","0"
"00000642","북구청","00000020","일곡38","20221003","1","3","8","3","1","3","7","3","0","0","0","0","0","0","1","0","0","0","1","0","0","0","1","0","0","0","0","0","0","0","0","0","2","0","0","0","1","0","0","0","0","0","0","0","1","0","0","0"
"00000642","북구청","00000030","금남55","20221003","0","1","13","1","0","1","5","1","0","0","3","0","0","0","5","0","1","1","3","1","1","1","2","1","0","0","0","0","0","0","1","0","0","2","1","2","0","2","1","2","0","0","0","0","0","0","0","0"
"00000642","북구청","00000051","문흥80","20221003","2","5","3","5","2","4","2","4","0","0","0","0","0","1","1","1","0","0","0","0","0","0","0","0","0","0","0","0","0","0","0","0","0","0","0","0","0","0","0","0","0","0","0","0","0","0","0","0"
"00000642","북구청","00000054","용봉83","20221003","1","1","2","1","1","0","1","0","0","0","0","0","0","1","1","1","0","4","5","4","0","4","4","4","0","0","0","0","0","0","1","0","1","0","0","0","1","0","0","0","0","0","0","0","0","0","0","0"
"00000642","북구청","00000086","518","20221003","3","4","5","4","3","4","2","4","0","0","0","0","0","0","3","0","0","0","1","0","0","0","1","0","0","0","0","0","0","0","0","0","0","0","1","0","0","0","1","0","0","0","0","0","0","0","0","0"
"00000642","북구청","00000106","두암81(무등파크)","20221003","1","2","2","2","1","2","1","2","0","0","0","0","0","0","1","0","0","1","1","1","0","1","1","1","0","0","0","0","0","0","0","0","1","0","0","0","1","0","0","0","0","0","0","0","0","0","0","0"
"00000642","북구청","00000130","두암81","20221003","0","3","0","3","0","3","0","3","0","0","0","0","0","0","0","0","1","0","0","0","1","0","0","0","0","0","0","0","0","0","0","0","0","0","0","0","0","0","0","0","0","0","0","0","0","0","0","0"
"00000642","북구청","00000213","마을788","20221003","0","2","5","2","0","2","4","2","0","0","0","0","0","0","1","0","0","2","1","2","0","2","1","2","0","0","0","0","0","0","0","0","0","0","2","0","0","0","2","0","0","0","0","0","0","0","0","0"
"00000643","북구청","00000010","송정19","20221003","0","3","1","3","0","3","1","3","0","0","0","0","0","0","0","0","1","3","1","3","1","3","1","3","0","0","0","0","0","0","0","0","1","0","0","0","1","0","0","0","0","0","0","0","0","0","0","0"
"00000643","북구청","00000014","봉선27","20221003","6","18","37","18","6","16","33","16","0","0","0","0","0","2","4","2","4","2","11","2","3","2","11","2","0","0","0","0","1","0","0","0","3","1","2","1","3","1","2","1","0","0","0","0","0","0","0","0"
"00000643","북구청","00000015","일곡28","20221003","1","1","4","1","1","1","3","1","0","0","0","0","0","0","1","0","1","4","3","4","1","2","3","2","0","0","0","0","0","2","0","2","0","1","3","1","0","1","3","1","0","0","0","0","0","0","0","0"
"00000643","북구청","00000020","일곡38","20221003","4","3","1","3","4","3","1","3","0","0","0","0","0","0","0","0","3","5","5","5","3","5","5","5","0","0","0","0","0","0","0","0","0","0","0","0","0","0","0","0","0","0","0","0","0","0","0","0"
"00000643","북구청","00000030","금남55","20221003","1","3","4","3","1","3","4","3","0","0","0","0","0","0","0","0","2","3","2","3","2","3","2","3","0","0","0","0","0","0","0","0","0","0","0","0","0","0","0","0","0","0","0","0","0","0","0","0"
"00000643","북구청","00000051","문흥80","20221003","3","2","6","2","3","2","3","2","0","0","0","0","0","0","3","0","0","1","1","1","0","1","1","1","0","0","0","0","0","0","0","0","1","0","0","0","1","0","0","0","0","0","0","0","0","0","0","0"
"00000643","북구청","00000052","두암81(각화초교)","20221003","1","0","0","0","1","0","0","0","0","0","0","0","0","0","0","0","0","0","0","0","0","0","0","0","0","0","0","0","0","0","0","0","0","0","0","0","0","0","0","0","0","0","0","0","0","0","0","0"
"00000643","북구청","00000054","용봉83","20221003","0","1","5","1","0","1","3","1","0","0","2","0","0","0","0","0","0","1","1","1","0","1","1","1","0","0","0","0","0","0","0","0","0","0","1","0","0","0","1","0","0","0","0","0","0","0","0","0"
"00000643","북구청","00000086","518","20221003","0","6","4","6","0","6","4","6","0","0","0","0","0","0","0","0","0","0","1","0","0","0","1","0","0","0","0","0","0","0","0","0","0","0","1","0","0","0","1","0","0","0","0","0","0","0","0","0"
"00000643","북구청","00000129","두암81(장등동)","20221003","0","2","0","2","0","1","0","1","0","0","0","0","0","1","0","1","0","0","0","0","0","0","0","0","0","0","0","0","0","0","0","0","0","0","0","0","0","0","0","0","0","0","0","0","0","0","0","0"
"00000643","북구청","00000213","마을788","20221003","1","1","0","1","1","1","0","1","0","0","0","0","0","0","0","0","0","0","0","0","0","0","0","0","0","0","0","0","0","0","0","0","0","0","0","0","0","0","0","0","0","0","0","0","0","0","0","0"
"00000644","북구보건소","00000031","419","20221003","0","1","0","1","0","1","0","1","0","0","0","0","0","0","0","0","0","2","0","2","0","2","0","2","0","0","0","0","0","0","0","0","0","0","0","0","0","0","0","0","0","0","0","0","0","0","0","0"
"00000644","북구보건소","00000052","두암81(각화초교)","20221003","0","0","0","0","0","0","0","0","0","0","0","0","0","0","0","0","0","0","0","0","0","0","0","0","0","0","0","0","0","0","0","0","0","0","0","0","0","0","0","0","0","0","0","0","0","0","0","0"
"00000644","북구보건소","00000086","518","20221003","0","1","0","1","0","1","0","1","0","0","0","0","0","0","0","0","0","1","2","1","0","1","2","1","0","0","0","0","0","0","0","0","0","0","0","0","0","0","0","0","0","0","0","0","0","0","0","0"
"00000644","북구보건소","00000129","두암81(장등동)","20221003","0","1","0","1","0","1","0","1","0","0","0","0","0","0","0","0","0","1","0","1","0","0","0","0","0","0","0","0","0","1","0","1","0","0","0","0","0","0","0","0","0","0","0","0","0","0","0","0"
"00000645","북구보건소","00000031","419","20221003","0","0","0","0","0","0","0","0","0","0","0","0","0","0","0","0","0","0","0","0","0","0","0","0","0","0","0","0","0","0","0","0","0","0","0","0","0","0","0","0","0","0","0","0","0","0","0","0"
"00000645","북구보건소","00000086","518","20221003","1","0","1","0","1","0","0","0","0","0","0","0","0","0","1","0","0","0","1","0","0","0","1","0","0","0","0","0","0","0","0","0","0","0","0","0","0","0","0","0","0","0","0","0","0","0","0","0"
"00000645","북구보건소","00000106","두암81(무등파크)","20221003","0","0","0","0","0","0","0","0","0","0","0","0","0","0","0","0","0","0","0","0","0","0","0","0","0","0","0","0","0","0","0","0","0","0","0","0","0","0","0","0","0","0","0","0","0","0","0","0"
"00000645","북구보건소","00000130","두암81","20221003","1","0","0","0","1","0","0","0","0","0","0","0","0","0","0","0","0","0","0","0","0","0","0","0","0","0","0","0","0","0","0","0","0","0","0","0","0","0","0","0","0","0","0","0","0","0","0","0"
"00000646","북부경찰서","00000004","진월07","20221003","18","51","35","51","17","31","34","31","0","5","0","5","1","15","1","15","5","7","5","7","5","7","4","7","0","0","0","0","0","0","1","0","8","24","11","24","8","17","8","17","0","2","0","2","0","5","3","5"
"00000646","북부경찰서","00000020","일곡38","20221003","2","6","5","6","2","6","4","6","0","0","1","0","0","0","0","0","0","1","2","1","0","1","1","1","0","0","0","0","0","0","1","0","2","3","1","3","2","3","0","3","0","0","0","0","0","0","1","0"
"00000646","북부경찰서","00000029","운림54","20221003","44","38","35","38","44","36","32","36","0","0","1","0","0","2","2","2","4","21","7","21","4","12","5","12","0","3","0","3","0","6","2","6","19","29","11","29","17","27","11","27","0","0","0","0","2","2","0","2"
"00000646","북부경찰서","00000117","첨단23","20221003","5","8","4","8","4","7","3","7","0","0","1","0","1","1","0","1","2","4","4","4","2","4","3","4","0","0","0","0","0","0","1","0","2","3","2","3","2","3","2","3","0","0","0","0","0","0","0","0"
"00000646","북부경찰서","00000118","문흥53","20221003","1","1","6","1","1","1","4","1","0","0","0","0","0","0","2","0","2","1","1","1","2","1","0","1","0","0","0","0","0","0","1","0","1","0","3","0","1","0","3","0","0","0","0","0","0","0","0","0"
"00000646","북부경찰서","00000213","마을788","20221003","1","7","3","7","1","6","2","6","0","1","0","1","0","0","1","0","1","2","0","2","1","2","0","2","0","0","0","0","0","0","0","0","0","0","0","0","0","0","0","0","0","0","0","0","0","0","0","0"
"00000647","북부경찰서","00000004","진월07","20221003","8","8","6","8","8","8","5","8","0","0","0","0","0","0","1","0","5","10","22","10","5","9","16","9","0","0","4","0","0","1","2","1","5","13","8","13","5","8","8","8","0","2","0","2","0","3","0","3"
"00000647","북부경찰서","00000020","일곡38","20221003","2","1","1","1","2","1","1","1","0","0","0","0","0","0","0","0","2","1","5","1","2","1","4","1","0","0","0","0","0","0","1","0","3","4","3","4","3","3","2","3","0","0","0","0","0","1","1","1"
"00000647","북부경찰서","00000029","운림54","20221003","3","2","7","2","3","1","3","1","0","0","2","0","0","1","2","1","10","12","25","12","10","12","19","12","0","0","0","0","0","0","6","0","5","11","29","11","5","9","20","9","0","2","2","2","0","0","7","0"
"00000647","북부경찰서","00000117","첨단23","20221003","2","4","2","4","2","4","2","4","0","0","0","0","0","0","0","0","1","3","7","3","1","2","7","2","0","0","0","0","0","1","0","1","2","6","8","6","2","6","7","6","0","0","0","0","0","0","1","0"
"00000647","북부경찰서","00000118","문흥53","20221003","8","6","2","6","8","6","2","6","0","0","0","0","0","0","0","0","7","4","1","4","6","4","1","4","0","0","0","0","1","0","0","0","0","1","1","1","0","1","1","1","0","0","0","0","0","0","0","0"
"00000647","북부경찰서","00000213","마을788","20221003","0","0","0","0","0","0","0","0","0","0","0","0","0","0","0","0","0","0","0","0","0","0","0","0","0","0","0","0","0","0","0","0","0","1","5","1","0","1","5","1","0","0","0","0","0","0","0","0"
"00000648","북성","00000060","임곡90","20221003","1","0","0","0","1","0","0","0","0","0","0","0","0","0","0","0","0","0","0","0","0","0","0","0","0","0","0","0","0","0","0","0","0","0","0","0","0","0","0","0","0","0","0","0","0","0","0","0"
"00000649","남면보건지소","00000079","첨단192","20221003","0","0","0","0","0","0","0","0","0","0","0","0","0","0","0","0","0","0","0","0","0","0","0","0","0","0","0","0","0","0","0","0","0","0","0","0","0","0","0","0","0","0","0","0","0","0","0","0"
"00000650","비시동","00000059","임곡89","20221003","0","0","0","0","0","0","0","0","0","0","0","0","0","0","0","0","1","0","0","0","1","0","0","0","0","0","0","0","0","0","0","0","0","0","0","0","0","0","0","0","0","0","0","0","0","0","0","0"
"00000652","비아농협","00000011","첨단20","20221003","5","9","5","9","5","9","5","9","0","0","0","0","0","0","0","0","0","0","0","0","0","0","0","0","0","0","0","0","0","0","0","0","1","1","1","1","1","1","1","1","0","0","0","0","0","0","0","0"
"00000652","비아농협","00000062","첨단92","20221003","0","0","2","0","0","0","2","0","0","0","0","0","0","0","0","0","0","0","0","0","0","0","0","0","0","0","0","0","0","0","0","0","0","0","0","0","0","0","0","0","0","0","0","0","0","0","0","0"
"00000652","비아농협","00000079","첨단192","20221003","0","0","0","0","0","0","0","0","0","0","0","0","0","0","0","0","0","0","1","0","0","0","0","0","0","0","0","0","0","0","1","0","0","0","0","0","0","0","0","0","0","0","0","0","0","0","0","0"
"00000654","산월초교입구","00000014","봉선27","20221003","9","8","2","8","8","6","2","6","0","0","0","0","1","2","0","2","0","0","0","0","0","0","0","0","0","0","0","0","0","0","0","0","0","0","0","0","0","0","0","0","0","0","0","0","0","0","0","0"
"00000654","산월초교입구","00000062","첨단92","20221003","0","0","0","0","0","0","0","0","0","0","0","0","0","0","0","0","0","0","0","0","0","0","0","0","0","0","0","0","0","0","0","0","0","0","0","0","0","0","0","0","0","0","0","0","0","0","0","0"
"00000654","산월초교입구","00000079","첨단192","20221003","1","0","0","0","1","0","0","0","0","0","0","0","0","0","0","0","0","0","0","0","0","0","0","0","0","0","0","0","0","0","0","0","0","0","0","0","0","0","0","0","0","0","0","0","0","0","0","0"
"00000654","산월초교입구","00000092","첨단40","20221003","0","2","2","2","0","2","2","2","0","0","0","0","0","0","0","0","0","0","0","0","0","0","0","0","0","0","0","0","0","0","0","0","0","0","0","0","0","0","0","0","0","0","0","0","0","0","0","0"
"00000655","산월초교입구","00000014","봉선27","20221003","3","0","0","0","3","0","0","0","0","0","0","0","0","0","0","0","1","1","4","1","1","1","4","1","0","0","0","0","0","0","0","0","0","0","0","0","0","0","0","0","0","0","0","0","0","0","0","0"
"00000655","산월초교입구","00000062","첨단92","20221003","0","0","0","0","0","0","0","0","0","0","0","0","0","0","0","0","0","0","0","0","0","0","0","0","0","0","0","0","0","0","0","0","0","0","0","0","0","0","0","0","0","0","0","0","0","0","0","0"
"00000655","산월초교입구","00000079","첨단192","20221003","0","0","0","0","0","0","0","0","0","0","0","0","0","0","0","0","1","0","0","0","1","0","0","0","0","0","0","0","0","0","0","0","0","0","0","0","0","0","0","0","0","0","0","0","0","0","0","0"
"00000655","산월초교입구","00000092","첨단40","20221003","0","1","4","1","0","1","4","1","0","0","0","0","0","0","0","0","0","0","0","0","0","0","0","0","0","0","0","0","0","0","0","0","0","0","0","0","0","0","0","0","0","0","0","0","0","0","0","0"
"00000658","첨단금호아파트","00000011","첨단20","20221003","1","0","5","0","1","0","3","0","0","0","0","0","0","0","2","0","0","0","0","0","0","0","0","0","0","0","0","0","0","0","0","0","0","2","0","2","0","1","0","1","0","0","0","0","0","1","0","1"
"00000658","첨단금호아파트","00000117","첨단23","20221003","0","0","0","0","0","0","0","0","0","0","0","0","0","0","0","0","0","1","0","1","0","1","0","1","0","0","0","0","0","0","0","0","0","0","0","0","0","0","0","0","0","0","0","0","0","0","0","0"
"00000659","비아중","00000011","첨단20","20221003","0","2","0","2","0","1","0","1","0","0","0","0","0","1","0","1","0","0","2","0","0","0","1","0","0","0","1","0","0","0","0","0","0","0","0","0","0","0","0","0","0","0","0","0","0","0","0","0"
"00000659","비아중","00000203","마을700","20221003","0","2","1","2","0","1","1","1","0","0","0","0","0","1","0","1","3","1","0","1","3","1","0","1","0","0","0","0","0","0","0","0","0","0","0","0","0","0","0","0","0","0","0","0","0","0","0","0"
"00000662","비아119안전센터(서)","00000011","첨단20","20221003","0","7","4","7","0","7","4","7","0","0","0","0","0","0","0","0","0","1","0","1","0","1","0","1","0","0","0","0","0","0","0","0","0","0","0","0","0","0","0","0","0","0","0","0","0","0","0","0"
"00000662","비아119안전센터(서)","00000061","임곡91","20221003","0","0","0","0","0","0","0","0","0","0","0","0","0","0","0","0","0","0","0","0","0","0","0","0","0","0","0","0","0","0","0","0","0","0","0","0","0","0","0","0","0","0","0","0","0","0","0","0"
"00000662","비아119안전센터(서)","00000064","첨단94","20221003","0","0","0","0","0","0","0","0","0","0","0","0","0","0","0","0","0","0","0","0","0","0","0","0","0","0","0","0","0","0","0","0","0","0","0","0","0","0","0","0","0","0","0","0","0","0","0","0"
"00000662","비아119안전센터(서)","00000203","마을700","20221003","1","1","6","1","1","1","6","1","0","0","0","0","0","0","0","0","0","0","0","0","0","0","0","0","0","0","0","0","0","0","0","0","1","0","0","0","1","0","0","0","0","0","0","0","0","0","0","0"
"00000663","비아119안전센터(서)","00000011","첨단20","20221003","0","0","0","0","0","0","0","0","0","0","0","0","0","0","0","0","0","1","1","1","0","1","1","1","0","0","0","0","0","0","0","0","0","0","0","0","0","0","0","0","0","0","0","0","0","0","0","0"
"00000663","비아119안전센터(서)","00000061","임곡91","20221003","0","1","0","1","0","1","0","1","0","0","0","0","0","0","0","0","0","0","0","0","0","0","0","0","0","0","0","0","0","0","0","0","0","0","0","0","0","0","0","0","0","0","0","0","0","0","0","0"
"00000663","비아119안전센터(서)","00000062","첨단92","20221003","0","0","0","0","0","0","0","0","0","0","0","0","0","0","0","0","0","0","0","0","0","0","0","0","0","0","0","0","0","0","0","0","0","0","0","0","0","0","0","0","0","0","0","0","0","0","0","0"
"00000663","비아119안전센터(서)","00000203","마을700","20221003","1","0","1","0","1","0","0","0","0","0","0","0","0","0","1","0","1","0","2","0","1","0","2","0","0","0","0","0","0","0","0","0","0","0","0","0","0","0","0","0","0","0","0","0","0","0","0","0"
"00000664","화순사평","00000071","228(구151화순사평)","20221003","0","0","0","0","0","0","0","0","0","0","0","0","0","0","0","0","0","0","0","0","0","0","0","0","0","0","0","0","0","0","0","0","0","0","0","0","0","0","0","0","0","0","0","0","0","0","0","0"
"00000668","사평초교","00000071","228(구151화순사평)","20221003","0","0","0","0","0","0","0","0","0","0","0","0","0","0","0","0","0","0","0","0","0","0","0","0","0","0","0","0","0","0","0","0","0","0","0","0","0","0","0","0","0","0","0","0","0","0","0","0"
"00000669","산동교","00000007","매월16","20221003","1","0","0","0","1","0","0","0","0","0","0","0","0","0","0","0","0","0","1","0","0","0","1","0","0","0","0","0","0","0","0","0","0","0","0","0","0","0","0","0","0","0","0","0","0","0","0","0"
"00000669","산동교","00000014","봉선27","20221003","0","1","0","1","0","1","0","1","0","0","0","0","0","0","0","0","0","0","0","0","0","0","0","0","0","0","0","0","0","0","0","0","0","0","0","0","0","0","0","0","0","0","0","0","0","0","0","0"
"00000669","산동교","00000016","송정29","20221003","0","0","0","0","0","0","0","0","0","0","0","0","0","0","0","0","1","1","1","1","1","1","1","1","0","0","0","0","0","0","0","0","0","0","0","0","0","0","0","0","0","0","0","0","0","0","0","0"
"00000669","산동교","00000026","운림51","20221003","0","0","0","0","0","0","0","0","0","0","0","0","0","0","0","0","1","0","1","0","1","0","1","0","0","0","0","0","0","0","0","0","0","0","0","0","0","0","0","0","0","0","0","0","0","0","0","0"
"00000669","산동교","00000043","송암72","20221003","0","0","0","0","0","0","0","0","0","0","0","0","0","0","0","0","0","1","0","1","0","1","0","1","0","0","0","0","0","0","0","0","0","0","0","0","0","0","0","0","0","0","0","0","0","0","0","0"
"00000669","산동교","00000102","수완12","20221003","1","0","0","0","0","0","0","0","0","0","0","0","1","0","0","0","1","1","0","1","1","1","0","1","0","0","0","0","0","0","0","0","0","0","0","0","0","0","0","0","0","0","0","0","0","0","0","0"
"00000670","산수보건소","00000060","임곡90","20221003","3","1","0","1","3","0","0","0","0","1","0","1","0","0","0","0","0","0","0","0","0","0","0","0","0","0","0","0","0","0","0","0","0","0","0","0","0","0","0","0","0","0","0","0","0","0","0","0"
"00000671","산수시장","00000087","1187","20221003","4","3","0","3","4","3","0","3","0","0","0","0","0","0","0","0","0","0","3","0","0","0","2","0","0","0","0","0","0","0","1","0","7","8","0","8","7","8","0","8","0","0","0","0","0","0","0","0"
"00000671","산수시장","00000097","1187-1","20221003","4","10","0","10","4","9","0","9","0","1","0","1","0","0","0","0","0","0","0","0","0","0","0","0","0","0","0","0","0","0","0","0","16","3","0","3","15","3","0","3","0","0","0","0","1","0","0","0"
"00000672","산수동우체국","00000030","금남55","20221003","2","0","1","0","2","0","1","0","0","0","0","0","0","0","0","0","0","0","0","0","0","0","0","0","0","0","0","0","0","0","0","0","0","1","0","1","0","1","0","1","0","0","0","0","0","0","0","0"
"00000673","산수시장","00000087","1187","20221003","2","2","0","2","2","2","0","2","0","0","0","0","0","0","0","0","2","3","1","3","2","3","1","3","0","0","0","0","0","0","0","0","0","0","0","0","0","0","0","0","0","0","0","0","0","0","0","0"
"00000673","산수시장","00000097","1187-1","20221003","0","0","0","0","0","0","0","0","0","0","0","0","0","0","0","0","0","2","4","2","0","2","4","2","0","0","0","0","0","0","0","0","0","0","0","0","0","0","0","0","0","0","0","0","0","0","0","0"
"00000675","산수동우체국","00000030","금남55","20221003","2","1","1","1","2","1","1","1","0","0","0","0","0","0","0","0","0","1","0","1","0","1","0","1","0","0","0","0","0","0","0","0","0","0","1","0","0","0","1","0","0","0","0","0","0","0","0","0"
"00000676","산수2동행정복지센터","00000008","진월17","20221003","4","3","3","3","4","3","3","3","0","0","0","0","0","0","0","0","1","0","0","0","1","0","0","0","0","0","0","0","0","0","0","0","0","0","0","0","0","0","0","0","0","0","0","0","0","0","0","0"
"00000676","산수2동행정복지센터","00000018","운림35","20221003","3","3","4","3","3","3","4","3","0","0","0","0","0","0","0","0","0","0","1","0","0","0","1","0","0","0","0","0","0","0","0","0","0","0","0","0","0","0","0","0","0","0","0","0","0","0","0","0"
"00000676","산수2동행정복지센터","00000088","금호36","20221003","2","3","2","3","2","3","2","3","0","0","0","0","0","0","0","0","0","0","1","0","0","0","0","0","0","0","0","0","0","0","1","0","0","1","0","1","0","1","0","1","0","0","0","0","0","0","0","0"
"00000677","산업인력공단","00000005","첨단09","20221003","2","9","5","9","2","9","5","9","0","0","0","0","0","0","0","0","0","1","1","1","0","1","1","1","0","0","0","0","0","0","0","0","0","0","0","0","0","0","0","0","0","0","0","0","0","0","0","0"
"00000677","산업인력공단","00000092","첨단40","20221003","0","1","0","1","0","1","0","1","0","0","0","0","0","0","0","0","0","0","0","0","0","0","0","0","0","0","0","0","0","0","0","0","0","0","0","0","0","0","0","0","0","0","0","0","0","0","0","0"
"00000678","산업인력공단","00000005","첨단09","20221003","0","0","0","0","0","0","0","0","0","0","0","0","0","0","0","0","2","0","1","0","2","0","1","0","0","0","0","0","0","0","0","0","0","0","0","0","0","0","0","0","0","0","0","0","0","0","0","0"
"00000678","산업인력공단","00000061","임곡91","20221003","0","0","0","0","0","0","0","0","0","0","0","0","0","0","0","0","0","0","1","0","0","0","1","0","0","0","0","0","0","0","0","0","0","0","0","0","0","0","0","0","0","0","0","0","0","0","0","0"
"00000679","살레시오고","00000004","진월07","20221003","0","2","11","2","0","0","1","0","0","0","0","0","0","2","10","2","1","1","1","1","1","1","0","1","0","0","0","0","0","0","1","0","0","0","0","0","0","0","0","0","0","0","0","0","0","0","0","0"
"00000679","살레시오고","00000015","일곡28","20221003","1","0","0","0","1","0","0","0","0","0","0","0","0","0","0","0","0","1","0","1","0","0","0","0","0","0","0","0","0","1","0","1","0","0","0","0","0","0","0","0","0","0","0","0","0","0","0","0"
"00000679","살레시오고","00000020","일곡38","20221003","0","0","0","0","0","0","0","0","0","0","0","0","0","0","0","0","0","0","0","0","0","0","0","0","0","0","0","0","0","0","0","0","0","0","0","0","0","0","0","0","0","0","0","0","0","0","0","0"
"00000679","살레시오고","00000031","419","20221003","1","0","0","0","1","0","0","0","0","0","0","0","0","0","0","0","0","0","0","0","0","0","0","0","0","0","0","0","0","0","0","0","0","0","0","0","0","0","0","0","0","0","0","0","0","0","0","0"
"00000679","살레시오고","00000032","금남57","20221003","0","6","14","6","0","0","1","0","0","0","0","0","0","6","13","6","0","3","1","3","0","3","1","3","0","0","0","0","0","0","0","0","0","0","0","0","0","0","0","0","0","0","0","0","0","0","0","0"
"00000679","살레시오고","00000096","일곡10","20221003","0","3","2","3","0","0","1","0","0","0","0","0","0","3","1","3","0","0","0","0","0","0","0","0","0","0","0","0","0","0","0","0","0","0","2","0","0","0","0","0","0","0","1","0","0","0","1","0"
"00000681","살레시오여고","00000001","순환01(시청행)","20221003","3","6","15","6","3","6","12","6","0","0","0","0","0","0","3","0","1","6","6","6","1","6","6","6","0","0","0","0","0","0","0","0","3","5","2","5","3","3","2","3","0","0","0","0","0","2","0","2"
"00000681","살레시오여고","00000006","지원15","20221003","5","5","9","5","4","4","4","4","0","0","0","0","1","1","5","1","0","2","3","2","0","2","2","2","0","0","0","0","0","0","1","0","1","2","4","2","1","2","4","2","0","0","0","0","0","0","0","0"
"00000681","살레시오여고","00000008","진월17","20221003","6","20","21","20","5","14","19","14","0","0","0","0","1","6","2","6","2","4","6","4","2","3","6","3","0","1","0","1","0","0","0","0","0","4","5","4","0","4","5","4","0","0","0","0","0","0","0","0"
"00000681","살레시오여고","00000014","봉선27","20221003","4","1","16","1","4","1","12","1","0","0","0","0","0","0","4","0","0","3","4","3","0","3","4","3","0","0","0","0","0","0","0","0","5","1","2","1","5","1","2","1","0","0","0","0","0","0","0","0"
"00000681","살레시오여고","00000015","일곡28","20221003","2","6","23","6","2","5","17","5","0","0","0","0","0","1","6","1","2","3","7","3","2","3","6","3","0","0","0","0","0","0","1","0","0","5","3","5","0","5","2","5","0","0","0","0","0","0","1","0"
"00000681","살레시오여고","00000018","운림35","20221003","8","8","6","8","8","8","6","8","0","0","0","0","0","0","0","0","2","3","2","3","2","3","2","3","0","0","0","0","0","0","0","0","2","0","0","0","2","0","0","0","0","0","0","0","0","0","0","0"
"00000681","살레시오여고","00000030","금남55","20221003","3","11","6","11","2","11","5","11","0","0","0","0","1","0","1","0","0","0","0","0","0","0","0","0","0","0","0","0","0","0","0","0","0","0","1","0","0","0","1","0","0","0","0","0","0","0","0","0"
"00000681","살레시오여고","00000051","문흥80","20221003","2","3","4","3","2","3","3","3","0","0","0","0","0","0","1","0","0","1","0","1","0","1","0","1","0","0","0","0","0","0","0","0","0","1","1","1","0","1","1","1","0","0","0","0","0","0","0","0"
"00000681","살레시오여고","00000088","금호36","20221003","7","20","27","20","6","16","24","16","0","0","1","0","1","4","2","4","4","6","1","6","4","4","1","4","0","0","0","0","0","2","0","2","1","3","1","3","1","3","1","3","0","0","0","0","0","0","0","0"
"00000681","살레시오여고","00000114","수완03","20221003","5","11","23","11","5","11","16","11","0","0","1","0","0","0","6","0","1","4","10","4","1","3","10","3","0","0","0","0","0","1","0","1","5","3","6","3","5","3","6","3","0","0","0","0","0","0","0","0"
"00000681","살레시오여고","00000208","마을715(대촌)","20221003","0","0","0","0","0","0","0","0","0","0","0","0","0","0","0","0","0","2","0","2","0","1","0","1","0","0","0","0","0","1","0","1","0","0","0","0","0","0","0","0","0","0","0","0","0","0","0","0"
"00000683","살레시오여고","00000006","지원15","20221003","1","4","18","4","1","4","16","4","0","0","0","0","0","0","2","0","0","4","3","4","0","4","3","4","0","0","0","0","0","0","0","0","0","2","0","2","0","2","0","2","0","0","0","0","0","0","0","0"
"00000683","살레시오여고","00000008","진월17","20221003","3","9","14","9","2","5","12","5","1","1","0","1","0","3","2","3","1","5","5","5","1","5","5","5","0","0","0","0","0","0","0","0","6","4","9","4","6","4","8","4","0","0","0","0","0","0","1","0"
"00000683","살레시오여고","00000014","봉선27","20221003","5","4","23","4","5","3","23","3","0","0","0","0","0","1","0","1","5","3","3","3","5","3","3","3","0","0","0","0","0","0","0","0","1","3","5","3","1","3","5","3","0","0","0","0","0","0","0","0"
"00000683","살레시오여고","00000015","일곡28","20221003","4","8","23","8","4","7","21","7","0","0","0","0","0","1","2","1","3","5","3","5","3","5","1","5","0","0","0","0","0","0","2","0","3","6","4","6","3","6","4","6","0","0","0","0","0","0","0","0"
"00000683","살레시오여고","00000018","운림35","20221003","0","1","9","1","0","1","6","1","0","0","0","0","0","0","3","0","3","4","2","4","3","4","2","4","0","0","0","0","0","0","0","0","1","1","4","1","1","1","4","1","0","0","0","0","0","0","0","0"
"00000683","살레시오여고","00000030","금남55","20221003","1","5","7","5","1","2","6","2","0","1","0","1","0","2","1","2","1","2","3","2","1","2","3","2","0","0","0","0","0","0","0","0","0","1","2","1","0","1","2","1","0","0","0","0","0","0","0","0"
"00000683","살레시오여고","00000051","문흥80","20221003","0","5","3","5","0","3","3","3","0","0","0","0","0","2","0","2","0","0","0","0","0","0","0","0","0","0","0","0","0","0","0","0","0","2","1","2","0","2","1","2","0","0","0","0","0","0","0","0"
"00000683","살레시오여고","00000088","금호36","20221003","2","8","19","8","2","4","13","4","0","0","2","0","0","4","4","4","0","2","8","2","0","2","8","2","0","0","0","0","0","0","0","0","4","8","10","8","4","6","8","6","0","1","1","1","0","1","1","1"
"00000683","살레시오여고","00000112","순환01(운천저수지)","20221003","9","13","24","13","8","10","19","10","0","0","0","0","1","3","5","3","3","4","3","4","3","3","2","3","0","1","0","1","0","0","1","0","0","0","0","0","0","0","0","0","0","0","0","0","0","0","0","0"
"00000683","살레시오여고","00000114","수완03","20221003","14","33","51","33","14","29","43","29","0","1","2","1","0","3","6","3","5","12","5","12","5","12","5","12","0","0","0","0","0","0","0","0","0","2","3","2","0","2","3","2","0","0","0","0","0","0","0","0"
"00000683","살레시오여고","00000208","마을715(대촌)","20221003","1","0","0","0","1","0","0","0","0","0","0","0","0","0","0","0","0","0","0","0","0","0","0","0","0","0","0","0","0","0","0","0","0","0","0","0","0","0","0","0","0","0","0","0","0","0","0","0"
"00000684","삼각그린타운","00000013","매월26","20221003","5","7","10","7","2","3","6","3","1","0","2","0","2","4","2","4","1","5","4","5","1","4","4","4","0","0","0","0","0","1","0","1","1","0","0","0","1","0","0","0","0","0","0","0","0","0","0","0"
"00000684","삼각그린타운","00000016","송정29","20221003","3","5","3","5","1","2","1","2","0","2","0","2","2","1","2","1","0","0","0","0","0","0","0","0","0","0","0","0","0","0","0","0","0","1","0","1","0","1","0","1","0","0","0","0","0","0","0","0"
"00000684","삼각그린타운","00000017","첨단30","20221003","6","2","1","2","6","2","0","2","0","0","1","0","0","0","0","0","0","0","1","0","0","0","1","0","0","0","0","0","0","0","0","0","2","0","3","0","2","0","2","0","0","0","0","0","0","0","1","0"
"00000684","삼각그린타운","00000020","일곡38","20221003","3","2","2","2","2","1","1","1","0","0","0","0","1","1","1","1","1","0","0","0","1","0","0","0","0","0","0","0","0","0","0","0","0","0","0","0","0","0","0","0","0","0","0","0","0","0","0","0"
"00000684","삼각그린타운","00000031","419","20221003","2","1","0","1","1","1","0","1","0","0","0","0","1","0","0","0","0","0","0","0","0","0","0","0","0","0","0","0","0","0","0","0","0","0","0","0","0","0","0","0","0","0","0","0","0","0","0","0"
"00000684","삼각그린타운","00000032","금남57","20221003","4","1","2","1","4","1","0","1","0","0","0","0","0","0","2","0","0","1","0","1","0","1","0","1","0","0","0","0","0","0","0","0","0","0","0","0","0","0","0","0","0","0","0","0","0","0","0","0"
"00000684","삼각그린타운","00000057","용전86","20221003","3","2","3","2","3","0","0","0","0","0","0","0","0","2","3","2","1","1","0","1","1","1","0","1","0","0","0","0","0","0","0","0","0","0","1","0","0","0","1","0","0","0","0","0","0","0","0","0"
"00000684","삼각그린타운","00000117","첨단23","20221003","7","2","6","2","7","1","6","1","0","0","0","0","0","1","0","1","1","1","1","1","1","0","0","0","0","1","0","1","0","0","1","0","0","0","0","0","0","0","0","0","0","0","0","0","0","0","0","0"
"00000684","삼각그린타운","00000211","마을777(우치공원)","20221003","3","0","3","0","3","0","1","0","0","0","0","0","0","0","2","0","0","1","0","1","0","0","0","0","0","0","0","0","0","1","0","1","0","0","0","0","0","0","0","0","0","0","0","0","0","0","0","0"
"00000684","삼각그린타운","00000213","마을788","20221003","1","0","2","0","1","0","2","0","0","0","0","0","0","0","0","0","0","0","0","0","0","0","0","0","0","0","0","0","0","0","0","0","1","1","0","1","1","1","0","1","0","0","0","0","0","0","0","0"
"00000685","원삼각마을삼일아파트","00000006","지원15","20221003","0","0","0","0","0","0","0","0","0","0","0","0","0","0","0","0","0","0","1","0","0","0","1","0","0","0","0","0","0","0","0","0","0","0","0","0","0","0","0","0","0","0","0","0","0","0","0","0"
"00000685","원삼각마을삼일아파트","00000015","일곡28","20221003","3","1","1","1","3","1","1","1","0","0","0","0","0","0","0","0","0","0","0","0","0","0","0","0","0","0","0","0","0","0","0","0","0","0","0","0","0","0","0","0","0","0","0","0","0","0","0","0"
"00000685","원삼각마을삼일아파트","00000077","용전184","20221003","0","0","0","0","0","0","0","0","0","0","0","0","0","0","0","0","0","0","0","0","0","0","0","0","0","0","0","0","0","0","0","0","0","0","0","0","0","0","0","0","0","0","0","0","0","0","0","0"
"00000687","전남고입구","00000010","송정19","20221003","0","1","0","1","0","1","0","1","0","0","0","0","0","0","0","0","0","1","1","1","0","1","1","1","0","0","0","0","0","0","0","0","0","0","0","0","0","0","0","0","0","0","0","0","0","0","0","0"
"00000687","전남고입구","00000011","첨단20","20221003","2","1","2","1","2","1","1","1","0","0","0","0","0","0","1","0","1","0","2","0","1","0","2","0","0","0","0","0","0","0","0","0","0","0","0","0","0","0","0","0","0","0","0","0","0","0","0","0"
"00000687","전남고입구","00000012","지원25","20221003","0","0","0","0","0","0","0","0","0","0","0","0","0","0","0","0","0","3","0","3","0","3","0","3","0","0","0","0","0","0","0","0","0","0","0","0","0","0","0","0","0","0","0","0","0","0","0","0"
"00000687","전남고입구","00000044","송암73","20221003","0","0","0","0","0","0","0","0","0","0","0","0","0","0","0","0","0","1","1","1","0","1","1","1","0","0","0","0","0","0","0","0","0","0","0","0","0","0","0","0","0","0","0","0","0","0","0","0"
"00000687","전남고입구","00000083","대촌270","20221003","0","0","0","0","0","0","0","0","0","0","0","0","0","0","0","0","0","0","0","0","0","0","0","0","0","0","0","0","0","0","0","0","0","0","0","0","0","0","0","0","0","0","0","0","0","0","0","0"
"00000687","전남고입구","00000127","상무62","20221003","0","0","3","0","0","0","3","0","0","0","0","0","0","0","0","0","0","0","0","0","0","0","0","0","0","0","0","0","0","0","0","0","0","0","0","0","0","0","0","0","0","0","0","0","0","0","0","0"
"00000693","유동사거리","00000004","진월07","20221003","9","11","14","11","9","11","11","11","0","0","2","0","0","0","1","0","1","5","3","5","1","5","2","5","0","0","0","0","0","0","1","0","2","3","5","3","2","3","4","3","0","0","0","0","0","0","1","0"
"00000693","유동사거리","00000017","첨단30","20221003","3","1","9","1","3","1","9","1","0","0","0","0","0","0","0","0","0","0","0","0","0","0","0","0","0","0","0","0","0","0","0","0","0","1","3","1","0","1","3","1","0","0","0","0","0","0","0","0"
"00000693","유동사거리","00000033","금남58","20221003","1","3","4","3","1","3","4","3","0","0","0","0","0","0","0","0","0","2","0","2","0","2","0","2","0","0","0","0","0","0","0","0","0","0","1","0","0","0","1","0","0","0","0","0","0","0","0","0"
"00000693","유동사거리","00000039","유덕65","20221003","0","0","0","0","0","0","0","0","0","0","0","0","0","0","0","0","0","0","0","0","0","0","0","0","0","0","0","0","0","0","0","0","0","0","0","0","0","0","0","0","0","0","0","0","0","0","0","0"
"00000693","유동사거리","00000043","송암72","20221003","0","1","3","1","0","1","3","1","0","0","0","0","0","0","0","0","1","0","1","0","1","0","1","0","0","0","0","0","0","0","0","0","1","0","1","0","1","0","1","0","0","0","0","0","0","0","0","0"
"00000693","유동사거리","00000059","임곡89","20221003","0","1","0","1","0","1","0","1","0","0","0","0","0","0","0","0","1","0","0","0","1","0","0","0","0","0","0","0","0","0","0","0","0","0","0","0","0","0","0","0","0","0","0","0","0","0","0","0"
"00000693","유동사거리","00000098","수완49","20221003","0","1","3","1","0","1","3","1","0","0","0","0","0","0","0","0","1","3","0","3","1","3","0","3","0","0","0","0","0","0","0","0","1","0","1","0","1","0","0","0","0","0","0","0","0","0","1","0"
"00000693","유동사거리","00000106","두암81(무등파크)","20221003","0","0","1","0","0","0","1","0","0","0","0","0","0","0","0","0","0","0","0","0","0","0","0","0","0","0","0","0","0","0","0","0","0","0","0","0","0","0","0","0","0","0","0","0","0","0","0","0"
"00000693","유동사거리","00000119","지원56","20221003","0","0","0","0","0","0","0","0","0","0","0","0","0","0","0","0","0","0","2","0","0","0","2","0","0","0","0","0","0","0","0","0","0","0","0","0","0","0","0","0","0","0","0","0","0","0","0","0"
"00000693","유동사거리","00000130","두암81","20221003","2","0","1","0","2","0","1","0","0","0","0","0","0","0","0","0","0","0","1","0","0","0","1","0","0","0","0","0","0","0","0","0","0","0","0","0","0","0","0","0","0","0","0","0","0","0","0","0"
"00000694","목련마을6단지","00000009","문흥18","20221003","7","0","5","0","6","0","4","0","0","0","0","0","1","0","1","0","0","1","2","1","0","1","2","1","0","0","0","0","0","0","0","0","1","0","1","0","1","0","1","0","0","0","0","0","0","0","0","0"
"00000694","목련마을6단지","00000016","송정29","20221003","4","4","8","4","3","4","8","4","0","0","0","0","1","0","0","0","2","0","1","0","2","0","1","0","0","0","0","0","0","0","0","0","0","1","5","1","0","1","4","1","0","0","0","0","0","0","1","0"
"00000694","목련마을6단지","00000019","봉선37","20221003","8","2","4","2","8","2","3","2","0","0","0","0","0","0","1","0","0","2","1","2","0","2","1","2","0","0","0","0","0","0","0","0","6","1","8","1","6","1","6","1","0","0","0","0","0","0","2","0"
"00000694","목련마을6단지","00000036","상무62(상무역행)","20221003","0","0","0","0","0","0","0","0","0","0","0","0","0","0","0","0","0","0","0","0","0","0","0","0","0","0","0","0","0","0","0","0","1","0","1","0","1","0","0","0","0","0","0","0","0","0","1","0"
"00000694","목련마을6단지","00000081","진곡196","20221003","4","5","2","5","4","4","2","4","0","0","0","0","0","1","0","1","0","1","2","1","0","1","2","1","0","0","0","0","0","0","0","0","2","0","1","0","2","0","1","0","0","0","0","0","0","0","0","0"
"00000694","목련마을6단지","00000092","첨단40","20221003","0","2","1","2","0","2","1","2","0","0","0","0","0","0","0","0","0","0","1","0","0","0","1","0","0","0","0","0","0","0","0","0","2","0","1","0","2","0","0","0","0","0","0","0","0","0","1","0"
"00000694","목련마을6단지","00000095","금호46","20221003","2","6","2","6","2","5","1","5","0","0","0","0","0","1","1","1","2","1","2","1","2","0","2","0","0","0","0","0","0","1","0","1","0","0","0","0","0","0","0","0","0","0","0","0","0","0","0","0"
"00000694","목련마을6단지","00000096","일곡10","20221003","0","0","0","0","0","0","0","0","0","0","0","0","0","0","0","0","0","1","1","1","0","1","1","1","0","0","0","0","0","0","0","0","0","0","1","0","0","0","1","0","0","0","0","0","0","0","0","0"
"00000694","목련마을6단지","00000114","수완03","20221003","29","31","17","31","28","22","14","22","0","1","0","1","1","8","3","8","9","6","4","6","9","2","4","2","0","0","0","0","0","4","0","4","3","5","2","5","3","5","2","5","0","0","0","0","0","0","0","0"
"00000694","목련마을6단지","00000195","마을720","20221003","4","1","2","1","4","1","2","1","0","0","0","0","0","0","0","0","0","0","2","0","0","0","2","0","0","0","0","0","0","0","0","0","2","3","2","3","2","1","2","1","0","0","0","0","0","2","0","2"
"00000694","목련마을6단지","00000203","마을700","20221003","0","2","2","2","0","2","2","2","0","0","0","0","0","0","0","0","0","1","0","1","0","1","0","1","0","0","0","0","0","0","0","0","0","2","2","2","0","2","2","2","0","0","0","0","0","0","0","0"
"00000695","하남삼성전자","00000064","첨단94","20221003","0","1","0","1","0","1","0","1","0","0","0","0","0","0","0","0","0","0","0","0","0","0","0","0","0","0","0","0","0","0","0","0","0","0","0","0","0","0","0","0","0","0","0","0","0","0","0","0"
"00000695","하남삼성전자","00000203","마을700","20221003","1","0","2","0","1","0","2","0","0","0","0","0","0","0","0","0","0","0","0","0","0","0","0","0","0","0","0","0","0","0","0","0","0","0","0","0","0","0","0","0","0","0","0","0","0","0","0","0"
"00000696","하남삼성전자","00000064","첨단94","20221003","0","0","1","0","0","0","1","0","0","0","0","0","0","0","0","0","0","0","0","0","0","0","0","0","0","0","0","0","0","0","0","0","0","0","0","0","0","0","0","0","0","0","0","0","0","0","0","0"
"00000696","하남삼성전자","00000203","마을700","20221003","0","0","1","0","0","0","1","0","0","0","0","0","0","0","0","0","1","0","0","0","1","0","0","0","0","0","0","0","0","0","0","0","0","0","0","0","0","0","0","0","0","0","0","0","0","0","0","0"
"00000699","삼우아파트","00000012","지원25","20221003","2","1","1","1","2","1","1","1","0","0","0","0","0","0","0","0","0","0","0","0","0","0","0","0","0","0","0","0","0","0","0","0","0","0","0","0","0","0","0","0","0","0","0","0","0","0","0","0"
"00000699","삼우아파트","00000017","첨단30","20221003","0","0","0","0","0","0","0","0","0","0","0","0","0","0","0","0","0","0","0","0","0","0","0","0","0","0","0","0","0","0","0","0","0","0","0","0","0","0","0","0","0","0","0","0","0","0","0","0"
"00000699","삼우아파트","00000039","유덕65","20221003","0","2","0","2","0","2","0","2","0","0","0","0","0","0","0","0","0","0","0","0","0","0","0","0","0","0","0","0","0","0","0","0","0","0","0","0","0","0","0","0","0","0","0","0","0","0","0","0"
"00000699","삼우아파트","00000059","임곡89","20221003","0","0","0","0","0","0","0","0","0","0","0","0","0","0","0","0","0","0","0","0","0","0","0","0","0","0","0","0","0","0","0","0","0","0","0","0","0","0","0","0","0","0","0","0","0","0","0","0"
"00000699","삼우아파트","00000071","228(구151화순사평)","20221003","0","1","0","1","0","1","0","1","0","0","0","0","0","0","0","0","0","0","0","0","0","0","0","0","0","0","0","0","0","0","0","0","0","0","0","0","0","0","0","0","0","0","0","0","0","0","0","0"
"00000699","삼우아파트","00000087","1187","20221003","1","0","2","0","1","0","2","0","0","0","0","0","0","0","0","0","0","0","0","0","0","0","0","0","0","0","0","0","0","0","0","0","0","0","0","0","0","0","0","0","0","0","0","0","0","0","0","0"
"00000699","삼우아파트","00000122","228(화순전대병원)","20221003","0","0","0","0","0","0","0","0","0","0","0","0","0","0","0","0","0","0","0","0","0","0","0","0","0","0","0","0","0","0","0","0","0","0","0","0","0","0","0","0","0","0","0","0","0","0","0","0"
"00000700","삼우아파트","00000012","지원25","20221003","0","1","3","1","0","0","3","0","0","0","0","0","0","1","0","1","0","0","0","0","0","0","0","0","0","0","0","0","0","0","0","0","0","0","0","0","0","0","0","0","0","0","0","0","0","0","0","0"
"00000700","삼우아파트","00000059","임곡89","20221003","0","0","0","0","0","0","0","0","0","0","0","0","0","0","0","0","0","0","0","0","0","0","0","0","0","0","0","0","0","0","0","0","0","0","0","0","0","0","0","0","0","0","0","0","0","0","0","0"
"00000700","삼우아파트","00000122","228(화순전대병원)","20221003","0","0","0","0","0","0","0","0","0","0","0","0","0","0","0","0","0","0","2","0","0","0","2","0","0","0","0","0","0","0","0","0","0","0","0","0","0","0","0","0","0","0","0","0","0","0","0","0"
"00000701","삼익세라믹","00000006","지원15","20221003","2","4","6","4","2","4","6","4","0","0","0","0","0","0","0","0","1","2","2","2","1","2","2","2","0","0","0","0","0","0","0","0","0","0","1","0","0","0","0","0","0","0","1","0","0","0","0","0"
"00000701","삼익세라믹","00000012","지원25","20221003","4","5","6","5","4","5","5","5","0","0","0","0","0","0","1","0","3","4","4","4","3","3","3","3","0","0","0","0","0","1","1","1","1","0","1","0","1","0","1","0","0","0","0","0","0","0","0","0"
"00000701","삼익세라믹","00000023","지원45","20221003","4","8","3","8","4","8","3","8","0","0","0","0","0","0","0","0","1","1","3","1","1","1","3","1","0","0","0","0","0","0","0","0","0","0","1","0","0","0","1","0","0","0","0","0","0","0","0","0"
"00000701","삼익세라믹","00000027","지원52","20221003","0","0","0","0","0","0","0","0","0","0","0","0","0","0","0","0","0","1","0","1","0","1","0","1","0","0","0","0","0","0","0","0","0","0","0","0","0","0","0","0","0","0","0","0","0","0","0","0"
"00000701","삼익세라믹","00000071","228(구151화순사평)","20221003","3","0","0","0","3","0","0","0","0","0","0","0","0","0","0","0","6","0","0","0","6","0","0","0","0","0","0","0","0","0","0","0","0","0","0","0","0","0","0","0","0","0","0","0","0","0","0","0"
"00000701","삼익세라믹","00000072","지원152(능주역)","20221003","0","0","0","0","0","0","0","0","0","0","0","0","0","0","0","0","0","0","0","0","0","0","0","0","0","0","0","0","0","0","0","0","0","0","0","0","0","0","0","0","0","0","0","0","0","0","0","0"
"00000701","삼익세라믹","00000122","228(화순전대병원)","20221003","0","1","1","1","0","1","1","1","0","0","0","0","0","0","0","0","0","2","2","2","0","2","1","2","0","0","1","0","0","0","0","0","0","0","0","0","0","0","0","0","0","0","0","0","0","0","0","0"
"00000701","삼익세라믹","00000123","지원152(도웅리)","20221003","0","1","1","1","0","1","1","1","0","0","0","0","0","0","0","0","0","1","3","1","0","1","3","1","0","0","0","0","0","0","0","0","0","0","0","0","0","0","0","0","0","0","0","0","0","0","0","0"
"00000702","삼익세라믹","00000006","지원15","20221003","1","1","1","1","1","0","0","0","0","0","0","0","0","1","1","1","2","0","2","0","2","0","2","0","0","0","0","0","0","0","0","0","0","0","0","0","0","0","0","0","0","0","0","0","0","0","0","0"
"00000702","삼익세라믹","00000012","지원25","20221003","0","2","0","2","0","2","0","2","0","0","0","0","0","0","0","0","2","0","0","0","2","0","0","0","0","0","0","0","0","0","0","0","0","0","0","0","0","0","0","0","0","0","0","0","0","0","0","0"
"00000702","삼익세라믹","00000023","지원45","20221003","2","0","2","0","2","0","2","0","0","0","0","0","0","0","0","0","0","0","2","0","0","0","1","0","0","0","0","0","0","0","1","0","0","0","1","0","0","0","1","0","0","0","0","0","0","0","0","0"
"00000702","삼익세라믹","00000027","지원52","20221003","1","1","0","1","1","1","0","1","0","0","0","0","0","0","0","0","0","0","0","0","0","0","0","0","0","0","0","0","0","0","0","0","0","0","0","0","0","0","0","0","0","0","0","0","0","0","0","0"
"00000702","삼익세라믹","00000047","봉선76","20221003","0","0","0","0","0","0","0","0","0","0","0","0","0","0","0","0","0","0","0","0","0","0","0","0","0","0","0","0","0","0","0","0","0","0","0","0","0","0","0","0","0","0","0","0","0","0","0","0"
"00000702","삼익세라믹","00000071","228(구151화순사평)","20221003","0","1","0","1","0","1","0","1","0","0","0","0","0","0","0","0","0","1","0","1","0","1","0","1","0","0","0","0","0","0","0","0","0","1","0","1","0","1","0","1","0","0","0","0","0","0","0","0"
"00000702","삼익세라믹","00000072","지원152(능주역)","20221003","2","0","2","0","2","0","2","0","0","0","0","0","0","0","0","0","0","0","0","0","0","0","0","0","0","0","0","0","0","0","0","0","0","0","0","0","0","0","0","0","0","0","0","0","0","0","0","0"
"00000702","삼익세라믹","00000122","228(화순전대병원)","20221003","0","2","2","2","0","1","2","1","0","0","0","0","0","1","0","1","0","1","1","1","0","1","1","1","0","0","0","0","0","0","0","0","0","1","0","1","0","1","0","1","0","0","0","0","0","0","0","0"
"00000702","삼익세라믹","00000123","지원152(도웅리)","20221003","0","0","1","0","0","0","1","0","0","0","0","0","0","0","0","0","0","0","0","0","0","0","0","0","0","0","0","0","0","0","0","0","0","0","0","0","0","0","0","0","0","0","0","0","0","0","0","0"
"00000703","양산타운","00000017","첨단30","20221003","3","5","5","5","3","4","5","4","0","0","0","0","0","1","0","1","2","1","0","1","2","1","0","1","0","0","0","0","0","0","0","0","0","0","1","0","0","0","1","0","0","0","0","0","0","0","0","0"
"00000703","양산타운","00000080","첨단193","20221003","0","1","1","1","0","1","1","1","0","0","0","0","0","0","0","0","0","0","0","0","0","0","0","0","0","0","0","0","0","0","0","0","0","0","0","0","0","0","0","0","0","0","0","0","0","0","0","0"
"00000703","양산타운","00000096","일곡10","20221003","1","1","7","1","1","1","5","1","0","0","0","0","0","0","2","0","0","0","0","0","0","0","0","0","0","0","0","0","0","0","0","0","0","0","0","0","0","0","0","0","0","0","0","0","0","0","0","0"
"00000703","양산타운","00000117","첨단23","20221003","5","3","5","3","5","3","5","3","0","0","0","0","0","0","0","0","2","5","0","5","1","5","0","5","0","0","0","0","1","0","0","0","2","2","0","2","2","2","0","2","0","0","0","0","0","0","0","0"
"00000703","양산타운","00000203","마을700","20221003","1","5","5","5","1","3","5","3","0","0","0","0","0","2","0","2","0","0","0","0","0","0","0","0","0","0","0","0","0","0","0","0","2","0","2","0","2","0","2","0","0","0","0","0","0","0","0","0"
"00000703","양산타운","00000213","마을788","20221003","0","0","0","0","0","0","0","0","0","0","0","0","0","0","0","0","0","1","1","1","0","1","1","1","0","0","0","0","0","0","0","0","0","0","0","0","0","0","0","0","0","0","0","0","0","0","0","0"
"00000703","양산타운","00000214","마을799","20221003","0","2","1","2","0","1","1","1","0","0","0","0","0","1","0","1","0","0","0","0","0","0","0","0","0","0","0","0","0","0","0","0","0","0","0","0","0","0","0","0","0","0","0","0","0","0","0","0"
"00000704","양산타운","00000017","첨단30","20221003","1","0","0","0","1","0","0","0","0","0","0","0","0","0","0","0","0","0","0","0","0","0","0","0","0","0","0","0","0","0","0","0","0","0","0","0","0","0","0","0","0","0","0","0","0","0","0","0"
"00000704","양산타운","00000096","일곡10","20221003","0","0","0","0","0","0","0","0","0","0","0","0","0","0","0","0","1","0","0","0","1","0","0","0","0","0","0","0","0","0","0","0","0","0","0","0","0","0","0","0","0","0","0","0","0","0","0","0"
"00000704","양산타운","00000117","첨단23","20221003","0","0","0","0","0","0","0","0","0","0","0","0","0","0","0","0","1","0","0","0","1","0","0","0","0","0","0","0","0","0","0","0","0","0","0","0","0","0","0","0","0","0","0","0","0","0","0","0"
"00000704","양산타운","00000213","마을788","20221003","0","0","0","0","0","0","0","0","0","0","0","0","0","0","0","0","0","0","0","0","0","0","0","0","0","0","0","0","0","0","0","0","0","0","0","0","0","0","0","0","0","0","0","0","0","0","0","0"
"00000704","양산타운","00000214","마을799","20221003","0","0","0","0","0","0","0","0","0","0","0","0","0","0","0","0","0","0","0","0","0","0","0","0","0","0","0","0","0","0","0","0","0","0","0","0","0","0","0","0","0","0","0","0","0","0","0","0"
"00000705","봉선삼익아파트(북)","00000047","봉선76","20221003","0","0","0","0","0","0","0","0","0","0","0","0","0","0","0","0","0","0","0","0","0","0","0","0","0","0","0","0","0","0","0","0","0","0","0","0","0","0","0","0","0","0","0","0","0","0","0","0"
"00000706","봉선삼익아파트(남)","00000014","봉선27","20221003","0","0","1","0","0","0","1","0","0","0","0","0","0","0","0","0","0","1","4","1","0","1","3","1","0","0","0","0","0","0","1","0","0","0","0","0","0","0","0","0","0","0","0","0","0","0","0","0"
"00000706","봉선삼익아파트(남)","00000015","일곡28","20221003","4","12","20","12","4","7","8","7","0","1","0","1","0","4","12","4","0","1","2","1","0","1","2","1","0","0","0","0","0","0","0","0","3","2","0","2","2","2","0","2","0","0","0","0","1","0","0","0"
"00000706","봉선삼익아파트(남)","00000019","봉선37","20221003","0","4","4","4","0","2","2","2","0","0","0","0","0","2","2","2","1","2","2","2","1","2","1","2","0","0","0","0","0","0","1","0","1","1","1","1","1","1","1","1","0","0","0","0","0","0","0","0"
"00000706","봉선삼익아파트(남)","00000047","봉선76","20221003","1","3","5","3","1","2","2","2","0","0","0","0","0","1","3","1","0","1","0","1","0","1","0","1","0","0","0","0","0","0","0","0","0","0","0","0","0","0","0","0","0","0","0","0","0","0","0","0"
"00000706","봉선삼익아파트(남)","00000119","지원56","20221003","1","2","1","2","1","0","1","0","0","0","0","0","0","2","0","2","2","0","1","0","2","0","1","0","0","0","0","0","0","0","0","0","0","0","0","0","0","0","0","0","0","0","0","0","0","0","0","0"
"00000707","봉선삼익아파트(남)","00000014","봉선27","20221003","6","12","15","12","5","7","12","7","0","0","0","0","1","5","3","5","0","0","1","0","0","0","1","0","0","0","0","0","0","0","0","0","0","0","0","0","0","0","0","0","0","0","0","0","0","0","0","0"
"00000707","봉선삼익아파트(남)","00000015","일곡28","20221003","10","17","20","17","10","17","14","17","0","0","1","0","0","0","5","0","3","4","0","4","3","3","0","3","0","0","0","0","0","1","0","1","0","0","0","0","0","0","0","0","0","0","0","0","0","0","0","0"
"00000707","봉선삼익아파트(남)","00000019","봉선37","20221003","15","32","19","32","14","22","15","22","0","1","1","1","1","9","3","9","2","1","0","1","2","0","0","0","0","0","0","0","0","1","0","1","2","0","0","0","2","0","0","0","0","0","0","0","0","0","0","0"
"00000707","봉선삼익아파트(남)","00000047","봉선76","20221003","1","0","2","0","1","0","1","0","0","0","1","0","0","0","0","0","1","0","0","0","1","0","0","0","0","0","0","0","0","0","0","0","0","0","0","0","0","0","0","0","0","0","0","0","0","0","0","0"
"00000707","봉선삼익아파트(남)","00000119","지원56","20221003","1","8","4","8","1","8","2","8","0","0","0","0","0","0","2","0","0","0","0","0","0","0","0","0","0","0","0","0","0","0","0","0","0","0","0","0","0","0","0","0","0","0","0","0","0","0","0","0"
"00000708","원삼각마을삼일아파트","00000006","지원15","20221003","1","1","0","1","1","1","0","1","0","0","0","0","0","0","0","0","0","3","1","3","0","3","1","3","0","0","0","0","0","0","0","0","0","0","0","0","0","0","0","0","0","0","0","0","0","0","0","0"
"00000708","원삼각마을삼일아파트","00000015","일곡28","20221003","0","0","0","0","0","0","0","0","0","0","0","0","0","0","0","0","2","1","2","1","2","1","2","1","0","0","0","0","0","0","0","0","0","0","0","0","0","0","0","0","0","0","0","0","0","0","0","0"
"00000708","원삼각마을삼일아파트","00000077","용전184","20221003","1","1","0","1","1","1","0","1","0","0","0","0","0","0","0","0","0","0","0","0","0","0","0","0","0","0","0","0","0","0","0","0","0","0","0","0","0","0","0","0","0","0","0","0","0","0","0","0"
"00000709","삼정초교","00000008","진월17","20221003","5","14","1","14","5","11","1","11","0","1","0","1","0","2","0","2","1","1","0","1","1","1","0","1","0","0","0","0","0","0","0","0","0","0","0","0","0","0","0","0","0","0","0","0","0","0","0","0"
"00000709","삼정초교","00000088","금호36","20221003","3","4","0","4","2","4","0","4","0","0","0","0","1","0","0","0","0","2","1","2","0","2","1","2","0","0","0","0","0","0","0","0","0","0","0","0","0","0","0","0","0","0","0","0","0","0","0","0"
"00000709","삼정초교","00000129","두암81(장등동)","20221003","0","0","0","0","0","0","0","0","0","0","0","0","0","0","0","0","0","0","0","0","0","0","0","0","0","0","0","0","0","0","0","0","0","0","0","0","0","0","0","0","0","0","0","0","0","0","0","0"
"00000710","삼정초교","00000008","진월17","20221003","9","11","4","11","9","10","4","10","0","1","0","1","0","0","0","0","0","1","0","1","0","1","0","1","0","0","0","0","0","0","0","0","0","0","0","0","0","0","0","0","0","0","0","0","0","0","0","0"
"00000710","삼정초교","00000088","금호36","20221003","19","35","3","35","18","32","3","32","0","1","0","1","1","2","0","2","0","0","2","0","0","0","2","0","0","0","0","0","0","0","0","0","0","0","0","0","0","0","0","0","0","0","0","0","0","0","0","0"
"00000710","삼정초교","00000130","두암81","20221003","2","0","0","0","2","0","0","0","0","0","0","0","0","0","0","0","0","0","1","0","0","0","1","0","0","0","0","0","0","0","0","0","0","0","0","0","0","0","0","0","0","0","0","0","0","0","0","0"
"00000712","일곡삼호아파트","00000006","지원15","20221003","0","0","0","0","0","0","0","0","0","0","0","0","0","0","0","0","0","0","1","0","0","0","1","0","0","0","0","0","0","0","0","0","0","0","0","0","0","0","0","0","0","0","0","0","0","0","0","0"
"00000712","일곡삼호아파트","00000013","매월26","20221003","0","0","0","0","0","0","0","0","0","0","0","0","0","0","0","0","2","2","1","2","1","2","1","2","0","0","0","0","1","0","0","0","1","0","0","0","1","0","0","0","0","0","0","0","0","0","0","0"
"00000712","일곡삼호아파트","00000016","송정29","20221003","0","0","0","0","0","0","0","0","0","0","0","0","0","0","0","0","1","0","1","0","1","0","1","0","0","0","0","0","0","0","0","0","0","0","0","0","0","0","0","0","0","0","0","0","0","0","0","0"
"00000712","일곡삼호아파트","00000020","일곡38","20221003","0","0","0","0","0","0","0","0","0","0","0","0","0","0","0","0","0","0","0","0","0","0","0","0","0","0","0","0","0","0","0","0","0","0","0","0","0","0","0","0","0","0","0","0","0","0","0","0"
"00000713","일곡삼호아파트","00000006","지원15","20221003","3","1","3","1","3","1","2","1","0","0","0","0","0","0","1","0","0","4","0","4","0","4","0","4","0","0","0","0","0","0","0","0","0","0","0","0","0","0","0","0","0","0","0","0","0","0","0","0"
"00000713","일곡삼호아파트","00000013","매월26","20221003","5","4","8","4","5","3","6","3","0","0","0","0","0","1","2","1","0","2","0","2","0","2","0","2","0","0","0","0","0","0","0","0","0","1","0","1","0","1","0","1","0","0","0","0","0","0","0","0"
"00000713","일곡삼호아파트","00000016","송정29","20221003","3","6","4","6","3","3","3","3","0","0","0","0","0","3","1","3","0","0","0","0","0","0","0","0","0","0","0","0","0","0","0","0","1","3","1","3","0","3","1","3","0","0","0","0","1","0","0","0"
"00000713","일곡삼호아파트","00000020","일곡38","20221003","0","7","4","7","0","7","3","7","0","0","0","0","0","0","1","0","0","0","0","0","0","0","0","0","0","0","0","0","0","0","0","0","0","0","0","0","0","0","0","0","0","0","0","0","0","0","0","0"
"00000713","일곡삼호아파트","00000057","용전86","20221003","0","0","1","0","0","0","1","0","0","0","0","0","0","0","0","0","1","0","0","0","1","0","0","0","0","0","0","0","0","0","0","0","0","0","0","0","0","0","0","0","0","0","0","0","0","0","0","0"
"00000713","일곡삼호아파트","00000096","일곡10","20221003","3","3","3","3","3","1","2","1","0","0","0","0","0","2","1","2","0","0","0","0","0","0","0","0","0","0","0","0","0","0","0","0","0","0","0","0","0","0","0","0","0","0","0","0","0","0","0","0"
"00000715","상공회의소","00000012","지원25","20221003","1","7","4","7","1","6","2","6","0","0","0","0","0","1","2","1","3","6","4","6","3","5","4","5","0","0","0","0","0","1","0","1","0","0","0","0","0","0","0","0","0","0","0","0","0","0","0","0"
"00000715","상공회의소","00000102","수완12","20221003","2","4","9","4","2","2","1","2","0","0","1","0","0","2","7","2","2","0","1","0","2","0","1","0","0","0","0","0","0","0","0","0","0","0","0","0","0","0","0","0","0","0","0","0","0","0","0","0"
"00000715","상공회의소","00000119","지원56","20221003","2","6","0","6","1","6","0","6","0","0","0","0","1","0","0","0","0","1","0","1","0","1","0","1","0","0","0","0","0","0","0","0","0","0","0","0","0","0","0","0","0","0","0","0","0","0","0","0"
"00000716","상공회의소","00000012","지원25","20221003","1","4","3","4","1","4","3","4","0","0","0","0","0","0","0","0","1","0","2","0","1","0","2","0","0","0","0","0","0","0","0","0","1","2","3","2","1","2","3","2","0","0","0","0","0","0","0","0"
"00000716","상공회의소","00000102","수완12","20221003","1","2","0","2","1","1","0","1","0","0","0","0","0","1","0","1","1","3","1","3","1","3","1","3","0","0","0","0","0","0","0","0","0","0","1","0","0","0","1","0","0","0","0","0","0","0","0","0"
"00000716","상공회의소","00000119","지원56","20221003","1","6","1","6","1","6","1","6","0","0","0","0","0","0","0","0","0","0","0","0","0","0","0","0","0","0","0","0","0","0","0","0","0","0","2","0","0","0","2","0","0","0","0","0","0","0","0","0"
"00000717","농성SK뷰","00000010","송정19","20221003","2","5","0","5","2","4","0","4","0","0","0","0","0","1","0","1","1","2","1","2","1","2","1","2","0","0","0","0","0","0","0","0","0","1","0","1","0","1","0","1","0","0","0","0","0","0","0","0"
"00000717","농성SK뷰","00000019","봉선37","20221003","2","6","1","6","2","5","1","5","0","0","0","0","0","1","0","1","0","0","3","0","0","0","3","0","0","0","0","0","0","0","0","0","0","0","0","0","0","0","0","0","0","0","0","0","0","0","0","0"
"00000717","농성SK뷰","00000043","송암72","20221003","1","0","2","0","1","0","2","0","0","0","0","0","0","0","0","0","0","1","0","1","0","1","0","1","0","0","0","0","0","0","0","0","0","0","0","0","0","0","0","0","0","0","0","0","0","0","0","0"
"00000717","농성SK뷰","00000087","1187","20221003","0","1","0","1","0","0","0","0","0","0","0","0","0","1","0","1","1","0","0","0","1","0","0","0","0","0","0","0","0","0","0","0","0","0","0","0","0","0","0","0","0","0","0","0","0","0","0","0"
"00000717","농성SK뷰","00000088","금호36","20221003","0","0","1","0","0","0","1","0","0","0","0","0","0","0","0","0","1","0","2","0","1","0","2","0","0","0","0","0","0","0","0","0","0","0","0","0","0","0","0","0","0","0","0","0","0","0","0","0"
"00000717","농성SK뷰","00000090","문흥39","20221003","1","1","1","1","1","1","1","1","0","0","0","0","0","0","0","0","0","0","2","0","0","0","1","0","0","0","0","0","0","0","1","0","0","0","0","0","0","0","0","0","0","0","0","0","0","0","0","0"
"00000717","농성SK뷰","00000111","송암68","20221003","2","0","1","0","2","0","1","0","0","0","0","0","0","0","0","0","1","2","1","2","1","2","1","2","0","0","0","0","0","0","0","0","0","0","1","0","0","0","1","0","0","0","0","0","0","0","0","0"
"00000718","상림","00000080","첨단193","20221003","0","0","0","0","0","0","0","0","0","0","0","0","0","0","0","0","0","0","2","0","0","0","0","0","0","0","2","0","0","0","0","0","0","0","0","0","0","0","0","0","0","0","0","0","0","0","0","0"
"00000719","상무지구입구","00000007","매월16","20221003","1","1","6","1","1","1","3","1","0","0","0","0","0","0","3","0","4","2","2","2","4","2","2","2","0","0","0","0","0","0","0","0","1","0","4","0","1","0","4","0","0","0","0","0","0","0","0","0"
"00000719","상무지구입구","00000010","송정19","20221003","2","6","7","6","2","6","7","6","0","0","0","0","0","0","0","0","0","0","5","0","0","0","5","0","0","0","0","0","0","0","0","0","4","1","0","1","4","1","0","1","0","0","0","0","0","0","0","0"
"00000719","상무지구입구","00000011","첨단20","20221003","1","2","3","2","1","2","3","2","0","0","0","0","0","0","0","0","1","3","6","3","1","3","5","3","0","0","0","0","0","0","1","0","2","2","5","2","2","2","4","2","0","0","1","0","0","0","0","0"
"00000719","상무지구입구","00000040","대촌69","20221003","1","0","0","0","1","0","0","0","0","0","0","0","0","0","0","0","0","0","0","0","0","0","0","0","0","0","0","0","0","0","0","0","0","0","0","0","0","0","0","0","0","0","0","0","0","0","0","0"
"00000719","상무지구입구","00000083","대촌270","20221003","1","0","1","0","1","0","1","0","0","0","0","0","0","0","0","0","0","0","0","0","0","0","0","0","0","0","0","0","0","0","0","0","0","0","0","0","0","0","0","0","0","0","0","0","0","0","0","0"
"00000719","상무지구입구","00000095","금호46","20221003","3","2","0","2","3","2","0","2","0","0","0","0","0","0","0","0","0","4","2","4","0","4","2","4","0","0","0","0","0","0","0","0","1","1","4","1","1","1","4","1","0","0","0","0","0","0","0","0"
"00000719","상무지구입구","00000112","순환01(운천저수지)","20221003","4","8","23","8","3","4","20","4","1","0","0","0","0","4","3","4","0","4","1","4","0","3","1","3","0","1","0","1","0","0","0","0","1","2","8","2","1","2","8","2","0","0","0","0","0","0","0","0"
"00000720","상무1동행정복지센터","00000024","송암47","20221003","11","9","8","9","11","9","8","9","0","0","0","0","0","0","0","0","2","4","0","4","2","4","0","4","0","0","0","0","0","0","0","0","0","2","3","2","0","2","2","2","0","0","0","0","0","0","1","0"
"00000720","상무1동행정복지센터","00000040","대촌69","20221003","0","0","1","0","0","0","1","0","0","0","0","0","0","0","0","0","0","0","0","0","0","0","0","0","0","0","0","0","0","0","0","0","0","0","0","0","0","0","0","0","0","0","0","0","0","0","0","0"
"00000720","상무1동행정복지센터","00000043","송암72","20221003","1","3","5","3","1","3","5","3","0","0","0","0","0","0","0","0","0","0","1","0","0","0","1","0","0","0","0","0","0","0","0","0","1","1","0","1","1","1","0","1","0","0","0","0","0","0","0","0"
"00000720","상무1동행정복지센터","00000088","금호36","20221003","10","12","9","12","10","12","9","12","0","0","0","0","0","0","0","0","0","3","2","3","0","1","2","1","0","1","0","1","0","1","0","1","0","1","4","1","0","1","4","1","0","0","0","0","0","0","0","0"
"00000721","상무1동행정복지센터","00000024","송암47","20221003","4","4","9","4","2","4","6","4","0","0","0","0","2","0","3","0","0","2","2","2","0","2","2","2","0","0","0","0","0","0","0","0","0","0","4","0","0","0","4","0","0","0","0","0","0","0","0","0"
"00000721","상무1동행정복지센터","00000040","대촌69","20221003","0","0","0","0","0","0","0","0","0","0","0","0","0","0","0","0","0","0","0","0","0","0","0","0","0","0","0","0","0","0","0","0","0","0","0","0","0","0","0","0","0","0","0","0","0","0","0","0"
"00000721","상무1동행정복지센터","00000043","송암72","20221003","3","2","0","2","3","1","0","1","0","0","0","0","0","1","0","1","1","2","0","2","1","2","0","2","0","0","0","0","0","0","0","0","0","0","0","0","0","0","0","0","0","0","0","0","0","0","0","0"
"00000721","상무1동행정복지센터","00000088","금호36","20221003","3","3","7","3","2","3","6","3","0","0","0","0","1","0","1","0","1","1","5","1","1","1","5","1","0","0","0","0","0","0","0","0","0","1","1","1","0","1","1","1","0","0","0","0","0","0","0","0"
"00000722","상무지구","00000036","상무62(상무역행)","20221003","0","0","1","0","0","0","1","0","0","0","0","0","0","0","0","0","0","0","0","0","0","0","0","0","0","0","0","0","0","0","0","0","0","0","0","0","0","0","0","0","0","0","0","0","0","0","0","0"
"00000722","상무지구","00000037","상무63","20221003","0","0","0","0","0","0","0","0","0","0","0","0","0","0","0","0","0","0","0","0","0","0","0","0","0","0","0","0","0","0","0","0","1","0","0","0","0","0","0","0","0","0","0","0","1","0","0","0"
"00000722","상무지구","00000127","상무62","20221003","0","0","0","0","0","0","0","0","0","0","0","0","0","0","0","0","0","0","0","0","0","0","0","0","0","0","0","0","0","0","0","0","0","0","0","0","0","0","0","0","0","0","0","0","0","0","0","0"
"00000725","상무병원","00000023","지원45","20221003","1","0","2","0","1","0","1","0","0","0","0","0","0","0","1","0","1","1","4","1","1","0","3","0","0","1","0","1","0","0","1","0","1","0","0","0","1","0","0","0","0","0","0","0","0","0","0","0"
"00000725","상무병원","00000025","운림50","20221003","0","0","0","0","0","0","0","0","0","0","0","0","0","0","0","0","1","1","0","1","1","1","0","1","0","0","0","0","0","0","0","0","0","0","0","0","0","0","0","0","0","0","0","0","0","0","0","0"
"00000725","상무병원","00000115","선운14","20221003","2","4","3","4","2","4","3","4","0","0","0","0","0","0","0","0","0","0","2","0","0","0","2","0","0","0","0","0","0","0","0","0","0","0","0","0","0","0","0","0","0","0","0","0","0","0","0","0"
"00000726","상무병원","00000023","지원45","20221003","6","10","37","10","6","5","20","5","0","0","8","0","0","5","9","5","0","0","0","0","0","0","0","0","0","0","0","0","0","0","0","0","0","0","0","0","0","0","0","0","0","0","0","0","0","0","0","0"
"00000726","상무병원","00000025","운림50","20221003","3","4","16","4","3","4","13","4","0","0","1","0","0","0","2","0","0","1","2","1","0","0","2","0","0","1","0","1","0","0","0","0","0","1","1","1","0","1","1","1","0","0","0","0","0","0","0","0"
"00000726","상무병원","00000115","선운14","20221003","3","4","5","4","3","4","4","4","0","0","0","0","0","0","1","0","2","3","0","3","2","3","0","3","0","0","0","0","0","0","0","0","3","1","1","1","3","1","1","1","0","0","0","0","0","0","0","0"
"00000729","상무역","00000010","송정19","20221003","2","2","8","2","2","2","8","2","0","0","0","0","0","0","0","0","2","3","2","3","2","3","2","3","0","0","0","0","0","0","0","0","0","0","1","0","0","0","1","0","0","0","0","0","0","0","0","0"
"00000729","상무역","00000011","첨단20","20221003","1","1","1","1","1","1","1","1","0","0","0","0","0","0","0","0","1","2","3","2","1","2","3","2","0","0","0","0","0","0","0","0","1","0","0","0","1","0","0","0","0","0","0","0","0","0","0","0"
"00000729","상무역","00000040","대촌69","20221003","0","0","1","0","0","0","1","0","0","0","0","0","0","0","0","0","0","0","0","0","0","0","0","0","0","0","0","0","0","0","0","0","0","0","0","0","0","0","0","0","0","0","0","0","0","0","0","0"
"00000729","상무역","00000083","대촌270","20221003","0","0","0","0","0","0","0","0","0","0","0","0","0","0","0","0","0","0","1","0","0","0","1","0","0","0","0","0","0","0","0","0","0","0","0","0","0","0","0","0","0","0","0","0","0","0","0","0"
"00000730","상무역","00000010","송정19","20221003","1","2","6","2","1","0","5","0","0","0","0","0","0","2","1","2","1","4","2","4","1","4","2","4","0","0","0","0","0","0","0","0","0","0","2","0","0","0","2","0","0","0","0","0","0","0","0","0"
"00000730","상무역","00000011","첨단20","20221003","9","6","13","6","9","5","11","5","0","1","2","1","0","0","0","0","2","0","2","0","2","0","2","0","0","0","0","0","0","0","0","0","4","2","0","2","3","2","0","2","0","0","0","0","1","0","0","0"
"00000730","상무역","00000012","지원25","20221003","0","0","2","0","0","0","2","0","0","0","0","0","0","0","0","0","0","4","6","4","0","4","6","4","0","0","0","0","0","0","0","0","0","2","5","2","0","2","5","2","0","0","0","0","0","0","0","0"
"00000730","상무역","00000040","대촌69","20221003","0","1","1","1","0","1","1","1","0","0","0","0","0","0","0","0","0","0","0","0","0","0","0","0","0","0","0","0","0","0","0","0","0","0","0","0","0","0","0","0","0","0","0","0","0","0","0","0"
"00000730","상무역","00000044","송암73","20221003","0","4","8","4","0","3","7","3","0","0","0","0","0","1","1","1","0","0","1","0","0","0","1","0","0","0","0","0","0","0","0","0","0","1","4","1","0","1","3","1","0","0","0","0","0","0","1","0"
"00000730","상무역","00000083","대촌270","20221003","0","0","0","0","0","0","0","0","0","0","0","0","0","0","0","0","0","0","0","0","0","0","0","0","0","0","0","0","0","0","0","0","0","0","0","0","0","0","0","0","0","0","0","0","0","0","0","0"
"00000730","상무역","00000127","상무62","20221003","1","0","2","0","1","0","2","0","0","0","0","0","0","0","0","0","0","0","0","0","0","0","0","0","0","0","0","0","0","0","0","0","0","0","0","0","0","0","0","0","0","0","0","0","0","0","0","0"
"00000731","상무중","00000001","순환01(시청행)","20221003","0","1","0","1","0","1","0","1","0","0","0","0","0","0","0","0","5","3","3","3","5","3","3","3","0","0","0","0","0","0","0","0","1","0","0","0","1","0","0","0","0","0","0","0","0","0","0","0"
"00000731","상무중","00000011","첨단20","20221003","1","5","1","5","1","5","1","5","0","0","0","0","0","0","0","0","2","0","2","0","2","0","1","0","0","0","0","0","0","0","1","0","7","7","2","7","7","7","2","7","0","0","0","0","0","0","0","0"
"00000731","상무중","00000023","지원45","20221003","1","0","3","0","1","0","3","0","0","0","0","0","0","0","0","0","5","5","3","5","5","5","3","5","0","0","0","0","0","0","0","0","0","3","0","3","0","3","0","3","0","0","0","0","0","0","0","0"
"00000731","상무중","00000025","운림50","20221003","0","1","1","1","0","0","1","0","0","0","0","0","0","1","0","1","3","2","2","2","3","2","2","2","0","0","0","0","0","0","0","0","3","2","2","2","3","2","0","2","0","0","0","0","0","0","2","0"
"00000731","상무중","00000043","송암72","20221003","0","1","3","1","0","0","3","0","0","0","0","0","0","1","0","1","4","1","0","1","4","1","0","1","0","0","0","0","0","0","0","0","0","0","1","0","0","0","0","0","0","0","0","0","0","0","1","0"
"00000731","상무중","00000044","송암73","20221003","1","1","0","1","1","1","0","1","0","0","0","0","0","0","0","0","3","4","3","4","3","4","1","4","0","0","0","0","0","0","2","0","0","1","2","1","0","1","2","1","0","0","0","0","0","0","0","0"
"00000731","상무중","00000095","금호46","20221003","3","1","0","1","3","1","0","1","0","0","0","0","0","0","0","0","1","3","1","3","1","2","1","2","0","0","0","0","0","1","0","1","2","1","1","1","2","1","1","1","0","0","0","0","0","0","0","0"
"00000731","상무중","00000201","마을760","20221003","3","3","1","3","3","3","1","3","0","0","0","0","0","0","0","0","1","1","0","1","1","1","0","1","0","0","0","0","0","0","0","0","2","0","1","0","2","0","0","0","0","0","0","0","0","0","1","0"
"00000732","상무중","00000011","첨단20","20221003","0","3","2","3","0","1","2","1","0","1","0","1","0","1","0","1","0","0","2","0","0","0","2","0","0","0","0","0","0","0","0","0","0","0","1","0","0","0","1","0","0","0","0","0","0","0","0","0"
"00000732","상무중","00000025","운림50","20221003","4","3","4","3","3","3","3","3","0","0","0","0","1","0","1","0","0","0","1","0","0","0","0","0","0","0","1","0","0","0","0","0","0","0","0","0","0","0","0","0","0","0","0","0","0","0","0","0"
"00000732","상무중","00000035","매월61(칠석)","20221003","2","9","1","9","2","7","0","7","0","1","0","1","0","1","1","1","2","1","0","1","2","1","0","1","0","0","0","0","0","0","0","0","1","0","1","0","1","0","1","0","0","0","0","0","0","0","0","0"
"00000732","상무중","00000044","송암73","20221003","3","3","3","3","2","2","3","2","0","1","0","1","1","0","0","0","0","0","1","0","0","0","1","0","0","0","0","0","0","0","0","0","0","1","2","1","0","1","2","1","0","0","0","0","0","0","0","0"
"00000732","상무중","00000048","진월77","20221003","3","3","1","3","3","1","0","1","0","0","0","0","0","2","1","2","0","0","0","0","0","0","0","0","0","0","0","0","0","0","0","0","1","0","0","0","1","0","0","0","0","0","0","0","0","0","0","0"
"00000732","상무중","00000088","금호36","20221003","4","12","4","12","4","11","4","11","0","0","0","0","0","1","0","1","0","1","0","1","0","1","0","1","0","0","0","0","0","0","0","0","1","1","0","1","1","1","0","1","0","0","0","0","0","0","0","0"
"00000733","금호초교","00000023","지원45","20221003","1","3","3","3","1","3","3","3","0","0","0","0","0","0","0","0","2","1","3","1","2","1","3","1","0","0","0","0","0","0","0","0","0","0","1","0","0","0","1","0","0","0","0","0","0","0","0","0"
"00000733","금호초교","00000035","매월61(칠석)","20221003","2","1","1","1","2","0","1","0","0","0","0","0","0","1","0","1","0","1","2","1","0","0","2","0","0","0","0","0","0","1","0","1","0","1","0","1","0","1","0","1","0","0","0","0","0","0","0","0"
"00000733","금호초교","00000043","송암72","20221003","2","1","1","1","2","1","1","1","0","0","0","0","0","0","0","0","1","0","1","0","1","0","1","0","0","0","0","0","0","0","0","0","0","0","0","0","0","0","0","0","0","0","0","0","0","0","0","0"
"00000733","금호초교","00000048","진월77","20221003","0","1","0","1","0","1","0","1","0","0","0","0","0","0","0","0","0","0","0","0","0","0","0","0","0","0","0","0","0","0","0","0","0","0","0","0","0","0","0","0","0","0","0","0","0","0","0","0"
"00000733","금호초교","00000088","금호36","20221003","1","3","0","3","1","3","0","3","0","0","0","0","0","0","0","0","2","3","2","3","2","3","2","3","0","0","0","0","0","0","0","0","0","0","0","0","0","0","0","0","0","0","0","0","0","0","0","0"
"00000733","금호초교","00000095","금호46","20221003","0","2","2","2","0","1","2","1","0","0","0","0","0","1","0","1","0","2","1","2","0","2","1","2","0","0","0","0","0","0","0","0","0","0","0","0","0","0","0","0","0","0","0","0","0","0","0","0"
"00000733","금호초교","00000112","순환01(운천저수지)","20221003","2","2","1","2","2","2","1","2","0","0","0","0","0","0","0","0","0","0","1","0","0","0","1","0","0","0","0","0","0","0","0","0","0","1","0","1","0","0","0","0","0","0","0","0","0","1","0","1"
"00000733","금호초교","00000201","마을760","20221003","1","0","3","0","1","0","3","0","0","0","0","0","0","0","0","0","0","0","1","0","0","0","1","0","0","0","0","0","0","0","0","0","0","0","4","0","0","0","4","0","0","0","0","0","0","0","0","0"
"00000734","상전","00000023","지원45","20221003","6","3","5","3","6","3","3","3","0","0","0","0","0","0","2","0","0","0","0","0","0","0","0","0","0","0","0","0","0","0","0","0","0","0","0","0","0","0","0","0","0","0","0","0","0","0","0","0"
"00000734","상전","00000044","송암73","20221003","4","2","3","2","4","2","3","2","0","0","0","0","0","0","0","0","0","0","2","0","0","0","2","0","0","0","0","0","0","0","0","0","0","0","0","0","0","0","0","0","0","0","0","0","0","0","0","0"
"00000734","상전","00000092","첨단40","20221003","3","3","3","3","3","3","3","3","0","0","0","0","0","0","0","0","0","1","0","1","0","1","0","1","0","0","0","0","0","0","0","0","0","0","0","0","0","0","0","0","0","0","0","0","0","0","0","0"
"00000734","상전","00000125","선운101","20221003","1","0","1","0","1","0","1","0","0","0","0","0","0","0","0","0","1","0","1","0","1","0","1","0","0","0","0","0","0","0","0","0","0","0","0","0","0","0","0","0","0","0","0","0","0","0","0","0"
"00000735","용봉우미아파트","00000031","419","20221003","4","11","5","11","4","10","5","10","0","0","0","0","0","1","0","1","0","0","0","0","0","0","0","0","0","0","0","0","0","0","0","0","0","0","0","0","0","0","0","0","0","0","0","0","0","0","0","0"
"00000735","용봉우미아파트","00000054","용봉83","20221003","6","12","6","12","6","12","6","12","0","0","0","0","0","0","0","0","0","0","0","0","0","0","0","0","0","0","0","0","0","0","0","0","0","0","0","0","0","0","0","0","0","0","0","0","0","0","0","0"
"00000736","풍암한신아파트","00000023","지원45","20221003","14","21","11","21","13","14","10","14","0","2","0","2","1","5","1","5","0","0","1","0","0","0","1","0","0","0","0","0","0","0","0","0","0","0","0","0","0","0","0","0","0","0","0","0","0","0","0","0"
"00000736","풍암한신아파트","00000024","송암47","20221003","4","11","9","11","3","9","7","9","0","0","0","0","1","2","2","2","0","0","1","0","0","0","1","0","0","0","0","0","0","0","0","0","0","0","0","0","0","0","0","0","0","0","0","0","0","0","0","0"
"00000736","풍암한신아파트","00000034","금남59","20221003","4","3","1","3","3","3","0","3","0","0","0","0","1","0","1","0","0","0","0","0","0","0","0","0","0","0","0","0","0","0","0","0","0","0","0","0","0","0","0","0","0","0","0","0","0","0","0","0"
"00000736","풍암한신아파트","00000049","진월78","20221003","0","0","0","0","0","0","0","0","0","0","0","0","0","0","0","0","0","0","0","0","0","0","0","0","0","0","0","0","0","0","0","0","0","0","0","0","0","0","0","0","0","0","0","0","0","0","0","0"
"00000736","풍암한신아파트","00000100","진월75","20221003","7","3","3","3","7","3","2","3","0","0","0","0","0","0","1","0","0","1","1","1","0","1","1","1","0","0","0","0","0","0","0","0","0","0","0","0","0","0","0","0","0","0","0","0","0","0","0","0"
"00000736","풍암한신아파트","00000112","순환01(운천저수지)","20221003","15","11","9","11","14","9","9","9","0","0","0","0","1","2","0","2","0","2","1","2","0","2","1","2","0","0","0","0","0","0","0","0","0","0","0","0","0","0","0","0","0","0","0","0","0","0","0","0"
"00000737","풍암한신아파트","00000001","순환01(시청행)","20221003","10","6","17","6","10","5","9","5","0","1","2","1","0","0","6","0","0","1","1","1","0","1","1","1","0","0","0","0","0","0","0","0","0","0","0","0","0","0","0","0","0","0","0","0","0","0","0","0"
"00000737","풍암한신아파트","00000023","지원45","20221003","8","7","6","7","8","4","4","4","0","3","0","3","0","0","2","0","0","4","4","4","0","4","4","4","0","0","0","0","0","0","0","0","0","0","0","0","0","0","0","0","0","0","0","0","0","0","0","0"
"00000737","풍암한신아파트","00000024","송암47","20221003","3","3","0","3","3","3","0","3","0","0","0","0","0","0","0","0","1","0","0","0","1","0","0","0","0","0","0","0","0","0","0","0","0","0","0","0","0","0","0","0","0","0","0","0","0","0","0","0"
"00000737","풍암한신아파트","00000034","금남59","20221003","1","1","0","1","1","1","0","1","0","0","0","0","0","0","0","0","0","1","1","1","0","1","1","1","0","0","0","0","0","0","0","0","0","0","0","0","0","0","0","0","0","0","0","0","0","0","0","0"
"00000737","풍암한신아파트","00000049","진월78","20221003","1","0","0","0","1","0","0","0","0","0","0","0","0","0","0","0","0","0","0","0","0","0","0","0","0","0","0","0","0","0","0","0","0","0","0","0","0","0","0","0","0","0","0","0","0","0","0","0"
"00000737","풍암한신아파트","00000100","진월75","20221003","7","5","2","5","7","5","2","5","0","0","0","0","0","0","0","0","0","0","0","0","0","0","0","0","0","0","0","0","0","0","0","0","0","0","0","0","0","0","0","0","0","0","0","0","0","0","0","0"
"00000738","샛터코아","00000009","문흥18","20221003","0","0","0","0","0","0","0","0","0","0","0","0","0","0","0","0","1","6","7","6","1","5","6","5","0","0","0","0","0","1","1","1","0","0","0","0","0","0","0","0","0","0","0","0","0","0","0","0"
"00000740","서광주우체국","00000007","매월16","20221003","3","3","1","3","3","3","1","3","0","0","0","0","0","0","0","0","1","2","0","2","1","2","0","2","0","0","0","0","0","0","0","0","0","0","0","0","0","0","0","0","0","0","0","0","0","0","0","0"
"00000740","서광주우체국","00000024","송암47","20221003","6","3","3","3","5","2","3","2","0","0","0","0","1","1","0","1","0","2","4","2","0","1","4","1","0","0","0","0","0","1","0","1","0","0","0","0","0","0","0","0","0","0","0","0","0","0","0","0"
"00000740","서광주우체국","00000088","금호36","20221003","4","2","8","2","3","2","7","2","0","0","0","0","1","0","1","0","4","7","4","7","3","7","4","7","0","0","0","0","1","0","0","0","0","0","0","0","0","0","0","0","0","0","0","0","0","0","0","0"
"00000741","서광주우체국","00000007","매월16","20221003","3","2","7","2","3","1","7","1","0","0","0","0","0","1","0","1","0","0","0","0","0","0","0","0","0","0","0","0","0","0","0","0","0","0","1","0","0","0","1","0","0","0","0","0","0","0","0","0"
"00000741","서광주우체국","00000024","송암47","20221003","18","8","8","8","17","8","8","8","0","0","0","0","1","0","0","0","2","2","0","2","2","2","0","2","0","0","0","0","0","0","0","0","0","0","1","0","0","0","1","0","0","0","0","0","0","0","0","0"
"00000741","서광주우체국","00000088","금호36","20221003","17","14","12","14","17","13","12","13","0","0","0","0","0","1","0","1","1","1","2","1","1","1","2","1","0","0","0","0","0","0","0","0","1","2","0","2","1","2","0","2","0","0","0","0","0","0","0","0"
"00000742","서광주역","00000088","금호36","20221003","0","0","0","0","0","0","0","0","0","0","0","0","0","0","0","0","1","0","0","0","1","0","0","0","0","0","0","0","0","0","0","0","0","0","0","0","0","0","0","0","0","0","0","0","0","0","0","0"
"00000744","서광주한전","00000010","송정19","20221003","3","3","2","3","3","3","2","3","0","0","0","0","0","0","0","0","2","2","1","2","2","2","1","2","0","0","0","0","0","0","0","0","2","6","0","6","2","6","0","6","0","0","0","0","0","0","0","0"
"00000744","서광주한전","00000019","봉선37","20221003","3","0","0","0","3","0","0","0","0","0","0","0","0","0","0","0","1","2","2","2","1","2","2","2","0","0","0","0","0","0","0","0","2","2","1","2","2","2","1","2","0","0","0","0","0","0","0","0"
"00000744","서광주한전","00000034","금남59","20221003","0","1","1","1","0","0","1","0","0","0","0","0","0","1","0","1","2","3","1","3","2","3","1","3","0","0","0","0","0","0","0","0","1","1","0","1","1","1","0","1","0","0","0","0","0","0","0","0"
"00000744","서광주한전","00000035","매월61(칠석)","20221003","1","1","1","1","1","1","1","1","0","0","0","0","0","0","0","0","3","4","1","4","3","4","1","4","0","0","0","0","0","0","0","0","0","0","0","0","0","0","0","0","0","0","0","0","0","0","0","0"
"00000744","서광주한전","00000043","송암72","20221003","4","1","1","1","4","1","1","1","0","0","0","0","0","0","0","0","1","0","1","0","1","0","1","0","0","0","0","0","0","0","0","0","1","0","0","0","1","0","0","0","0","0","0","0","0","0","0","0"
"00000744","서광주한전","00000088","금호36","20221003","2","1","1","1","2","1","1","1","0","0","0","0","0","0","0","0","1","5","5","5","1","5","4","5","0","0","1","0","0","0","0","0","4","0","0","0","4","0","0","0","0","0","0","0","0","0","0","0"
"00000744","서광주한전","00000090","문흥39","20221003","5","6","2","6","4","5","2","5","0","0","0","0","1","1","0","1","1","1","3","1","1","1","3","1","0","0","0","0","0","0","0","0","1","0","0","0","1","0","0","0","0","0","0","0","0","0","0","0"
"00000744","서광주한전","00000091","송암74","20221003","2","0","0","0","2","0","0","0","0","0","0","0","0","0","0","0","0","2","1","2","0","2","1","2","0","0","0","0","0","0","0","0","1","3","3","3","1","3","3","3","0","0","0","0","0","0","0","0"
"00000744","서광주한전","00000111","송암68","20221003","1","1","1","1","0","1","1","1","1","0","0","0","0","0","0","0","1","2","1","2","1","2","1","2","0","0","0","0","0","0","0","0","2","1","0","1","2","1","0","1","0","0","0","0","0","0","0","0"
"00000745","돌고개역(서)","00000010","송정19","20221003","0","4","1","4","0","3","1","3","0","0","0","0","0","1","0","1","1","0","5","0","1","0","5","0","0","0","0","0","0","0","0","0","4","0","1","0","3","0","1","0","1","0","0","0","0","0","0","0"
"00000745","돌고개역(서)","00000019","봉선37","20221003","4","1","2","1","4","1","2","1","0","0","0","0","0","0","0","0","1","3","0","3","1","3","0","3","0","0","0","0","0","0","0","0","1","3","3","3","1","3","3","3","0","0","0","0","0","0","0","0"
"00000745","돌고개역(서)","00000034","금남59","20221003","5","2","8","2","5","2","8","2","0","0","0","0","0","0","0","0","0","2","2","2","0","2","2","2","0","0","0","0","0","0","0","0","3","2","4","2","2","2","4","2","0","0","0","0","1","0","0","0"
"00000745","돌고개역(서)","00000035","매월61(칠석)","20221003","3","1","6","1","3","1","3","1","0","0","1","0","0","0","2","0","0","2","1","2","0","2","1","2","0","0","0","0","0","0","0","0","1","3","2","3","1","2","1","2","0","0","1","0","0","1","0","1"
"00000745","돌고개역(서)","00000043","송암72","20221003","0","0","1","0","0","0","1","0","0","0","0","0","0","0","0","0","0","1","1","1","0","1","1","1","0","0","0","0","0","0","0","0","1","0","1","0","1","0","1","0","0","0","0","0","0","0","0","0"
"00000745","돌고개역(서)","00000088","금호36","20221003","3","7","8","7","3","7","8","7","0","0","0","0","0","0","0","0","1","2","2","2","1","2","2","2","0","0","0","0","0","0","0","0","1","0","4","0","1","0","4","0","0","0","0","0","0","0","0","0"
"00000745","돌고개역(서)","00000090","문흥39","20221003","3","2","5","2","2","2","2","2","0","0","1","0","1","0","2","0","0","1","1","1","0","1","1","1","0","0","0","0","0","0","0","0","1","1","0","1","1","1","0","1","0","0","0","0","0","0","0","0"
"00000745","돌고개역(서)","00000091","송암74","20221003","1","6","8","6","0","5","6","5","0","1","0","1","1","0","2","0","2","3","2","3","2","3","2","3","0","0","0","0","0","0","0","0","3","5","7","5","3","5","7","5","0","0","0","0","0","0","0","0"
"00000745","돌고개역(서)","00000111","송암68","20221003","0","2","2","2","0","2","1","2","0","0","0","0","0","0","1","0","5","3","2","3","4","3","2","3","1","0","0","0","0","0","0","0","0","0","0","0","0","0","0","0","0","0","0","0","0","0","0","0"
"00000746","서구문화센터","00000001","순환01(시청행)","20221003","5","9","8","9","3","7","6","7","0","0","0","0","2","2","2","2","5","3","4","3","5","3","4","3","0","0","0","0","0","0","0","0","0","5","3","5","0","5","1","5","0","0","0","0","0","0","2","0"
"00000746","서구문화센터","00000003","매월06","20221003","21","29","30","29","20","22","26","22","0","5","1","5","1","2","3","2","1","1","2","1","1","1","2","1","0","0","0","0","0","0","0","0","0","2","4","2","0","2","2","2","0","0","0","0","0","0","2","0"
"00000746","서구문화센터","00000013","매월26","20221003","12","28","32","28","10","21","24","21","0","3","4","3","2","4","4","4","0","1","0","1","0","0","0","0","0","1","0","1","0","0","0","0","3","4","2","4","3","3","1","3","0","0","0","0","0","1","1","1"
"00000746","서구문화센터","00000023","지원45","20221003","4","16","22","16","4","9","10","9","0","4","2","4","0","3","10","3","0","2","1","2","0","2","1","2","0","0","0","0","0","0","0","0","3","1","1","1","3","1","1","1","0","0","0","0","0","0","0","0"
"00000746","서구문화센터","00000035","매월61(칠석)","20221003","0","5","6","5","0","5","3","5","0","0","0","0","0","0","3","0","0","1","1","1","0","0","1","0","0","1","0","1","0","0","0","0","1","0","3","0","1","0","3","0","0","0","0","0","0","0","0","0"
"00000746","서구문화센터","00000043","송암72","20221003","6","5","6","5","6","5","6","5","0","0","0","0","0","0","0","0","0","0","0","0","0","0","0","0","0","0","0","0","0","0","0","0","1","1","3","1","1","1","3","1","0","0","0","0","0","0","0","0"
"00000746","서구문화센터","00000091","송암74","20221003","3","9","6","9","2","9","4","9","0","0","0","0","1","0","2","0","0","0","0","0","0","0","0","0","0","0","0","0","0","0","0","0","1","2","1","2","1","2","1","2","0","0","0","0","0","0","0","0"
"00000746","서구문화센터","00000201","마을760","20221003","7","9","7","9","7","4","3","4","0","0","2","0","0","5","2","5","0","0","0","0","0","0","0","0","0","0","0","0","0","0","0","0","0","2","3","2","0","2","3","2","0","0","0","0","0","0","0","0"
"00000747","금호도개공아파트","00000007","매월16","20221003","0","2","0","2","0","2","0","2","0","0","0","0","0","0","0","0","0","0","0","0","0","0","0","0","0","0","0","0","0","0","0","0","0","0","0","0","0","0","0","0","0","0","0","0","0","0","0","0"
"00000747","금호도개공아파트","00000013","매월26","20221003","9","10","4","10","8","10","3","10","0","0","0","0","1","0","1","0","0","0","1","0","0","0","1","0","0","0","0","0","0","0","0","0","0","0","1","0","0","0","0","0","0","0","1","0","0","0","0","0"
"00000747","금호도개공아파트","00000091","송암74","20221003","3","5","6","5","3","3","4","3","0","0","0","0","0","2","2","2","0","0","1","0","0","0","1","0","0","0","0","0","0","0","0","0","0","0","0","0","0","0","0","0","0","0","0","0","0","0","0","0"
"00000748","서구문화센터","00000003","매월06","20221003","2","2","0","2","1","2","0","2","0","0","0","0","1","0","0","0","1","7","5","7","1","7","5","7","0","0","0","0","0","0","0","0","4","0","1","0","4","0","1","0","0","0","0","0","0","0","0","0"
"00000748","서구문화센터","00000008","진월17","20221003","9","11","10","11","7","11","7","11","0","0","1","0","2","0","2","0","0","1","1","1","0","1","1","1","0","0","0","0","0","0","0","0","2","6","4","6","2","6","4","6","0","0","0","0","0","0","0","0"
"00000748","서구문화센터","00000013","매월26","20221003","3","2","2","2","2","1","1","1","0","1","0","1","1","0","1","0","1","2","9","2","1","1","8","1","0","1","0","1","0","0","1","0","1","3","2","3","1","3","2","3","0","0","0","0","0","0","0","0"
"00000748","서구문화센터","00000023","지원45","20221003","8","15","28","15","8","11","15","11","0","2","0","2","0","2","13","2","3","5","6","5","3","5","5","5","0","0","0","0","0","0","1","0","2","2","8","2","2","1","8","1","0","1","0","1","0","0","0","0"
"00000748","서구문화센터","00000035","매월61(칠석)","20221003","2","0","4","0","1","0","3","0","0","0","1","0","1","0","0","0","0","0","3","0","0","0","3","0","0","0","0","0","0","0","0","0","4","1","1","1","4","1","1","1","0","0","0","0","0","0","0","0"
"00000748","서구문화센터","00000043","송암72","20221003","4","3","2","3","3","3","0","3","0","0","0","0","1","0","2","0","0","1","3","1","0","1","3","1","0","0","0","0","0","0","0","0","0","3","0","3","0","3","0","3","0","0","0","0","0","0","0","0"
"00000748","서구문화센터","00000083","대촌270","20221003","0","2","0","2","0","1","0","1","0","1","0","1","0","0","0","0","0","0","0","0","0","0","0","0","0","0","0","0","0","0","0","0","0","0","0","0","0","0","0","0","0","0","0","0","0","0","0","0"
"00000748","서구문화센터","00000091","송암74","20221003","1","3","5","3","1","1","3","1","0","0","0","0","0","2","2","2","1","0","2","0","1","0","1","0","0","0","0","0","0","0","1","0","4","2","1","2","4","2","1","2","0","0","0","0","0","0","0","0"
"00000748","서구문화센터","00000100","진월75","20221003","0","3","3","3","0","3","3","3","0","0","0","0","0","0","0","0","3","3","2","3","3","3","1","3","0","0","0","0","0","0","1","0","0","0","0","0","0","0","0","0","0","0","0","0","0","0","0","0"
"00000748","서구문화센터","00000112","순환01(운천저수지)","20221003","5","19","7","19","5","14","6","14","0","1","0","1","0","4","1","4","2","0","2","0","2","0","1","0","0","0","0","0","0","0","1","0","2","4","1","4","2","4","1","4","0","0","0","0","0","0","0","0"
"00000748","서구문화센터","00000201","마을760","20221003","0","4","5","4","0","4","1","4","0","0","0","0","0","0","4","0","1","2","1","2","1","2","1","2","0","0","0","0","0","0","0","0","0","1","3","1","0","1","3","1","0","0","0","0","0","0","0","0"
"00000749","금호도개공아파트","00000007","매월16","20221003","0","0","1","0","0","0","1","0","0","0","0","0","0","0","0","0","0","0","1","0","0","0","1","0","0","0","0","0","0","0","0","0","0","0","0","0","0","0","0","0","0","0","0","0","0","0","0","0"
"00000749","금호도개공아파트","00000013","매월26","20221003","1","1","0","1","0","1","0","1","0","0","0","0","1","0","0","0","4","3","5","3","4","3","5","3","0","0","0","0","0","0","0","0","0","0","0","0","0","0","0","0","0","0","0","0","0","0","0","0"
"00000749","금호도개공아파트","00000091","송암74","20221003","0","0","0","0","0","0","0","0","0","0","0","0","0","0","0","0","0","0","1","0","0","0","1","0","0","0","0","0","0","0","0","0","0","0","0","0","0","0","0","0","0","0","0","0","0","0","0","0"
"00000750","서구청","00000010","송정19","20221003","2","4","3","4","2","4","3","4","0","0","0","0","0","0","0","0","0","2","1","2","0","2","1","2","0","0","0","0","0","0","0","0","1","1","3","1","1","1","3","1","0","0","0","0","0","0","0","0"
"00000750","서구청","00000019","봉선37","20221003","4","9","4","9","4","9","4","9","0","0","0","0","0","0","0","0","0","1","0","1","0","1","0","1","0","0","0","0","0","0","0","0","3","0","3","0","3","0","3","0","0","0","0","0","0","0","0","0"
"00000750","서구청","00000043","송암72","20221003","1","1","0","1","1","1","0","1","0","0","0","0","0","0","0","0","0","1","1","1","0","1","1","1","0","0","0","0","0","0","0","0","0","0","1","0","0","0","1","0","0","0","0","0","0","0","0","0"
"00000750","서구청","00000087","1187","20221003","2","2","0","2","2","2","0","2","0","0","0","0","0","0","0","0","1","0","0","0","0","0","0","0","1","0","0","0","0","0","0","0","0","0","0","0","0","0","0","0","0","0","0","0","0","0","0","0"
"00000750","서구청","00000088","금호36","20221003","0","7","3","7","0","7","3","7","0","0","0","0","0","0","0","0","0","0","1","0","0","0","1","0","0","0","0","0","0","0","0","0","0","3","1","3","0","3","1","3","0","0","0","0","0","0","0","0"
"00000750","서구청","00000090","문흥39","20221003","2","6","2","6","2","6","1","6","0","0","1","0","0","0","0","0","0","0","2","0","0","0","2","0","0","0","0","0","0","0","0","0","0","0","3","0","0","0","2","0","0","0","0","0","0","0","1","0"
"00000750","서구청","00000111","송암68","20221003","2","0","1","0","2","0","1","0","0","0","0","0","0","0","0","0","1","0","1","0","1","0","1","0","0","0","0","0","0","0","0","0","0","0","2","0","0","0","2","0","0","0","0","0","0","0","0","0"
"00000751","서구청","00000010","송정19","20221003","3","1","7","1","3","1","5","1","0","0","0","0","0","0","2","0","1","3","1","3","1","3","1","3","0","0","0","0","0","0","0","0","0","1","0","1","0","1","0","1","0","0","0","0","0","0","0","0"
"00000751","서구청","00000019","봉선37","20221003","4","4","3","4","4","4","3","4","0","0","0","0","0","0","0","0","3","3","1","3","3","3","1","3","0","0","0","0","0","0","0","0","1","0","3","0","0","0","3","0","1","0","0","0","0","0","0","0"
"00000751","서구청","00000043","송암72","20221003","0","0","1","0","0","0","1","0","0","0","0","0","0","0","0","0","0","0","0","0","0","0","0","0","0","0","0","0","0","0","0","0","0","0","0","0","0","0","0","0","0","0","0","0","0","0","0","0"
"00000751","서구청","00000088","금호36","20221003","1","6","11","6","1","6","11","6","0","0","0","0","0","0","0","0","2","1","0","1","2","1","0","1","0","0","0","0","0","0","0","0","2","2","0","2","2","2","0","2","0","0","0","0","0","0","0","0"
"00000751","서구청","00000090","문흥39","20221003","4","2","3","2","4","2","3","2","0","0","0","0","0","0","0","0","0","0","3","0","0","0","3","0","0","0","0","0","0","0","0","0","1","0","0","0","1","0","0","0","0","0","0","0","0","0","0","0"
"00000751","서구청","00000111","송암68","20221003","1","1","1","1","1","1","1","1","0","0","0","0","0","0","0","0","2","2","0","2","2","2","0","2","0","0","0","0","0","0","0","0","1","0","1","0","1","0","1","0","0","0","0","0","0","0","0","0"
"00000752","서남하이츠(국제양궁장)","00000023","지원45","20221003","11","20","8","20","11","15","8","15","0","2","0","2","0","3","0","3","2","2","2","2","2","2","2","2","0","0","0","0","0","0","0","0","0","1","0","1","0","1","0","1","0","0","0","0","0","0","0","0"
"00000752","서남하이츠(국제양궁장)","00000049","진월78","20221003","0","4","2","4","0","0","2","0","0","2","0","2","0","2","0","2","0","1","0","1","0","1","0","1","0","0","0","0","0","0","0","0","0","0","0","0","0","0","0","0","0","0","0","0","0","0","0","0"
"00000752","서남하이츠(국제양궁장)","00000100","진월75","20221003","3","10","1","10","3","6","0","6","0","0","0","0","0","4","1","4","0","1","1","1","0","1","1","1","0","0","0","0","0","0","0","0","0","0","0","0","0","0","0","0","0","0","0","0","0","0","0","0"
"00000752","서남하이츠(국제양궁장)","00000112","순환01(운천저수지)","20221003","10","12","2","12","10","12","2","12","0","0","0","0","0","0","0","0","0","0","1","0","0","0","1","0","0","0","0","0","0","0","0","0","0","0","0","0","0","0","0","0","0","0","0","0","0","0","0","0"
"00000753","서남하이츠(국제양궁장)","00000001","순환01(시청행)","20221003","5","5","4","5","5","3","2","3","0","0","0","0","0","2","2","2","0","0","0","0","0","0","0","0","0","0","0","0","0","0","0","0","2","1","1","1","2","1","1","1","0","0","0","0","0","0","0","0"
"00000753","서남하이츠(국제양궁장)","00000023","지원45","20221003","3","8","3","8","3","7","2","7","0","1","0","1","0","0","1","0","0","1","1","1","0","1","1","1","0","0","0","0","0","0","0","0","0","0","0","0","0","0","0","0","0","0","0","0","0","0","0","0"
"00000753","서남하이츠(국제양궁장)","00000024","송암47","20221003","1","4","3","4","1","3","3","3","0","0","0","0","0","1","0","1","0","0","0","0","0","0","0","0","0","0","0","0","0","0","0","0","0","0","0","0","0","0","0","0","0","0","0","0","0","0","0","0"
"00000753","서남하이츠(국제양궁장)","00000049","진월78","20221003","1","2","0","2","1","1","0","1","0","0","0","0","0","1","0","1","1","0","0","0","1","0","0","0","0","0","0","0","0","0","0","0","0","0","0","0","0","0","0","0","0","0","0","0","0","0","0","0"
"00000753","서남하이츠(국제양궁장)","00000100","진월75","20221003","2","0","2","0","2","0","2","0","0","0","0","0","0","0","0","0","0","0","0","0","0","0","0","0","0","0","0","0","0","0","0","0","0","0","0","0","0","0","0","0","0","0","0","0","0","0","0","0"
"00000754","응암공원","00000005","첨단09","20221003","15","21","7","21","15","15","4","15","0","3","0","3","0","3","3","3","2","0","0","0","2","0","0","0","0","0","0","0","0","0","0","0","1","2","0","2","1","1","0","1","0","0","0","0","0","1","0","1"
"00000754","응암공원","00000061","임곡91","20221003","0","0","0","0","0","0","0","0","0","0","0","0","0","0","0","0","0","0","0","0","0","0","0","0","0","0","0","0","0","0","0","0","0","0","0","0","0","0","0","0","0","0","0","0","0","0","0","0"
"00000754","응암공원","00000062","첨단92","20221003","0","0","0","0","0","0","0","0","0","0","0","0","0","0","0","0","0","0","0","0","0","0","0","0","0","0","0","0","0","0","0","0","0","0","0","0","0","0","0","0","0","0","0","0","0","0","0","0"
"00000754","응암공원","00000090","문흥39","20221003","0","1","2","1","0","1","2","1","0","0","0","0","0","0","0","0","0","2","7","2","0","2","6","2","0","0","0","0","0","0","1","0","1","0","0","0","1","0","0","0","0","0","0","0","0","0","0","0"
"00000754","응암공원","00000092","첨단40","20221003","0","2","0","2","0","2","0","2","0","0","0","0","0","0","0","0","0","0","3","0","0","0","3","0","0","0","0","0","0","0","0","0","0","0","0","0","0","0","0","0","0","0","0","0","0","0","0","0"
"00000754","응암공원","00000095","금호46","20221003","0","1","0","1","0","0","0","0","0","0","0","0","0","1","0","1","4","1","0","1","3","1","0","1","0","0","0","0","1","0","0","0","0","0","0","0","0","0","0","0","0","0","0","0","0","0","0","0"
"00000754","응암공원","00000096","일곡10","20221003","3","3","2","3","2","2","2","2","0","0","0","0","1","1","0","1","2","0","1","0","2","0","1","0","0","0","0","0","0","0","0","0","0","0","2","0","0","0","1","0","0","0","0","0","0","0","1","0"
"00000754","응암공원","00000108","송정33","20221003","1","2","0","2","0","2","0","2","0","0","0","0","1","0","0","0","0","2","5","2","0","1","5","1","0","0","0","0","0","1","0","1","0","0","0","0","0","0","0","0","0","0","0","0","0","0","0","0"
"00000754","응암공원","00000114","수완03","20221003","1","2","4","2","1","2","4","2","0","0","0","0","0","0","0","0","2","4","8","4","2","4","7","4","0","0","0","0","0","0","1","0","0","0","1","0","0","0","1","0","0","0","0","0","0","0","0","0"
"00000754","응암공원","00000195","마을720","20221003","3","2","3","2","3","2","3","2","0","0","0","0","0","0","0","0","0","0","0","0","0","0","0","0","0","0","0","0","0","0","0","0","0","0","0","0","0","0","0","0","0","0","0","0","0","0","0","0"
"00000755","응암공원","00000005","첨단09","20221003","0","2","1","2","0","0","1","0","0","1","0","1","0","1","0","1","2","5","5","5","2","3","1","3","0","1","3","1","0","1","1","1","1","1","1","1","0","1","1","1","0","0","0","0","1","0","0","0"
"00000755","응암공원","00000090","문흥39","20221003","5","7","2","7","5","7","2","7","0","0","0","0","0","0","0","0","0","0","1","0","0","0","1","0","0","0","0","0","0","0","0","0","0","0","0","0","0","0","0","0","0","0","0","0","0","0","0","0"
"00000755","응암공원","00000095","금호46","20221003","2","5","8","5","2","4","8","4","0","0","0","0","0","1","0","1","0","0","0","0","0","0","0","0","0","0","0","0","0","0","0","0","1","2","1","2","1","1","0","1","0","0","0","0","0","1","1","1"
"00000755","응암공원","00000096","일곡10","20221003","0","3","0","3","0","2","0","2","0","0","0","0","0","1","0","1","0","0","1","0","0","0","1","0","0","0","0","0","0","0","0","0","1","0","0","0","1","0","0","0","0","0","0","0","0","0","0","0"
"00000755","응암공원","00000108","송정33","20221003","6","11","4","11","6","8","3","8","0","1","0","1","0","2","1","2","0","0","0","0","0","0","0","0","0","0","0","0","0","0","0","0","1","0","1","0","1","0","1","0","0","0","0","0","0","0","0","0"
"00000755","응암공원","00000114","수완03","20221003","29","39","29","39","28","32","26","32","1","2","0","2","0","5","3","5","1","0","0","0","1","0","0","0","0","0","0","0","0","0","0","0","1","3","6","3","1","2","6","2","0","0","0","0","0","1","0","1"
"00000757","서방사거리","00000024","송암47","20221003","0","3","5","3","0","3","5","3","0","0","0","0","0","0","0","0","0","3","1","3","0","3","1","3","0","0","0","0","0","0","0","0","0","0","0","0","0","0","0","0","0","0","0","0","0","0","0","0"
"00000757","서방사거리","00000112","순환01(운천저수지)","20221003","1","3","6","3","1","3","6","3","0","0","0","0","0","0","0","0","0","2","2","2","0","2","2","2","0","0","0","0","0","0","0","0","0","0","0","0","0","0","0","0","0","0","0","0","0","0","0","0"
"00000758","서방사거리","00000001","순환01(시청행)","20221003","0","0","0","0","0","0","0","0","0","0","0","0","0","0","0","0","2","1","7","1","2","1","7","1","0","0","0","0","0","0","0","0","0","0","0","0","0","0","0","0","0","0","0","0","0","0","0","0"
"00000758","서방사거리","00000020","일곡38","20221003","0","0","0","0","0","0","0","0","0","0","0","0","0","0","0","0","2","0","1","0","2","0","1","0","0","0","0","0","0","0","0","0","0","0","0","0","0","0","0","0","0","0","0","0","0","0","0","0"
"00000758","서방사거리","00000024","송암47","20221003","0","0","0","0","0","0","0","0","0","0","0","0","0","0","0","0","1","2","1","2","1","2","1","2","0","0","0","0","0","0","0","0","0","0","0","0","0","0","0","0","0","0","0","0","0","0","0","0"
"00000759","서방시장(서)","00000031","419","20221003","0","0","1","0","0","0","1","0","0","0","0","0","0","0","0","0","0","0","0","0","0","0","0","0","0","0","0","0","0","0","0","0","0","0","0","0","0","0","0","0","0","0","0","0","0","0","0","0"
"00000759","서방시장(서)","00000077","용전184","20221003","0","0","0","0","0","0","0","0","0","0","0","0","0","0","0","0","0","0","0","0","0","0","0","0","0","0","0","0","0","0","0","0","0","0","0","0","0","0","0","0","0","0","0","0","0","0","0","0"
"00000760","서방시장(북)","00000006","지원15","20221003","0","1","0","1","0","1","0","1","0","0","0","0","0","0","0","0","1","1","3","1","1","1","3","1","0","0","0","0","0","0","0","0","0","0","0","0","0","0","0","0","0","0","0","0","0","0","0","0"
"00000760","서방시장(북)","00000051","문흥80","20221003","0","0","0","0","0","0","0","0","0","0","0","0","0","0","0","0","1","0","1","0","0","0","1","0","0","0","0","0","1","0","0","0","0","0","0","0","0","0","0","0","0","0","0","0","0","0","0","0"
"00000760","서방시장(북)","00000078","충효187","20221003","0","2","0","2","0","2","0","2","0","0","0","0","0","0","0","0","0","0","0","0","0","0","0","0","0","0","0","0","0","0","0","0","0","0","0","0","0","0","0","0","0","0","0","0","0","0","0","0"
"00000761","서방시장(남)","00000003","매월06","20221003","2","12","8","12","2","10","8","10","0","0","0","0","0","2","0","2","0","4","1","4","0","4","1","4","0","0","0","0","0","0","0","0","2","8","1","8","2","8","1","8","0","0","0","0","0","0","0","0"
"00000761","서방시장(남)","00000010","송정19","20221003","0","3","7","3","0","3","7","3","0","0","0","0","0","0","0","0","0","3","1","3","0","3","1","3","0","0","0","0","0","0","0","0","2","5","1","5","2","5","1","5","0","0","0","0","0","0","0","0"
"00000761","서방시장(남)","00000020","일곡38","20221003","0","2","0","2","0","2","0","2","0","0","0","0","0","0","0","0","1","2","1","2","1","2","1","2","0","0","0","0","0","0","0","0","1","1","1","1","1","1","1","1","0","0","0","0","0","0","0","0"
"00000761","서방시장(남)","00000024","송암47","20221003","0","2","2","2","0","2","2","2","0","0","0","0","0","0","0","0","1","1","4","1","0","1","4","1","0","0","0","0","1","0","0","0","0","1","1","1","0","1","1","1","0","0","0","0","0","0","0","0"
"00000761","서방시장(남)","00000029","운림54","20221003","9","11","11","11","9","10","9","10","0","0","0","0","0","1","2","1","3","3","1","3","2","2","0","2","0","0","0","0","1","1","1","1","0","3","2","3","0","3","2","3","0","0","0","0","0","0","0","0"
"00000761","서방시장(남)","00000031","419","20221003","1","0","0","0","1","0","0","0","0","0","0","0","0","0","0","0","0","0","0","0","0","0","0","0","0","0","0","0","0","0","0","0","0","0","0","0","0","0","0","0","0","0","0","0","0","0","0","0"
"00000761","서방시장(남)","00000054","용봉83","20221003","3","0","2","0","3","0","2","0","0","0","0","0","0","0","0","0","2","3","1","3","2","3","1","3","0","0","0","0","0","0","0","0","0","0","0","0","0","0","0","0","0","0","0","0","0","0","0","0"
"00000761","서방시장(남)","00000058","석곡87","20221003","0","2","1","2","0","2","0","2","0","0","0","0","0","0","1","0","0","0","0","0","0","0","0","0","0","0","0","0","0","0","0","0","0","1","0","1","0","1","0","1","0","0","0","0","0","0","0","0"
"00000761","서방시장(남)","00000077","용전184","20221003","0","0","0","0","0","0","0","0","0","0","0","0","0","0","0","0","0","0","0","0","0","0","0","0","0","0","0","0","0","0","0","0","0","0","0","0","0","0","0","0","0","0","0","0","0","0","0","0"
"00000761","서방시장(남)","00000090","문흥39","20221003","6","3","0","3","5","3","0","3","0","0","0","0","1","0","0","0","1","1","1","1","1","1","1","1","0","0","0","0","0","0","0","0","1","0","1","0","1","0","1","0","0","0","0","0","0","0","0","0"
"00000762","서방시장(남)","00000003","매월06","20221003","2","1","5","1","2","1","2","1","0","0","1","0","0","0","2","0","1","2","1","2","1","2","1","2","0","0","0","0","0","0","0","0","2","0","5","0","2","0","4","0","0","0","0","0","0","0","1","0"
"00000762","서방시장(남)","00000006","지원15","20221003","1","3","8","3","1","3","8","3","0","0","0","0","0","0","0","0","0","2","2","2","0","2","2","2","0","0","0","0","0","0","0","0","0","2","1","2","0","2","1","2","0","0","0","0","0","0","0","0"
"00000762","서방시장(남)","00000010","송정19","20221003","4","1","11","1","4","1","4","1","0","0","0","0","0","0","7","0","2","5","5","5","2","5","4","5","0","0","0","0","0","0","1","0","4","0","5","0","4","0","5","0","0","0","0","0","0","0","0","0"
"00000762","서방시장(남)","00000020","일곡38","20221003","3","2","3","2","2","2","3","2","1","0","0","0","0","0","0","0","2","1","2","1","2","1","2","1","0","0","0","0","0","0","0","0","0","0","0","0","0","0","0","0","0","0","0","0","0","0","0","0"
"00000762","서방시장(남)","00000024","송암47","20221003","2","2","0","2","2","2","0","2","0","0","0","0","0","0","0","0","0","2","4","2","0","2","3","2","0","0","1","0","0","0","0","0","2","1","1","1","2","1","1","1","0","0","0","0","0","0","0","0"
"00000762","서방시장(남)","00000029","운림54","20221003","6","10","13","10","6","10","12","10","0","0","0","0","0","0","1","0","3","14","6","14","3","13","6","13","0","0","0","0","0","1","0","1","4","2","12","2","4","2","12","2","0","0","0","0","0","0","0","0"
"00000762","서방시장(남)","00000051","문흥80","20221003","0","3","2","3","0","3","2","3","0","0","0","0","0","0","0","0","2","0","1","0","2","0","1","0","0","0","0","0","0","0","0","0","1","3","2","3","1","3","2","3","0","0","0","0","0","0","0","0"
"00000762","서방시장(남)","00000054","용봉83","20221003","1","2","5","2","1","2","4","2","0","0","1","0","0","0","0","0","1","3","0","3","1","3","0","3","0","0","0","0","0","0","0","0","2","6","3","6","2","5","3","5","0","0","0","0","0","1","0","1"
"00000762","서방시장(남)","00000058","석곡87","20221003","0","0","2","0","0","0","2","0","0","0","0","0","0","0","0","0","0","0","1","0","0","0","1","0","0","0","0","0","0","0","0","0","0","0","4","0","0","0","4","0","0","0","0","0","0","0","0","0"
"00000762","서방시장(남)","00000076","두암181","20221003","2","0","0","0","2","0","0","0","0","0","0","0","0","0","0","0","0","0","0","0","0","0","0","0","0","0","0","0","0","0","0","0","2","0","0","0","2","0","0","0","0","0","0","0","0","0","0","0"
"00000762","서방시장(남)","00000078","충효187","20221003","2","0","0","0","2","0","0","0","0","0","0","0","0","0","0","0","0","1","1","1","0","1","1","1","0","0","0","0","0","0","0","0","0","0","0","0","0","0","0","0","0","0","0","0","0","0","0","0"
"00000762","서방시장(남)","00000090","문흥39","20221003","3","3","5","3","3","3","4","3","0","0","0","0","0","0","1","0","0","2","2","2","0","2","2","2","0","0","0","0","0","0","0","0","1","1","3","1","1","1","2","1","0","0","0","0","0","0","1","0"
"00000763","서광주전화국","00000017","첨단30","20221003","2","1","4","1","2","1","4","1","0","0","0","0","0","0","0","0","0","2","0","2","0","2","0","2","0","0","0","0","0","0","0","0","0","0","0","0","0","0","0","0","0","0","0","0","0","0","0","0"
"00000763","서광주전화국","00000039","유덕65","20221003","0","0","4","0","0","0","2","0","0","0","0","0","0","0","2","0","0","0","0","0","0","0","0","0","0","0","0","0","0","0","0","0","0","0","0","0","0","0","0","0","0","0","0","0","0","0","0","0"
"00000763","서광주전화국","00000040","대촌69","20221003","3","0","0","0","2","0","0","0","0","0","0","0","1","0","0","0","0","0","0","0","0","0","0","0","0","0","0","0","0","0","0","0","0","0","0","0","0","0","0","0","0","0","0","0","0","0","0","0"
"00000763","서광주전화국","00000059","임곡89","20221003","0","0","0","0","0","0","0","0","0","0","0","0","0","0","0","0","0","0","1","0","0","0","1","0","0","0","0","0","0","0","0","0","0","0","0","0","0","0","0","0","0","0","0","0","0","0","0","0"
"00000763","서광주전화국","00000101","송암31","20221003","0","1","0","1","0","1","0","1","0","0","0","0","0","0","0","0","0","0","0","0","0","0","0","0","0","0","0","0","0","0","0","0","0","0","0","0","0","0","0","0","0","0","0","0","0","0","0","0"
"00000763","서광주전화국","00000119","지원56","20221003","0","0","1","0","0","0","1","0","0","0","0","0","0","0","0","0","0","0","0","0","0","0","0","0","0","0","0","0","0","0","0","0","0","0","1","0","0","0","0","0","0","0","0","0","0","0","1","0"
"00000763","서광주전화국","00000201","마을760","20221003","1","1","4","1","1","1","4","1","0","0","0","0","0","0","0","0","0","1","0","1","0","1","0","1","0","0","0","0","0","0","0","0","0","0","0","0","0","0","0","0","0","0","0","0","0","0","0","0"
"00000764","서광주전화국","00000017","첨단30","20221003","0","4","3","4","0","1","3","1","0","2","0","2","0","1","0","1","3","2","0","2","3","2","0","2","0","0","0","0","0","0","0","0","0","0","0","0","0","0","0","0","0","0","0","0","0","0","0","0"
"00000764","서광주전화국","00000027","지원52","20221003","0","0","0","0","0","0","0","0","0","0","0","0","0","0","0","0","0","0","0","0","0","0","0","0","0","0","0","0","0","0","0","0","0","0","0","0","0","0","0","0","0","0","0","0","0","0","0","0"
"00000764","서광주전화국","00000039","유덕65","20221003","0","1","0","1","0","1","0","1","0","0","0","0","0","0","0","0","1","1","0","1","1","1","0","1","0","0","0","0","0","0","0","0","0","0","0","0","0","0","0","0","0","0","0","0","0","0","0","0"
"00000764","서광주전화국","00000059","임곡89","20221003","1","0","0","0","1","0","0","0","0","0","0","0","0","0","0","0","0","0","0","0","0","0","0","0","0","0","0","0","0","0","0","0","0","0","0","0","0","0","0","0","0","0","0","0","0","0","0","0"
"00000764","서광주전화국","00000101","송암31","20221003","0","0","0","0","0","0","0","0","0","0","0","0","0","0","0","0","2","1","1","1","2","1","1","1","0","0","0","0","0","0","0","0","0","0","0","0","0","0","0","0","0","0","0","0","0","0","0","0"
"00000764","서광주전화국","00000119","지원56","20221003","0","0","1","0","0","0","1","0","0","0","0","0","0","0","0","0","1","2","0","2","1","2","0","2","0","0","0","0","0","0","0","0","0","0","0","0","0","0","0","0","0","0","0","0","0","0","0","0"
"00000765","서산초교","00000006","지원15","20221003","1","2","0","2","1","2","0","2","0","0","0","0","0","0","0","0","0","1","0","1","0","1","0","1","0","0","0","0","0","0","0","0","2","0","0","0","2","0","0","0","0","0","0","0","0","0","0","0"
"00000765","서산초교","00000015","일곡28","20221003","0","0","0","0","0","0","0","0","0","0","0","0","0","0","0","0","3","0","1","0","3","0","0","0","0","0","0","0","0","0","1","0","0","0","0","0","0","0","0","0","0","0","0","0","0","0","0","0"
"00000765","서산초교","00000057","용전86","20221003","1","2","1","2","1","0","1","0","0","0","0","0","0","2","0","2","0","0","0","0","0","0","0","0","0","0","0","0","0","0","0","0","0","1","0","1","0","0","0","0","0","0","0","0","0","1","0","1"
"00000765","서산초교","00000077","용전184","20221003","1","0","1","0","1","0","1","0","0","0","0","0","0","0","0","0","0","0","0","0","0","0","0","0","0","0","0","0","0","0","0","0","1","0","0","0","1","0","0","0","0","0","0","0","0","0","0","0"
"00000766","서산초교","00000006","지원15","20221003","6","2","2","2","6","2","1","2","0","0","0","0","0","0","1","0","1","0","2","0","1","0","2","0","0","0","0","0","0","0","0","0","0","0","1","0","0","0","1","0","0","0","0","0","0","0","0","0"
"00000766","서산초교","00000015","일곡28","20221003","7","9","9","9","7","8","7","8","0","0","0","0","0","1","2","1","2","1","1","1","2","1","1","1","0","0","0","0","0","0","0","0","1","0","0","0","1","0","0","0","0","0","0","0","0","0","0","0"
"00000766","서산초교","00000057","용전86","20221003","1","1","4","1","1","1","4","1","0","0","0","0","0","0","0","0","1","1","1","1","1","1","1","1","0","0","0","0","0","0","0","0","0","0","0","0","0","0","0","0","0","0","0","0","0","0","0","0"
"00000766","서산초교","00000077","용전184","20221003","2","1","0","1","2","1","0","1","0","0","0","0","0","0","0","0","0","0","1","0","0","0","1","0","0","0","0","0","0","0","0","0","0","0","0","0","0","0","0","0","0","0","0","0","0","0","0","0"
"00000768","서석고","00000010","송정19","20221003","2","5","5","5","2","5","5","5","0","0","0","0","0","0","0","0","1","1","3","1","1","1","3","1","0","0","0","0","0","0","0","0","1","0","0","0","1","0","0","0","0","0","0","0","0","0","0","0"
"00000768","서석고","00000119","지원56","20221003","0","2","6","2","0","2","6","2","0","0","0","0","0","0","0","0","1","0","0","0","1","0","0","0","0","0","0","0","0","0","0","0","0","0","0","0","0","0","0","0","0","0","0","0","0","0","0","0"
"00000769","서석고","00000010","송정19","20221003","4","2","1","2","4","2","1","2","0","0","0","0","0","0","0","0","1","1","1","1","1","1","1","1","0","0","0","0","0","0","0","0","0","2","1","2","0","2","1","2","0","0","0","0","0","0","0","0"
"00000769","서석고","00000119","지원56","20221003","0","0","1","0","0","0","1","0","0","0","0","0","0","0","0","0","1","3","2","3","1","3","2","3","0","0","0","0","0","0","0","0","0","0","0","0","0","0","0","0","0","0","0","0","0","0","0","0"
"00000771","서창농협","00000007","매월16","20221003","0","0","1","0","0","0","1","0","0","0","0","0","0","0","0","0","0","0","3","0","0","0","2","0","0","0","0","0","0","0","1","0","1","0","0","0","1","0","0","0","0","0","0","0","0","0","0","0"
"00000771","서창농협","00000008","진월17","20221003","0","0","1","0","0","0","1","0","0","0","0","0","0","0","0","0","1","0","5","0","1","0","4","0","0","0","0","0","0","0","1","0","1","0","1","0","1","0","1","0","0","0","0","0","0","0","0","0"
"00000771","서창농협","00000048","진월77","20221003","1","0","0","0","1","0","0","0","0","0","0","0","0","0","0","0","0","0","1","0","0","0","0","0","0","0","0","0","0","0","1","0","0","0","0","0","0","0","0","0","0","0","0","0","0","0","0","0"
"00000771","서창농협","00000088","금호36","20221003","1","0","1","0","1","0","1","0","0","0","0","0","0","0","0","0","1","1","1","1","1","1","1","1","0","0","0","0","0","0","0","0","1","0","2","0","1","0","2","0","0","0","0","0","0","0","0","0"
"00000771","서창농협","00000095","금호46","20221003","0","2","0","2","0","2","0","2","0","0","0","0","0","0","0","0","2","0","0","0","2","0","0","0","0","0","0","0","0","0","0","0","0","1","1","1","0","1","1","1","0","0","0","0","0","0","0","0"
"00000771","서창농협","00000100","진월75","20221003","12","8","5","8","12","8","5","8","0","0","0","0","0","0","0","0","0","0","1","0","0","0","1","0","0","0","0","0","0","0","0","0","0","0","2","0","0","0","2","0","0","0","0","0","0","0","0","0"
"00000772","서창농협","00000007","매월16","20221003","1","9","1","9","1","8","1","8","0","0","0","0","0","1","0","1","0","0","0","0","0","0","0","0","0","0","0","0","0","0","0","0","0","0","1","0","0","0","1","0","0","0","0","0","0","0","0","0"
"00000772","서창농협","00000008","진월17","20221003","5","3","9","3","5","3","8","3","0","0","0","0","0","0","1","0","0","0","2","0","0","0","2","0","0","0","0","0","0","0","0","0","0","0","0","0","0","0","0","0","0","0","0","0","0","0","0","0"
"00000772","서창농협","00000100","진월75","20221003","0","0","0","0","0","0","0","0","0","0","0","0","0","0","0","0","1","3","1","3","1","3","1","3","0","0","0","0","0","0","0","0","0","0","0","0","0","0","0","0","0","0","0","0","0","0","0","0"
"00000775","서창입구","00000010","송정19","20221003","0","0","5","0","0","0","5","0","0","0","0","0","0","0","0","0","0","0","0","0","0","0","0","0","0","0","0","0","0","0","0","0","0","0","0","0","0","0","0","0","0","0","0","0","0","0","0","0"
"00000775","서창입구","00000011","첨단20","20221003","0","0","0","0","0","0","0","0","0","0","0","0","0","0","0","0","1","0","1","0","1","0","1","0","0","0","0","0","0","0","0","0","0","1","2","1","0","1","2","1","0","0","0","0","0","0","0","0"
"00000775","서창입구","00000020","일곡38","20221003","0","0","0","0","0","0","0","0","0","0","0","0","0","0","0","0","1","1","0","1","1","1","0","1","0","0","0","0","0","0","0","0","0","0","0","0","0","0","0","0","0","0","0","0","0","0","0","0"
"00000775","서창입구","00000025","운림50","20221003","0","0","4","0","0","0","4","0","0","0","0","0","0","0","0","0","0","0","0","0","0","0","0","0","0","0","0","0","0","0","0","0","0","0","0","0","0","0","0","0","0","0","0","0","0","0","0","0"
"00000775","서창입구","00000036","상무62(상무역행)","20221003","0","0","0","0","0","0","0","0","0","0","0","0","0","0","0","0","0","1","0","1","0","1","0","1","0","0","0","0","0","0","0","0","0","0","0","0","0","0","0","0","0","0","0","0","0","0","0","0"
"00000775","서창입구","00000038","상무64","20221003","0","0","0","0","0","0","0","0","0","0","0","0","0","0","0","0","0","0","0","0","0","0","0","0","0","0","0","0","0","0","0","0","0","0","0","0","0","0","0","0","0","0","0","0","0","0","0","0"
"00000775","서창입구","00000040","대촌69","20221003","0","0","0","0","0","0","0","0","0","0","0","0","0","0","0","0","0","0","0","0","0","0","0","0","0","0","0","0","0","0","0","0","0","0","0","0","0","0","0","0","0","0","0","0","0","0","0","0"
"00000775","서창입구","00000044","송암73","20221003","1","0","3","0","1","0","3","0","0","0","0","0","0","0","0","0","0","0","0","0","0","0","0","0","0","0","0","0","0","0","0","0","0","0","0","0","0","0","0","0","0","0","0","0","0","0","0","0"
"00000775","서창입구","00000109","좌석02","20221003","0","1","2","1","0","1","2","1","0","0","0","0","0","0","0","0","0","0","2","0","0","0","2","0","0","0","0","0","0","0","0","0","2","0","0","0","2","0","0","0","0","0","0","0","0","0","0","0"
"00000776","서창입구","00000010","송정19","20221003","0","0","2","0","0","0","2","0","0","0","0","0","0","0","0","0","0","1","0","1","0","1","0","1","0","0","0","0","0","0","0","0","1","0","0","0","1","0","0","0","0","0","0","0","0","0","0","0"
"00000776","서창입구","00000011","첨단20","20221003","1","0","3","0","1","0","3","0","0","0","0","0","0","0","0","0","0","0","0","0","0","0","0","0","0","0","0","0","0","0","0","0","1","0","0","0","1","0","0","0","0","0","0","0","0","0","0","0"
"00000776","서창입구","00000020","일곡38","20221003","1","1","0","1","1","1","0","1","0","0","0","0","0","0","0","0","0","0","0","0","0","0","0","0","0","0","0","0","0","0","0","0","0","0","0","0","0","0","0","0","0","0","0","0","0","0","0","0"
"00000776","서창입구","00000044","송암73","20221003","0","0","0","0","0","0","0","0","0","0","0","0","0","0","0","0","0","0","0","0","0","0","0","0","0","0","0","0","0","0","0","0","0","0","0","0","0","0","0","0","0","0","0","0","0","0","0","0"
"00000776","서창입구","00000109","좌석02","20221003","0","2","9","2","0","2","5","2","0","0","2","0","0","0","2","0","3","0","0","0","2","0","0","0","1","0","0","0","0","0","0","0","1","0","0","0","1","0","0","0","0","0","0","0","0","0","0","0"
"00000776","서창입구","00000127","상무62","20221003","0","0","0","0","0","0","0","0","0","0","0","0","0","0","0","0","0","0","0","0","0","0","0","0","0","0","0","0","0","0","0","0","0","0","1","0","0","0","1","0","0","0","0","0","0","0","0","0"
"00000779","석동","00000059","임곡89","20221003","0","0","0","0","0","0","0","0","0","0","0","0","0","0","0","0","0","0","0","0","0","0","0","0","0","0","0","0","0","0","0","0","0","0","0","0","0","0","0","0","0","0","0","0","0","0","0","0"
"00000780","선교","00000122","228(화순전대병원)","20221003","0","3","0","3","0","3","0","3","0","0","0","0","0","0","0","0","0","0","0","0","0","0","0","0","0","0","0","0","0","0","0","0","0","0","0","0","0","0","0","0","0","0","0","0","0","0","0","0"
"00000781","우영아파트","00000047","봉선76","20221003","1","0","0","0","1","0","0","0","0","0","0","0","0","0","0","0","0","1","0","1","0","1","0","1","0","0","0","0","0","0","0","0","0","0","0","0","0","0","0","0","0","0","0","0","0","0","0","0"
"00000785","공구의거리","00000019","봉선37","20221003","2","1","1","1","2","0","1","0","0","0","0","0","0","1","0","1","0","0","0","0","0","0","0","0","0","0","0","0","0","0","0","0","0","1","1","1","0","1","1","1","0","0","0","0","0","0","0","0"
"00000785","공구의거리","00000068","송정98","20221003","1","5","4","5","1","5","4","5","0","0","0","0","0","0","0","0","1","1","3","1","1","1","3","1","0","0","0","0","0","0","0","0","1","0","0","0","1","0","0","0","0","0","0","0","0","0","0","0"
"00000785","공구의거리","00000120","양산60","20221003","1","1","1","1","1","1","1","1","0","0","0","0","0","0","0","0","0","0","1","0","0","0","1","0","0","0","0","0","0","0","0","0","1","0","0","0","1","0","0","0","0","0","0","0","0","0","0","0"
"00000786","공구의거리","00000019","봉선37","20221003","1","0","0","0","1","0","0","0","0","0","0","0","0","0","0","0","1","2","1","2","1","2","0","2","0","0","0","0","0","0","1","0","0","0","0","0","0","0","0","0","0","0","0","0","0","0","0","0"
"00000786","공구의거리","00000059","임곡89","20221003","0","0","0","0","0","0","0","0","0","0","0","0","0","0","0","0","0","0","0","0","0","0","0","0","0","0","0","0","0","0","0","0","0","0","0","0","0","0","0","0","0","0","0","0","0","0","0","0"
"00000786","공구의거리","00000068","송정98","20221003","0","1","0","1","0","1","0","1","0","0","0","0","0","0","0","0","0","2","0","2","0","2","0","2","0","0","0","0","0","0","0","0","1","0","0","0","1","0","0","0","0","0","0","0","0","0","0","0"
"00000786","공구의거리","00000120","양산60","20221003","0","0","1","0","0","0","1","0","0","0","0","0","0","0","0","0","0","1","0","1","0","0","0","0","0","0","0","0","0","1","0","1","0","0","0","0","0","0","0","0","0","0","0","0","0","0","0","0"
"00000787","성산맨션","00000006","지원15","20221003","0","1","1","1","0","1","1","1","0","0","0","0","0","0","0","0","2","2","5","2","2","2","5","2","0","0","0","0","0","0","0","0","0","3","0","3","0","2","0","2","0","1","0","1","0","0","0","0"
"00000787","성산맨션","00000010","송정19","20221003","0","0","0","0","0","0","0","0","0","0","0","0","0","0","0","0","1","1","1","1","1","1","1","1","0","0","0","0","0","0","0","0","0","0","0","0","0","0","0","0","0","0","0","0","0","0","0","0"
"00000787","성산맨션","00000015","일곡28","20221003","1","3","0","3","1","3","0","3","0","0","0","0","0","0","0","0","1","4","5","4","1","4","4","4","0","0","0","0","0","0","1","0","0","2","0","2","0","2","0","2","0","0","0","0","0","0","0","0"
"00000787","성산맨션","00000018","운림35","20221003","0","0","0","0","0","0","0","0","0","0","0","0","0","0","0","0","2","0","3","0","2","0","3","0","0","0","0","0","0","0","0","0","0","0","0","0","0","0","0","0","0","0","0","0","0","0","0","0"
"00000787","성산맨션","00000020","일곡38","20221003","1","1","0","1","1","1","0","1","0","0","0","0","0","0","0","0","0","0","4","0","0","0","4","0","0","0","0","0","0","0","0","0","0","0","0","0","0","0","0","0","0","0","0","0","0","0","0","0"
"00000787","성산맨션","00000029","운림54","20221003","2","0","2","0","2","0","2","0","0","0","0","0","0","0","0","0","6","10","13","10","6","10","13","10","0","0","0","0","0","0","0","0","0","0","3","0","0","0","3","0","0","0","0","0","0","0","0","0"
"00000787","성산맨션","00000031","419","20221003","0","0","0","0","0","0","0","0","0","0","0","0","0","0","0","0","0","0","0","0","0","0","0","0","0","0","0","0","0","0","0","0","0","2","0","2","0","2","0","2","0","0","0","0","0","0","0","0"
"00000787","성산맨션","00000051","문흥80","20221003","0","0","0","0","0","0","0","0","0","0","0","0","0","0","0","0","1","2","0","2","1","2","0","2","0","0","0","0","0","0","0","0","0","0","0","0","0","0","0","0","0","0","0","0","0","0","0","0"
"00000787","성산맨션","00000054","용봉83","20221003","1","1","1","1","1","1","1","1","0","0","0","0","0","0","0","0","0","2","3","2","0","2","3","2","0","0","0","0","0","0","0","0","1","0","1","0","1","0","1","0","0","0","0","0","0","0","0","0"
"00000787","성산맨션","00000077","용전184","20221003","0","0","0","0","0","0","0","0","0","0","0","0","0","0","0","0","1","1","0","1","1","1","0","1","0","0","0","0","0","0","0","0","0","0","0","0","0","0","0","0","0","0","0","0","0","0","0","0"
"00000787","성산맨션","00000213","마을788","20221003","0","0","0","0","0","0","0","0","0","0","0","0","0","0","0","0","0","0","0","0","0","0","0","0","0","0","0","0","0","0","0","0","0","0","0","0","0","0","0","0","0","0","0","0","0","0","0","0"
"00000788","역산공원입구","00000036","상무62(상무역행)","20221003","0","1","0","1","0","1","0","1","0","0","0","0","0","0","0","0","0","0","0","0","0","0","0","0","0","0","0","0","0","0","0","0","0","0","0","0","0","0","0","0","0","0","0","0","0","0","0","0"
"00000788","역산공원입구","00000108","송정33","20221003","0","2","0","2","0","1","0","1","0","1","0","1","0","0","0","0","1","0","2","0","1","0","2","0","0","0","0","0","0","0","0","0","0","0","1","0","0","0","1","0","0","0","0","0","0","0","0","0"
"00000788","역산공원입구","00000111","송암68","20221003","1","3","0","3","1","1","0","1","0","0","0","0","0","2","0","2","1","0","1","0","1","0","1","0","0","0","0","0","0","0","0","0","0","0","0","0","0","0","0","0","0","0","0","0","0","0","0","0"
"00000788","역산공원입구","00000125","선운101","20221003","0","0","0","0","0","0","0","0","0","0","0","0","0","0","0","0","1","0","1","0","1","0","1","0","0","0","0","0","0","0","0","0","0","0","0","0","0","0","0","0","0","0","0","0","0","0","0","0"
"00000788","역산공원입구","00000195","마을720","20221003","0","0","0","0","0","0","0","0","0","0","0","0","0","0","0","0","1","0","0","0","1","0","0","0","0","0","0","0","0","0","0","0","0","0","0","0","0","0","0","0","0","0","0","0","0","0","0","0"
"00000789","역산공원입구","00000009","문흥18","20221003","0","0","8","0","0","0","7","0","0","0","0","0","0","0","1","0","0","0","3","0","0","0","3","0","0","0","0","0","0","0","0","0","3","0","2","0","3","0","2","0","0","0","0","0","0","0","0","0"
"00000789","역산공원입구","00000108","송정33","20221003","2","3","5","3","2","2","2","2","0","0","0","0","0","1","3","1","0","0","1","0","0","0","1","0","0","0","0","0","0","0","0","0","0","0","1","0","0","0","1","0","0","0","0","0","0","0","0","0"
"00000789","역산공원입구","00000111","송암68","20221003","0","0","0","0","0","0","0","0","0","0","0","0","0","0","0","0","0","1","1","1","0","1","1","1","0","0","0","0","0","0","0","0","0","1","0","1","0","1","0","1","0","0","0","0","0","0","0","0"
"00000789","역산공원입구","00000125","선운101","20221003","0","0","2","0","0","0","2","0","0","0","0","0","0","0","0","0","0","1","0","1","0","1","0","1","0","0","0","0","0","0","0","0","0","2","1","2","0","2","1","2","0","0","0","0","0","0","0","0"
"00000789","역산공원입구","00000127","상무62","20221003","0","0","0","0","0","0","0","0","0","0","0","0","0","0","0","0","1","1","1","1","1","1","1","1","0","0","0","0","0","0","0","0","0","0","0","0","0","0","0","0","0","0","0","0","0","0","0","0"
"00000789","역산공원입구","00000195","마을720","20221003","0","0","0","0","0","0","0","0","0","0","0","0","0","0","0","0","0","0","0","0","0","0","0","0","0","0","0","0","0","0","0","0","0","1","0","1","0","1","0","1","0","0","0","0","0","0","0","0"
"00000790","성촌마을/전통문화관","00000018","운림35","20221003","0","0","0","0","0","0","0","0","0","0","0","0","0","0","0","0","0","3","0","3","0","3","0","3","0","0","0","0","0","0","0","0","0","0","0","0","0","0","0","0","0","0","0","0","0","0","0","0"
"00000790","성촌마을/전통문화관","00000025","운림50","20221003","0","0","0","0","0","0","0","0","0","0","0","0","0","0","0","0","0","0","0","0","0","0","0","0","0","0","0","0","0","0","0","0","0","0","0","0","0","0","0","0","0","0","0","0","0","0","0","0"
"00000790","성촌마을/전통문화관","00000026","운림51","20221003","0","0","0","0","0","0","0","0","0","0","0","0","0","0","0","0","0","5","3","5","0","5","3","5","0","0","0","0","0","0","0","0","0","0","0","0","0","0","0","0","0","0","0","0","0","0","0","0"
"00000790","성촌마을/전통문화관","00000029","운림54","20221003","0","0","0","0","0","0","0","0","0","0","0","0","0","0","0","0","1","5","0","5","1","5","0","5","0","0","0","0","0","0","0","0","0","0","0","0","0","0","0","0","0","0","0","0","0","0","0","0"
"00000790","성촌마을/전통문화관","00000098","수완49","20221003","0","0","0","0","0","0","0","0","0","0","0","0","0","0","0","0","0","0","0","0","0","0","0","0","0","0","0","0","0","0","0","0","0","0","0","0","0","0","0","0","0","0","0","0","0","0","0","0"
"00000790","성촌마을/전통문화관","00000102","수완12","20221003","0","0","0","0","0","0","0","0","0","0","0","0","0","0","0","0","1","2","0","2","1","2","0","2","0","0","0","0","0","0","0","0","0","0","0","0","0","0","0","0","0","0","0","0","0","0","0","0"
"00000790","성촌마을/전통문화관","00000109","좌석02","20221003","0","0","0","0","0","0","0","0","0","0","0","0","0","0","0","0","0","0","0","0","0","0","0","0","0","0","0","0","0","0","0","0","0","0","0","0","0","0","0","0","0","0","0","0","0","0","0","0"
"00000791","성촌마을/전통문화관","00000018","운림35","20221003","1","2","0","2","1","2","0","2","0","0","0","0","0","0","0","0","0","0","0","0","0","0","0","0","0","0","0","0","0","0","0","0","0","0","0","0","0","0","0","0","0","0","0","0","0","0","0","0"
"00000791","성촌마을/전통문화관","00000025","운림50","20221003","1","1","2","1","1","1","1","1","0","0","0","0","0","0","1","0","0","0","0","0","0","0","0","0","0","0","0","0","0","0","0","0","0","0","0","0","0","0","0","0","0","0","0","0","0","0","0","0"
"00000791","성촌마을/전통문화관","00000026","운림51","20221003","2","4","5","4","2","4","5","4","0","0","0","0","0","0","0","0","0","0","0","0","0","0","0","0","0","0","0","0","0","0","0","0","0","0","0","0","0","0","0","0","0","0","0","0","0","0","0","0"
"00000791","성촌마을/전통문화관","00000029","운림54","20221003","2","3","4","3","2","3","4","3","0","0","0","0","0","0","0","0","0","0","0","0","0","0","0","0","0","0","0","0","0","0","0","0","0","0","0","0","0","0","0","0","0","0","0","0","0","0","0","0"
"00000791","성촌마을/전통문화관","00000098","수완49","20221003","0","0","5","0","0","0","5","0","0","0","0","0","0","0","0","0","0","0","0","0","0","0","0","0","0","0","0","0","0","0","0","0","0","0","0","0","0","0","0","0","0","0","0","0","0","0","0","0"
"00000791","성촌마을/전통문화관","00000102","수완12","20221003","0","2","1","2","0","1","1","1","0","0","0","0","0","1","0","1","0","0","0","0","0","0","0","0","0","0","0","0","0","0","0","0","0","0","0","0","0","0","0","0","0","0","0","0","0","0","0","0"
"00000791","성촌마을/전통문화관","00000109","좌석02","20221003","0","2","1","2","0","2","1","2","0","0","0","0","0","0","0","0","0","0","0","0","0","0","0","0","0","0","0","0","0","0","0","0","0","0","0","0","0","0","0","0","0","0","0","0","0","0","0","0"
"00000792","세량리","00000074","진월177","20221003","0","0","0","0","0","0","0","0","0","0","0","0","0","0","0","0","0","0","0","0","0","0","0","0","0","0","0","0","0","0","0","0","0","0","0","0","0","0","0","0","0","0","0","0","0","0","0","0"
"00000796","만연빌딩","00000072","지원152(능주역)","20221003","0","0","0","0","0","0","0","0","0","0","0","0","0","0","0","0","0","0","0","0","0","0","0","0","0","0","0","0","0","0","0","0","0","0","0","0","0","0","0","0","0","0","0","0","0","0","0","0"
"00000796","만연빌딩","00000123","지원152(도웅리)","20221003","0","0","0","0","0","0","0","0","0","0","0","0","0","0","0","0","0","0","0","0","0","0","0","0","0","0","0","0","0","0","0","0","0","0","0","0","0","0","0","0","0","0","0","0","0","0","0","0"
"00000798","지원2동행정복지센터입구","00000006","지원15","20221003","4","11","5","11","4","9","5","9","0","0","0","0","0","2","0","2","1","0","0","0","1","0","0","0","0","0","0","0","0","0","0","0","0","2","1","2","0","2","0","2","0","0","0","0","0","0","1","0"
"00000798","지원2동행정복지센터입구","00000012","지원25","20221003","4","5","6","5","4","5","6","5","0","0","0","0","0","0","0","0","0","0","1","0","0","0","1","0","0","0","0","0","0","0","0","0","1","0","0","0","1","0","0","0","0","0","0","0","0","0","0","0"
"00000798","지원2동행정복지센터입구","00000023","지원45","20221003","6","8","4","8","6","8","4","8","0","0","0","0","0","0","0","0","0","1","1","1","0","1","1","1","0","0","0","0","0","0","0","0","2","4","2","4","2","3","1","3","0","0","0","0","0","1","1","1"
"00000798","지원2동행정복지센터입구","00000027","지원52","20221003","0","1","1","1","0","1","1","1","0","0","0","0","0","0","0","0","0","0","0","0","0","0","0","0","0","0","0","0","0","0","0","0","0","0","0","0","0","0","0","0","0","0","0","0","0","0","0","0"
"00000798","지원2동행정복지센터입구","00000047","봉선76","20221003","1","2","1","2","1","2","0","2","0","0","1","0","0","0","0","0","0","1","0","1","0","1","0","1","0","0","0","0","0","0","0","0","0","0","1","0","0","0","0","0","0","0","0","0","0","0","1","0"
"00000798","지원2동행정복지센터입구","00000071","228(구151화순사평)","20221003","3","0","0","0","3","0","0","0","0","0","0","0","0","0","0","0","0","0","0","0","0","0","0","0","0","0","0","0","0","0","0","0","0","0","0","0","0","0","0","0","0","0","0","0","0","0","0","0"
"00000798","지원2동행정복지센터입구","00000072","지원152(능주역)","20221003","3","4","0","4","3","4","0","4","0","0","0","0","0","0","0","0","1","0","0","0","1","0","0","0","0","0","0","0","0","0","0","0","0","0","0","0","0","0","0","0","0","0","0","0","0","0","0","0"
"00000798","지원2동행정복지센터입구","00000122","228(화순전대병원)","20221003","0","0","4","0","0","0","4","0","0","0","0","0","0","0","0","0","0","1","4","1","0","1","4","1","0","0","0","0","0","0","0","0","0","1","1","1","0","1","0","1","0","0","0","0","0","0","1","0"
"00000798","지원2동행정복지센터입구","00000123","지원152(도웅리)","20221003","0","0","2","0","0","0","2","0","0","0","0","0","0","0","0","0","0","2","6","2","0","0","6","0","0","1","0","1","0","1","0","1","0","0","0","0","0","0","0","0","0","0","0","0","0","0","0","0"
"00000799","지원2동행정복지센터입구","00000006","지원15","20221003","2","1","0","1","2","1","0","1","0","0","0","0","0","0","0","0","1","0","1","0","1","0","1","0","0","0","0","0","0","0","0","0","0","1","0","1","0","1","0","1","0","0","0","0","0","0","0","0"
"00000799","지원2동행정복지센터입구","00000012","지원25","20221003","0","0","0","0","0","0","0","0","0","0","0","0","0","0","0","0","0","0","1","0","0","0","1","0","0","0","0","0","0","0","0","0","0","0","0","0","0","0","0","0","0","0","0","0","0","0","0","0"
"00000799","지원2동행정복지센터입구","00000023","지원45","20221003","0","0","1","0","0","0","1","0","0","0","0","0","0","0","0","0","1","2","2","2","1","2","2","2","0","0","0","0","0","0","0","0","1","2","0","2","1","2","0","2","0","0","0","0","0","0","0","0"
"00000799","지원2동행정복지센터입구","00000027","지원52","20221003","1","0","0","0","1","0","0","0","0","0","0","0","0","0","0","0","0","0","0","0","0","0","0","0","0","0","0","0","0","0","0","0","0","0","1","0","0","0","1","0","0","0","0","0","0","0","0","0"
"00000799","지원2동행정복지센터입구","00000047","봉선76","20221003","0","0","1","0","0","0","1","0","0","0","0","0","0","0","0","0","0","0","0","0","0","0","0","0","0","0","0","0","0","0","0","0","0","0","0","0","0","0","0","0","0","0","0","0","0","0","0","0"
"00000799","지원2동행정복지센터입구","00000071","228(구151화순사평)","20221003","0","1","0","1","0","1","0","1","0","0","0","0","0","0","0","0","0","0","0","0","0","0","0","0","0","0","0","0","0","0","0","0","1","0","0","0","1","0","0","0","0","0","0","0","0","0","0","0"
"00000799","지원2동행정복지센터입구","00000072","지원152(능주역)","20221003","1","0","1","0","1","0","1","0","0","0","0","0","0","0","0","0","1","0","0","0","1","0","0","0","0","0","0","0","0","0","0","0","0","0","1","0","0","0","1","0","0","0","0","0","0","0","0","0"
"00000799","지원2동행정복지센터입구","00000122","228(화순전대병원)","20221003","0","0","1","0","0","0","1","0","0","0","0","0","0","0","0","0","0","0","1","0","0","0","1","0","0","0","0","0","0","0","0","0","1","0","0","0","1","0","0","0","0","0","0","0","0","0","0","0"
"00000799","지원2동행정복지센터입구","00000123","지원152(도웅리)","20221003","0","1","0","1","0","1","0","1","0","0","0","0","0","0","0","0","0","0","1","0","0","0","1","0","0","0","0","0","0","0","0","0","0","1","1","1","0","1","1","1","0","0","0","0","0","0","0","0"
"00000800","솔뫼타운","00000024","송암47","20221003","1","1","0","1","1","1","0","1","0","0","0","0","0","0","0","0","0","0","0","0","0","0","0","0","0","0","0","0","0","0","0","0","0","0","0","0","0","0","0","0","0","0","0","0","0","0","0","0"
"00000800","솔뫼타운","00000038","상무64","20221003","2","4","1","4","2","4","1","4","0","0","0","0","0","0","0","0","0","1","0","1","0","1","0","1","0","0","0","0","0","0","0","0","1","0","1","0","0","0","1","0","1","0","0","0","0","0","0","0"
"00000800","솔뫼타운","00000043","송암72","20221003","1","0","0","0","1","0","0","0","0","0","0","0","0","0","0","0","1","0","1","0","1","0","1","0","0","0","0","0","0","0","0","0","0","0","0","0","0","0","0","0","0","0","0","0","0","0","0","0"
"00000800","솔뫼타운","00000088","금호36","20221003","3","2","4","2","3","2","4","2","0","0","0","0","0","0","0","0","0","2","1","2","0","2","1","2","0","0","0","0","0","0","0","0","0","0","0","0","0","0","0","0","0","0","0","0","0","0","0","0"
"00000800","솔뫼타운","00000115","선운14","20221003","0","3","2","3","0","3","2","3","0","0","0","0","0","0","0","0","0","1","1","1","0","1","1","1","0","0","0","0","0","0","0","0","0","0","1","0","0","0","1","0","0","0","0","0","0","0","0","0"
"00000801","송림주택","00000015","일곡28","20221003","9","4","3","4","7","4","2","4","0","0","0","0","2","0","1","0","4","0","1","0","4","0","1","0","0","0","0","0","0","0","0","0","0","0","0","0","0","0","0","0","0","0","0","0","0","0","0","0"
"00000801","송림주택","00000019","봉선37","20221003","1","0","3","0","1","0","2","0","0","0","0","0","0","0","1","0","3","0","5","0","3","0","5","0","0","0","0","0","0","0","0","0","0","0","0","0","0","0","0","0","0","0","0","0","0","0","0","0"
"00000801","송림주택","00000025","운림50","20221003","6","3","1","3","6","3","1","3","0","0","0","0","0","0","0","0","0","2","0","2","0","2","0","2","0","0","0","0","0","0","0","0","0","0","1","0","0","0","1","0","0","0","0","0","0","0","0","0"
"00000801","송림주택","00000119","지원56","20221003","2","0","1","0","2","0","1","0","0","0","0","0","0","0","0","0","0","2","0","2","0","2","0","2","0","0","0","0","0","0","0","0","0","0","0","0","0","0","0","0","0","0","0","0","0","0","0","0"
"00000802","송림주택","00000015","일곡28","20221003","4","3","4","3","4","3","4","3","0","0","0","0","0","0","0","0","2","0","1","0","2","0","1","0","0","0","0","0","0","0","0","0","0","0","0","0","0","0","0","0","0","0","0","0","0","0","0","0"
"00000802","송림주택","00000019","봉선37","20221003","8","8","7","8","8","8","7","8","0","0","0","0","0","0","0","0","0","0","0","0","0","0","0","0","0","0","0","0","0","0","0","0","0","1","0","1","0","1","0","1","0","0","0","0","0","0","0","0"
"00000802","송림주택","00000025","운림50","20221003","1","3","2","3","1","3","2","3","0","0","0","0","0","0","0","0","0","1","0","1","0","1","0","1","0","0","0","0","0","0","0","0","0","0","0","0","0","0","0","0","0","0","0","0","0","0","0","0"
"00000802","송림주택","00000119","지원56","20221003","2","3","3","3","2","3","3","3","0","0","0","0","0","0","0","0","0","0","0","0","0","0","0","0","0","0","0","0","0","0","0","0","0","0","0","0","0","0","0","0","0","0","0","0","0","0","0","0"
"00000803","광산경찰서","00000019","봉선37","20221003","1","1","0","1","1","1","0","1","0","0","0","0","0","0","0","0","1","4","7","4","1","4","7","4","0","0","0","0","0","0","0","0","0","0","0","0","0","0","0","0","0","0","0","0","0","0","0","0"
"00000803","광산경찰서","00000020","일곡38","20221003","0","0","2","0","0","0","2","0","0","0","0","0","0","0","0","0","0","0","1","0","0","0","1","0","0","0","0","0","0","0","0","0","0","0","0","0","0","0","0","0","0","0","0","0","0","0","0","0"
"00000803","광산경찰서","00000060","임곡90","20221003","0","0","0","0","0","0","0","0","0","0","0","0","0","0","0","0","0","0","0","0","0","0","0","0","0","0","0","0","0","0","0","0","0","0","0","0","0","0","0","0","0","0","0","0","0","0","0","0"
"00000803","광산경찰서","00000082","송정197","20221003","0","3","0","3","0","2","0","2","0","1","0","1","0","0","0","0","0","0","0","0","0","0","0","0","0","0","0","0","0","0","0","0","0","0","0","0","0","0","0","0","0","0","0","0","0","0","0","0"
"00000803","광산경찰서","00000085","송정296","20221003","0","0","0","0","0","0","0","0","0","0","0","0","0","0","0","0","0","0","0","0","0","0","0","0","0","0","0","0","0","0","0","0","0","0","0","0","0","0","0","0","0","0","0","0","0","0","0","0"
"00000803","광산경찰서","00000094","송정93","20221003","1","0","0","0","1","0","0","0","0","0","0","0","0","0","0","0","0","0","0","0","0","0","0","0","0","0","0","0","0","0","0","0","0","1","0","1","0","1","0","1","0","0","0","0","0","0","0","0"
"00000803","광산경찰서","00000103","송정100","20221003","0","0","0","0","0","0","0","0","0","0","0","0","0","0","0","0","0","0","0","0","0","0","0","0","0","0","0","0","0","0","0","0","0","0","0","0","0","0","0","0","0","0","0","0","0","0","0","0"
"00000803","광산경찰서","00000125","선운101","20221003","1","0","0","0","1","0","0","0","0","0","0","0","0","0","0","0","0","1","3","1","0","1","3","1","0","0","0","0","0","0","0","0","0","2","0","2","0","2","0","2","0","0","0","0","0","0","0","0"
"00000804","광산경찰서","00000019","봉선37","20221003","4","3","5","3","4","2","5","2","0","0","0","0","0","1","0","1","0","0","3","0","0","0","0","0","0","0","0","0","0","0","3","0","0","3","0","3","0","3","0","3","0","0","0","0","0","0","0","0"
"00000804","광산경찰서","00000020","일곡38","20221003","3","1","1","1","3","1","1","1","0","0","0","0","0","0","0","0","0","0","0","0","0","0","0","0","0","0","0","0","0","0","0","0","0","0","2","0","0","0","2","0","0","0","0","0","0","0","0","0"
"00000804","광산경찰서","00000060","임곡90","20221003","1","0","0","0","1","0","0","0","0","0","0","0","0","0","0","0","0","0","0","0","0","0","0","0","0","0","0","0","0","0","0","0","0","0","0","0","0","0","0","0","0","0","0","0","0","0","0","0"
"00000804","광산경찰서","00000085","송정296","20221003","0","0","0","0","0","0","0","0","0","0","0","0","0","0","0","0","0","0","0","0","0","0","0","0","0","0","0","0","0","0","0","0","0","0","0","0","0","0","0","0","0","0","0","0","0","0","0","0"
"00000804","광산경찰서","00000125","선운101","20221003","2","1","1","1","2","0","1","0","0","0","0","0","0","1","0","1","0","0","0","0","0","0","0","0","0","0","0","0","0","0","0","0","0","0","0","0","0","0","0","0","0","0","0","0","0","0","0","0"
"00000806","광천E편한세상","00000012","지원25","20221003","1","1","3","1","0","0","3","0","0","0","0","0","1","1","0","1","1","0","1","0","1","0","1","0","0","0","0","0","0","0","0","0","0","0","0","0","0","0","0","0","0","0","0","0","0","0","0","0"
"00000806","광천E편한세상","00000017","첨단30","20221003","2","3","0","3","2","2","0","2","0","0","0","0","0","1","0","1","0","0","0","0","0","0","0","0","0","0","0","0","0","0","0","0","0","0","0","0","0","0","0","0","0","0","0","0","0","0","0","0"
"00000806","광천E편한세상","00000039","유덕65","20221003","1","0","0","0","1","0","0","0","0","0","0","0","0","0","0","0","0","0","0","0","0","0","0","0","0","0","0","0","0","0","0","0","0","0","0","0","0","0","0","0","0","0","0","0","0","0","0","0"
"00000806","광천E편한세상","00000087","1187","20221003","3","2","0","2","3","2","0","2","0","0","0","0","0","0","0","0","0","0","0","0","0","0","0","0","0","0","0","0","0","0","0","0","0","0","0","0","0","0","0","0","0","0","0","0","0","0","0","0"
"00000806","광천E편한세상","00000122","228(화순전대병원)","20221003","0","0","1","0","0","0","1","0","0","0","0","0","0","0","0","0","0","0","0","0","0","0","0","0","0","0","0","0","0","0","0","0","0","0","0","0","0","0","0","0","0","0","0","0","0","0","0","0"
"00000807","광천E편한세상","00000012","지원25","20221003","2","0","2","0","1","0","2","0","0","0","0","0","1","0","0","0","0","0","0","0","0","0","0","0","0","0","0","0","0","0","0","0","0","0","0","0","0","0","0","0","0","0","0","0","0","0","0","0"
"00000807","광천E편한세상","00000017","첨단30","20221003","0","2","0","2","0","0","0","0","0","0","0","0","0","2","0","2","0","0","0","0","0","0","0","0","0","0","0","0","0","0","0","0","0","0","0","0","0","0","0","0","0","0","0","0","0","0","0","0"
"00000807","광천E편한세상","00000039","유덕65","20221003","1","0","0","0","1","0","0","0","0","0","0","0","0","0","0","0","0","0","1","0","0","0","1","0","0","0","0","0","0","0","0","0","0","0","0","0","0","0","0","0","0","0","0","0","0","0","0","0"
"00000807","광천E편한세상","00000059","임곡89","20221003","1","0","0","0","0","0","0","0","0","0","0","0","1","0","0","0","1","0","0","0","1","0","0","0","0","0","0","0","0","0","0","0","0","0","0","0","0","0","0","0","0","0","0","0","0","0","0","0"
"00000807","광천E편한세상","00000087","1187","20221003","1","1","0","1","0","1","0","1","0","0","0","0","1","0","0","0","0","0","0","0","0","0","0","0","0","0","0","0","0","0","0","0","0","0","0","0","0","0","0","0","0","0","0","0","0","0","0","0"
"00000807","광천E편한세상","00000122","228(화순전대병원)","20221003","0","0","0","0","0","0","0","0","0","0","0","0","0","0","0","0","0","0","0","0","0","0","0","0","0","0","0","0","0","0","0","0","0","0","0","0","0","0","0","0","0","0","0","0","0","0","0","0"
"00000808","송정공원역","00000010","송정19","20221003","0","1","0","1","0","1","0","1","0","0","0","0","0","0","0","0","3","3","3","3","3","3","2","3","0","0","0","0","0","0","1","0","0","0","1","0","0","0","1","0","0","0","0","0","0","0","0","0"
"00000808","송정공원역","00000016","송정29","20221003","0","0","0","0","0","0","0","0","0","0","0","0","0","0","0","0","25","14","10","14","25","13","10","13","0","0","0","0","0","1","0","1","0","0","1","0","0","0","1","0","0","0","0","0","0","0","0","0"
"00000808","송정공원역","00000020","일곡38","20221003","3","0","1","0","3","0","1","0","0","0","0","0","0","0","0","0","2","1","2","1","2","1","2","1","0","0","0","0","0","0","0","0","11","3","6","3","9","3","6","3","0","0","0","0","2","0","0","0"
"00000808","송정공원역","00000068","송정98","20221003","0","2","0","2","0","1","0","1","0","0","0","0","0","1","0","1","5","13","3","13","5","13","2","13","0","0","0","0","0","0","1","0","1","0","0","0","1","0","0","0","0","0","0","0","0","0","0","0"
"00000808","송정공원역","00000081","진곡196","20221003","4","2","2","2","4","2","1","2","0","0","0","0","0","0","1","0","14","8","3","8","14","8","3","8","0","0","0","0","0","0","0","0","4","1","4","1","4","1","3","1","0","0","0","0","0","0","1","0"
"00000808","송정공원역","00000093","송정97","20221003","1","0","0","0","1","0","0","0","0","0","0","0","0","0","0","0","0","0","0","0","0","0","0","0","0","0","0","0","0","0","0","0","1","0","0","0","1","0","0","0","0","0","0","0","0","0","0","0"
"00000808","송정공원역","00000100","진월75","20221003","0","0","1","0","0","0","1","0","0","0","0","0","0","0","0","0","4","3","2","3","4","3","2","3","0","0","0","0","0","0","0","0","0","0","0","0","0","0","0","0","0","0","0","0","0","0","0","0"
"00000808","송정공원역","00000103","송정100","20221003","0","0","0","0","0","0","0","0","0","0","0","0","0","0","0","0","0","0","0","0","0","0","0","0","0","0","0","0","0","0","0","0","0","0","7","0","0","0","4","0","0","0","1","0","0","0","2","0"
"00000808","송정공원역","00000108","송정33","20221003","0","0","0","0","0","0","0","0","0","0","0","0","0","0","0","0","3","4","9","4","3","3","9","3","0","1","0","1","0","0","0","0","0","0","1","0","0","0","1","0","0","0","0","0","0","0","0","0"
"00000808","송정공원역","00000109","좌석02","20221003","0","2","1","2","0","2","1","2","0","0","0","0","0","0","0","0","2","2","0","2","2","2","0","2","0","0","0","0","0","0","0","0","9","3","13","3","7","3","9","3","0","0","0","0","2","0","4","0"
"00000808","송정공원역","00000127","상무62","20221003","3","1","1","1","3","1","1","1","0","0","0","0","0","0","0","0","0","0","0","0","0","0","0","0","0","0","0","0","0","0","0","0","2","0","11","0","2","0","10","0","0","0","0","0","0","0","1","0"
"00000808","송정공원역","00000195","마을720","20221003","4","5","3","5","4","4","3","4","0","0","0","0","0","1","0","1","16","15","10","15","15","14","7","14","0","1","0","1","1","0","3","0","6","5","16","5","6","5","12","5","0","0","0","0","0","0","4","0"
"00000809","송정공원역","00000010","송정19","20221003","0","2","0","2","0","2","0","2","0","0","0","0","0","0","0","0","3","3","0","3","3","3","0","3","0","0","0","0","0","0","0","0","0","2","1","2","0","2","1","2","0","0","0","0","0","0","0","0"
"00000809","송정공원역","00000016","송정29","20221003","5","11","21","11","5","10","17","10","0","0","1","0","0","1","3","1","0","0","1","0","0","0","1","0","0","0","0","0","0","0","0","0","7","9","20","9","7","9","19","9","0","0","0","0","0","0","1","0"
"00000809","송정공원역","00000020","일곡38","20221003","1","3","2","3","1","3","2","3","0","0","0","0","0","0","0","0","0","5","3","5","0","4","2","4","0","0","0","0","0","1","1","1","3","1","0","1","3","1","0","1","0","0","0","0","0","0","0","0"
"00000809","송정공원역","00000036","상무62(상무역행)","20221003","0","0","0","0","0","0","0","0","0","0","0","0","0","0","0","0","2","2","0","2","2","1","0","1","0","0","0","0","0","1","0","1","0","1","0","1","0","1","0","1","0","0","0","0","0","0","0","0"
"00000809","송정공원역","00000068","송정98","20221003","3","8","21","8","3","8","20","8","0","0","0","0","0","0","1","0","1","0","0","0","1","0","0","0","0","0","0","0","0","0","0","0","4","2","29","2","4","2","26","2","0","0","0","0","0","0","3","0"
"00000809","송정공원역","00000069","송정99","20221003","0","0","0","0","0","0","0","0","0","0","0","0","0","0","0","0","0","0","1","0","0","0","1","0","0","0","0","0","0","0","0","0","0","0","0","0","0","0","0","0","0","0","0","0","0","0","0","0"
"00000809","송정공원역","00000081","진곡196","20221003","1","1","8","1","1","1","8","1","0","0","0","0","0","0","0","0","0","0","0","0","0","0","0","0","0","0","0","0","0","0","0","0","6","2","2","2","6","2","1","2","0","0","0","0","0","0","1","0"
"00000809","송정공원역","00000084","임곡290","20221003","0","0","0","0","0","0","0","0","0","0","0","0","0","0","0","0","0","0","0","0","0","0","0","0","0","0","0","0","0","0","0","0","0","0","0","0","0","0","0","0","0","0","0","0","0","0","0","0"
"00000809","송정공원역","00000093","송정97","20221003","0","0","0","0","0","0","0","0","0","0","0","0","0","0","0","0","1","2","0","2","1","2","0","2","0","0","0","0","0","0","0","0","0","0","0","0","0","0","0","0","0","0","0","0","0","0","0","0"
"00000809","송정공원역","00000100","진월75","20221003","1","1","4","1","1","1","4","1","0","0","0","0","0","0","0","0","0","0","0","0","0","0","0","0","0","0","0","0","0","0","0","0","0","0","1","0","0","0","1","0","0","0","0","0","0","0","0","0"
"00000809","송정공원역","00000108","송정33","20221003","2","9","7","9","2","8","7","8","0","0","0","0","0","1","0","1","0","0","1","0","0","0","1","0","0","0","0","0","0","0","0","0","4","0","11","0","3","0","9","0","0","0","0","0","1","0","2","0"
"00000809","송정공원역","00000109","좌석02","20221003","3","6","1","6","3","5","1","5","0","0","0","0","0","1","0","1","2","3","1","3","2","3","1","3","0","0","0","0","0","0","0","0","1","0","1","0","1","0","1","0","0","0","0","0","0","0","0","0"
"00000809","송정공원역","00000195","마을720","20221003","4","3","6","3","4","2","4","2","0","0","2","0","0","1","0","1","6","6","7","6","5","4","7","4","0","2","0","2","1","0","0","0","7","3","17","3","7","3","14","3","0","0","0","0","0","0","3","0"
"00000810","현대교통","00000203","마을700","20221003","0","0","0","0","0","0","0","0","0","0","0","0","0","0","0","0","0","2","1","2","0","2","0","2","0","0","0","0","0","0","1","0","0","0","0","0","0","0","0","0","0","0","0","0","0","0","0","0"
"00000811","광주송정역","00000016","송정29","20221003","0","1","0","1","0","1","0","1","0","0","0","0","0","0","0","0","7","9","13","9","6","9","12","9","0","0","0","0","1","0","1","0","0","0","0","0","0","0","0","0","0","0","0","0","0","0","0","0"
"00000811","광주송정역","00000060","임곡90","20221003","0","0","0","0","0","0","0","0","0","0","0","0","0","0","0","0","0","2","5","2","0","2","5","2","0","0","0","0","0","0","0","0","0","0","0","0","0","0","0","0","0","0","0","0","0","0","0","0"
"00000811","광주송정역","00000066","송정96","20221003","0","0","1","0","0","0","1","0","0","0","0","0","0","0","0","0","0","0","0","0","0","0","0","0","0","0","0","0","0","0","0","0","1","0","1","0","1","0","1","0","0","0","0","0","0","0","0","0"
"00000811","광주송정역","00000068","송정98","20221003","0","0","1","0","0","0","1","0","0","0","0","0","0","0","0","0","7","18","5","18","7","15","5","15","0","0","0","0","0","3","0","3","0","0","0","0","0","0","0","0","0","0","0","0","0","0","0","0"
"00000811","광주송정역","00000069","송정99","20221003","0","0","0","0","0","0","0","0","0","0","0","0","0","0","0","0","0","0","0","0","0","0","0","0","0","0","0","0","0","0","0","0","0","0","0","0","0","0","0","0","0","0","0","0","0","0","0","0"
"00000811","광주송정역","00000082","송정197","20221003","0","0","0","0","0","0","0","0","0","0","0","0","0","0","0","0","0","0","1","0","0","0","1","0","0","0","0","0","0","0","0","0","0","0","0","0","0","0","0","0","0","0","0","0","0","0","0","0"
"00000811","광주송정역","00000085","송정296","20221003","0","0","0","0","0","0","0","0","0","0","0","0","0","0","0","0","2","4","4","4","2","3","3","3","0","1","0","1","0","0","1","0","0","0","0","0","0","0","0","0","0","0","0","0","0","0","0","0"
"00000811","광주송정역","00000093","송정97","20221003","2","1","2","1","2","1","2","1","0","0","0","0","0","0","0","0","0","0","0","0","0","0","0","0","0","0","0","0","0","0","0","0","0","2","2","2","0","2","2","2","0","0","0","0","0","0","0","0"
"00000811","광주송정역","00000100","진월75","20221003","0","0","0","0","0","0","0","0","0","0","0","0","0","0","0","0","4","5","4","5","4","5","4","5","0","0","0","0","0","0","0","0","0","0","0","0","0","0","0","0","0","0","0","0","0","0","0","0"
"00000811","광주송정역","00000108","송정33","20221003","0","0","0","0","0","0","0","0","0","0","0","0","0","0","0","0","2","3","8","3","2","2","6","2","0","0","0","0","0","1","2","1","0","0","0","0","0","0","0","0","0","0","0","0","0","0","0","0"
"00000811","광주송정역","00000109","좌석02","20221003","2","27","57","27","2","25","54","25","0","0","2","0","0","2","1","2","5","8","19","8","5","7","18","7","0","0","0","0","0","1","1","1","8","1","14","1","8","1","11","1","0","0","0","0","0","0","3","0"
"00000811","광주송정역","00000125","선운101","20221003","0","0","5","0","0","0","4","0","0","0","0","0","0","0","1","0","4","10","5","10","4","8","4","8","0","1","0","1","0","1","1","1","0","0","1","0","0","0","1","0","0","0","0","0","0","0","0","0"
"00000812","송정I.C","00000011","첨단20","20221003","0","0","0","0","0","0","0","0","0","0","0","0","0","0","0","0","2","1","3","1","2","1","3","1","0","0","0","0","0","0","0","0","0","0","0","0","0","0","0","0","0","0","0","0","0","0","0","0"
"00000812","송정I.C","00000016","송정29","20221003","1","2","3","2","1","2","3","2","0","0","0","0","0","0","0","0","0","0","1","0","0","0","1","0","0","0","0","0","0","0","0","0","0","1","0","1","0","1","0","1","0","0","0","0","0","0","0","0"
"00000812","송정I.C","00000068","송정98","20221003","1","5","0","5","1","5","0","5","0","0","0","0","0","0","0","0","0","3","2","3","0","3","2","3","0","0","0","0","0","0","0","0","0","0","0","0","0","0","0","0","0","0","0","0","0","0","0","0"
"00000812","송정I.C","00000081","진곡196","20221003","1","0","1","0","1","0","1","0","0","0","0","0","0","0","0","0","1","0","0","0","1","0","0","0","0","0","0","0","0","0","0","0","0","0","1","0","0","0","1","0","0","0","0","0","0","0","0","0"
"00000812","송정I.C","00000092","첨단40","20221003","0","0","1","0","0","0","1","0","0","0","0","0","0","0","0","0","1","2","0","2","1","2","0","2","0","0","0","0","0","0","0","0","0","0","0","0","0","0","0","0","0","0","0","0","0","0","0","0"
"00000812","송정I.C","00000108","송정33","20221003","1","0","2","0","1","0","1","0","0","0","0","0","0","0","1","0","0","0","1","0","0","0","1","0","0","0","0","0","0","0","0","0","0","0","0","0","0","0","0","0","0","0","0","0","0","0","0","0"
"00000812","송정I.C","00000125","선운101","20221003","0","2","0","2","0","2","0","2","0","0","0","0","0","0","0","0","0","1","0","1","0","1","0","1","0","0","0","0","0","0","0","0","0","0","0","0","0","0","0","0","0","0","0","0","0","0","0","0"
"00000812","송정I.C","00000195","마을720","20221003","1","5","3","5","1","5","3","5","0","0","0","0","0","0","0","0","0","0","1","0","0","0","1","0","0","0","0","0","0","0","0","0","0","0","0","0","0","0","0","0","0","0","0","0","0","0","0","0"
"00000813","송정I.C","00000011","첨단20","20221003","1","1","1","1","1","1","1","1","0","0","0","0","0","0","0","0","0","0","1","0","0","0","1","0","0","0","0","0","0","0","0","0","0","0","0","0","0","0","0","0","0","0","0","0","0","0","0","0"
"00000813","송정I.C","00000016","송정29","20221003","3","3","0","3","3","3","0","3","0","0","0","0","0","0","0","0","5","2","0","2","5","2","0","2","0","0","0","0","0","0","0","0","0","0","0","0","0","0","0","0","0","0","0","0","0","0","0","0"
"00000813","송정I.C","00000068","송정98","20221003","0","4","1","4","0","4","0","4","0","0","0","0","0","0","1","0","1","0","3","0","1","0","2","0","0","0","0","0","0","0","1","0","0","0","1","0","0","0","1","0","0","0","0","0","0","0","0","0"
"00000813","송정I.C","00000081","진곡196","20221003","2","2","0","2","2","0","0","0","0","0","0","0","0","2","0","2","1","1","1","1","1","1","0","1","0","0","0","0","0","0","1","0","0","0","0","0","0","0","0","0","0","0","0","0","0","0","0","0"
"00000813","송정I.C","00000084","임곡290","20221003","0","2","0","2","0","2","0","2","0","0","0","0","0","0","0","0","0","0","0","0","0","0","0","0","0","0","0","0","0","0","0","0","0","0","0","0","0","0","0","0","0","0","0","0","0","0","0","0"
"00000813","송정I.C","00000092","첨단40","20221003","0","0","0","0","0","0","0","0","0","0","0","0","0","0","0","0","0","2","1","2","0","2","1","2","0","0","0","0","0","0","0","0","0","0","0","0","0","0","0","0","0","0","0","0","0","0","0","0"
"00000813","송정I.C","00000108","송정33","20221003","0","0","1","0","0","0","1","0","0","0","0","0","0","0","0","0","0","0","0","0","0","0","0","0","0","0","0","0","0","0","0","0","0","0","0","0","0","0","0","0","0","0","0","0","0","0","0","0"
"00000813","송정I.C","00000125","선운101","20221003","1","1","0","1","1","0","0","0","0","0","0","0","0","1","0","1","0","0","1","0","0","0","1","0","0","0","0","0","0","0","0","0","0","0","1","0","0","0","0","0","0","0","0","0","0","0","1","0"
"00000813","송정I.C","00000195","마을720","20221003","2","4","1","4","2","3","1","3","0","0","0","0","0","1","0","1","0","2","0","2","0","2","0","2","0","0","0","0","0","0","0","0","0","0","0","0","0","0","0","0","0","0","0","0","0","0","0","0"
"00000814","도산역","00000016","송정29","20221003","0","0","0","0","0","0","0","0","0","0","0","0","0","0","0","0","0","1","0","1","0","1","0","1","0","0","0","0","0","0","0","0","0","0","0","0","0","0","0","0","0","0","0","0","0","0","0","0"
"00000814","도산역","00000068","송정98","20221003","0","0","0","0","0","0","0","0","0","0","0","0","0","0","0","0","0","0","0","0","0","0","0","0","0","0","0","0","0","0","0","0","0","0","0","0","0","0","0","0","0","0","0","0","0","0","0","0"
"00000814","도산역","00000109","좌석02","20221003","1","0","0","0","1","0","0","0","0","0","0","0","0","0","0","0","0","0","0","0","0","0","0","0","0","0","0","0","0","0","0","0","1","0","0","0","1","0","0","0","0","0","0","0","0","0","0","0"
"00000814","도산역","00000125","선운101","20221003","0","0","0","0","0","0","0","0","0","0","0","0","0","0","0","0","0","0","1","0","0","0","1","0","0","0","0","0","0","0","0","0","0","0","0","0","0","0","0","0","0","0","0","0","0","0","0","0"
"00000815","송정시장","00000066","송정96","20221003","0","4","0","4","0","4","0","4","0","0","0","0","0","0","0","0","0","0","0","0","0","0","0","0","0","0","0","0","0","0","0","0","0","0","0","0","0","0","0","0","0","0","0","0","0","0","0","0"
"00000815","송정시장","00000203","마을700","20221003","24","32","15","32","24","32","15","32","0","0","0","0","0","0","0","0","0","3","2","3","0","3","2","3","0","0","0","0","0","0","0","0","0","1","1","1","0","1","1","1","0","0","0","0","0","0","0","0"
"00000816","송정시장","00000066","송정96","20221003","0","1","0","1","0","1","0","1","0","0","0","0","0","0","0","0","2","0","1","0","2","0","1","0","0","0","0","0","0","0","0","0","0","0","0","0","0","0","0","0","0","0","0","0","0","0","0","0"
"00000816","송정시장","00000203","마을700","20221003","2","6","6","6","2","6","6","6","0","0","0","0","0","0","0","0","5","2","0","2","5","2","0","2","0","0","0","0","0","0","0","0","0","0","0","0","0","0","0","0","0","0","0","0","0","0","0","0"
"00000817","광주송정역","00000010","송정19","20221003","7","12","21","12","7","11","20","11","0","1","1","1","0","0","0","0","1","7","3","7","1","5","3","5","0","0","0","0","0","2","0","2","1","1","1","1","1","0","1","0","0","1","0","1","0","0","0","0"
"00000817","광주송정역","00000016","송정29","20221003","14","38","102","38","13","38","96","38","0","0","5","0","1","0","1","0","0","0","0","0","0","0","0","0","0","0","0","0","0","0","0","0","3","10","17","10","3","9","16","9","0","0","0","0","0","1","1","1"
"00000817","광주송정역","00000060","임곡90","20221003","6","7","3","7","5","7","2","7","0","0","0","0","1","0","1","0","1","1","1","1","1","1","1","1","0","0","0","0","0","0","0","0","0","0","3","0","0","0","1","0","0","0","2","0","0","0","0","0"
"00000817","광주송정역","00000066","송정96","20221003","0","0","0","0","0","0","0","0","0","0","0","0","0","0","0","0","2","1","0","1","2","1","0","1","0","0","0","0","0","0","0","0","0","0","0","0","0","0","0","0","0","0","0","0","0","0","0","0"
"00000817","광주송정역","00000068","송정98","20221003","9","32","73","32","9","30","69","30","0","0","1","0","0","2","3","2","0","0","0","0","0","0","0","0","0","0","0","0","0","0","0","0","3","5","7","5","3","4","7","4","0","0","0","0","0","1","0","1"
"00000817","광주송정역","00000069","송정99","20221003","0","0","1","0","0","0","1","0","0","0","0","0","0","0","0","0","0","0","0","0","0","0","0","0","0","0","0","0","0","0","0","0","0","0","0","0","0","0","0","0","0","0","0","0","0","0","0","0"
"00000817","광주송정역","00000081","진곡196","20221003","3","12","18","12","3","12","18","12","0","0","0","0","0","0","0","0","0","0","5","0","0","0","4","0","0","0","0","0","0","0","1","0","0","0","6","0","0","0","5","0","0","0","0","0","0","0","1","0"
"00000817","광주송정역","00000082","송정197","20221003","4","0","5","0","4","0","5","0","0","0","0","0","0","0","0","0","0","0","0","0","0","0","0","0","0","0","0","0","0","0","0","0","3","0","0","0","3","0","0","0","0","0","0","0","0","0","0","0"
"00000817","광주송정역","00000084","임곡290","20221003","0","0","1","0","0","0","1","0","0","0","0","0","0","0","0","0","0","0","0","0","0","0","0","0","0","0","0","0","0","0","0","0","0","0","0","0","0","0","0","0","0","0","0","0","0","0","0","0"
"00000817","광주송정역","00000085","송정296","20221003","1","3","4","3","1","3","4","3","0","0","0","0","0","0","0","0","0","0","0","0","0","0","0","0","0","0","0","0","0","0","0","0","1","0","3","0","1","0","2","0","0","0","0","0","0","0","1","0"
"00000817","광주송정역","00000093","송정97","20221003","0","0","0","0","0","0","0","0","0","0","0","0","0","0","0","0","1","1","0","1","1","1","0","1","0","0","0","0","0","0","0","0","0","0","0","0","0","0","0","0","0","0","0","0","0","0","0","0"
"00000817","광주송정역","00000094","송정93","20221003","3","1","0","1","3","0","0","0","0","0","0","0","0","1","0","1","0","0","0","0","0","0","0","0","0","0","0","0","0","0","0","0","1","0","0","0","1","0","0","0","0","0","0","0","0","0","0","0"
"00000817","광주송정역","00000100","진월75","20221003","1","20","36","20","1","19","32","19","0","1","2","1","0","0","2","0","1","0","0","0","1","0","0","0","0","0","0","0","0","0","0","0","0","2","1","2","0","2","1","2","0","0","0","0","0","0","0","0"
"00000817","광주송정역","00000103","송정100","20221003","0","0","2","0","0","0","2","0","0","0","0","0","0","0","0","0","0","0","0","0","0","0","0","0","0","0","0","0","0","0","0","0","0","0","0","0","0","0","0","0","0","0","0","0","0","0","0","0"
"00000817","광주송정역","00000108","송정33","20221003","5","18","37","18","5","16","36","16","0","1","0","1","0","1","1","1","0","0","0","0","0","0","0","0","0","0","0","0","0","0","0","0","0","1","6","1","0","1","5","1","0","0","0","0","0","0","1","0"
"00000817","광주송정역","00000109","좌석02","20221003","15","34","38","34","14","32","37","32","1","0","0","0","0","2","1","2","3","10","10","10","3","8","9","8","0","0","0","0","0","2","1","2","3","5","0","5","3","4","0","4","0","0","0","0","0","1","0","1"
"00000817","광주송정역","00000125","선운101","20221003","4","5","24","5","3","5","22","5","1","0","1","0","0","0","1","0","0","1","1","1","0","0","1","0","0","0","0","0","0","1","0","1","1","3","4","3","1","3","4","3","0","0","0","0","0","0","0","0"
"00000818","송정한전","00000019","봉선37","20221003","0","0","0","0","0","0","0","0","0","0","0","0","0","0","0","0","1","2","1","2","1","2","1","2","0","0","0","0","0","0","0","0","0","0","0","0","0","0","0","0","0","0","0","0","0","0","0","0"
"00000818","송정한전","00000094","송정93","20221003","0","0","0","0","0","0","0","0","0","0","0","0","0","0","0","0","1","0","0","0","1","0","0","0","0","0","0","0","0","0","0","0","0","0","0","0","0","0","0","0","0","0","0","0","0","0","0","0"
"00000818","송정한전","00000103","송정100","20221003","0","0","0","0","0","0","0","0","0","0","0","0","0","0","0","0","0","0","0","0","0","0","0","0","0","0","0","0","0","0","0","0","0","0","0","0","0","0","0","0","0","0","0","0","0","0","0","0"
"00000818","송정한전","00000125","선운101","20221003","0","0","0","0","0","0","0","0","0","0","0","0","0","0","0","0","0","0","2","0","0","0","2","0","0","0","0","0","0","0","0","0","1","0","0","0","0","0","0","0","0","0","0","0","1","0","0","0"
"00000819","송정한전","00000019","봉선37","20221003","0","2","1","2","0","2","1","2","0","0","0","0","0","0","0","0","0","0","0","0","0","0","0","0","0","0","0","0","0","0","0","0","0","0","0","0","0","0","0","0","0","0","0","0","0","0","0","0"
"00000819","송정한전","00000020","일곡38","20221003","2","2","1","2","2","2","1","2","0","0","0","0","0","0","0","0","0","0","1","0","0","0","1","0","0","0","0","0","0","0","0","0","1","0","0","0","1","0","0","0","0","0","0","0","0","0","0","0"
"00000819","송정한전","00000060","임곡90","20221003","0","0","0","0","0","0","0","0","0","0","0","0","0","0","0","0","1","0","0","0","1","0","0","0","0","0","0","0","0","0","0","0","0","0","0","0","0","0","0","0","0","0","0","0","0","0","0","0"
"00000819","송정한전","00000085","송정296","20221003","0","0","0","0","0","0","0","0","0","0","0","0","0","0","0","0","0","0","0","0","0","0","0","0","0","0","0","0","0","0","0","0","0","0","0","0","0","0","0","0","0","0","0","0","0","0","0","0"
"00000819","송정한전","00000094","송정93","20221003","0","0","0","0","0","0","0","0","0","0","0","0","0","0","0","0","0","0","0","0","0","0","0","0","0","0","0","0","0","0","0","0","0","0","0","0","0","0","0","0","0","0","0","0","0","0","0","0"
"00000819","송정한전","00000125","선운101","20221003","0","0","1","0","0","0","1","0","0","0","0","0","0","0","0","0","0","0","1","0","0","0","0","0","0","0","0","0","0","0","1","0","0","0","0","0","0","0","0","0","0","0","0","0","0","0","0","0"
"00000820","영광통사거리","00000066","송정96","20221003","0","0","0","0","0","0","0","0","0","0","0","0","0","0","0","0","0","0","0","0","0","0","0","0","0","0","0","0","0","0","0","0","1","0","0","0","1","0","0","0","0","0","0","0","0","0","0","0"
"00000820","영광통사거리","00000103","송정100","20221003","0","0","0","0","0","0","0","0","0","0","0","0","0","0","0","0","0","0","1","0","0","0","1","0","0","0","0","0","0","0","0","0","0","0","0","0","0","0","0","0","0","0","0","0","0","0","0","0"
"00000820","영광통사거리","00000203","마을700","20221003","0","2","2","2","0","2","2","2","0","0","0","0","0","0","0","0","8","5","0","5","8","5","0","5","0","0","0","0","0","0","0","0","0","2","1","2","0","2","1","2","0","0","0","0","0","0","0","0"
"00000821","영광통사거리","00000066","송정96","20221003","2","2","1","2","2","2","0","2","0","0","0","0","0","0","1","0","0","0","0","0","0","0","0","0","0","0","0","0","0","0","0","0","1","0","0","0","1","0","0","0","0","0","0","0","0","0","0","0"
"00000821","영광통사거리","00000203","마을700","20221003","6","34","15","34","6","33","14","33","0","1","0","1","0","0","1","0","2","1","2","1","2","1","2","1","0","0","0","0","0","0","0","0","0","2","1","2","0","1","1","1","0","0","0","0","0","1","0","1"
"00000822","영광통","00000010","송정19","20221003","6","13","6","13","6","13","6","13","0","0","0","0","0","0","0","0","1","1","1","1","1","1","1","1","0","0","0","0","0","0","0","0","2","3","0","3","2","3","0","3","0","0","0","0","0","0","0","0"
"00000822","영광통","00000016","송정29","20221003","16","49","16","49","16","48","15","48","0","0","0","0","0","1","1","1","0","0","2","0","0","0","2","0","0","0","0","0","0","0","0","0","0","1","7","1","0","0","7","0","0","0","0","0","0","1","0","1"
"00000822","영광통","00000020","일곡38","20221003","2","20","8","20","2","20","8","20","0","0","0","0","0","0","0","0","4","9","4","9","4","9","4","9","0","0","0","0","0","0","0","0","2","2","1","2","2","2","1","2","0","0","0","0","0","0","0","0"
"00000822","영광통","00000036","상무62(상무역행)","20221003","0","2","0","2","0","2","0","2","0","0","0","0","0","0","0","0","5","8","3","8","5","7","3","7","0","0","0","0","0","1","0","1","0","0","0","0","0","0","0","0","0","0","0","0","0","0","0","0"
"00000822","영광통","00000068","송정98","20221003","16","65","18","65","16","61","16","61","0","2","0","2","0","2","2","2","0","1","3","1","0","1","3","1","0","0","0","0","0","0","0","0","1","4","1","4","1","4","1","4","0","0","0","0","0","0","0","0"
"00000822","영광통","00000069","송정99","20221003","0","1","0","1","0","1","0","1","0","0","0","0","0","0","0","0","0","0","0","0","0","0","0","0","0","0","0","0","0","0","0","0","0","0","0","0","0","0","0","0","0","0","0","0","0","0","0","0"
"00000822","영광통","00000081","진곡196","20221003","5","18","6","18","4","18","6","18","0","0","0","0","1","0","0","0","0","2","1","2","0","1","1","1","0","0","0","0","0","1","0","1","0","0","2","0","0","0","2","0","0","0","0","0","0","0","0","0"
"00000822","영광통","00000084","임곡290","20221003","0","3","0","3","0","3","0","3","0","0","0","0","0","0","0","0","0","0","0","0","0","0","0","0","0","0","0","0","0","0","0","0","0","0","0","0","0","0","0","0","0","0","0","0","0","0","0","0"
"00000822","영광통","00000093","송정97","20221003","0","0","0","0","0","0","0","0","0","0","0","0","0","0","0","0","1","1","0","1","1","1","0","1","0","0","0","0","0","0","0","0","0","0","0","0","0","0","0","0","0","0","0","0","0","0","0","0"
"00000822","영광통","00000100","진월75","20221003","4","11","7","11","4","11","7","11","0","0","0","0","0","0","0","0","0","0","0","0","0","0","0","0","0","0","0","0","0","0","0","0","2","4","1","4","2","4","1","4","0","0","0","0","0","0","0","0"
"00000822","영광통","00000103","송정100","20221003","0","0","0","0","0","0","0","0","0","0","0","0","0","0","0","0","0","3","0","3","0","3","0","3","0","0","0","0","0","0","0","0","0","0","0","0","0","0","0","0","0","0","0","0","0","0","0","0"
"00000822","영광통","00000108","송정33","20221003","2","28","8","28","2","27","8","27","0","0","0","0","0","1","0","1","0","0","1","0","0","0","1","0","0","0","0","0","0","0","0","0","1","0","2","0","1","0","2","0","0","0","0","0","0","0","0","0"
"00000822","영광통","00000109","좌석02","20221003","3","6","2","6","3","5","2","5","0","0","0","0","0","1","0","1","4","4","3","4","4","4","3","4","0","0","0","0","0","0","0","0","0","0","0","0","0","0","0","0","0","0","0","0","0","0","0","0"
"00000822","영광통","00000195","마을720","20221003","6","25","8","25","6","25","8","25","0","0","0","0","0","0","0","0","6","14","5","14","6","12","3","12","0","1","0","1","0","1","2","1","3","5","8","5","3","4","8","4","0","0","0","0","0","1","0","1"
"00000823","송정초교","00000010","송정19","20221003","8","17","9","17","7","9","6","9","0","4","1","4","1","4","2","4","0","0","0","0","0","0","0","0","0","0","0","0","0","0","0","0","0","0","0","0","0","0","0","0","0","0","0","0","0","0","0","0"
"00000823","송정초교","00000023","지원45","20221003","3","6","1","6","3","4","1","4","0","1","0","1","0","1","0","1","0","1","0","1","0","1","0","1","0","0","0","0","0","0","0","0","0","0","0","0","0","0","0","0","0","0","0","0","0","0","0","0"
"00000823","송정초교","00000044","송암73","20221003","2","5","4","5","2","5","3","5","0","0","0","0","0","0","1","0","0","1","0","1","0","1","0","1","0","0","0","0","0","0","0","0","0","0","0","0","0","0","0","0","0","0","0","0","0","0","0","0"
"00000823","송정초교","00000066","송정96","20221003","0","0","0","0","0","0","0","0","0","0","0","0","0","0","0","0","0","0","0","0","0","0","0","0","0","0","0","0","0","0","0","0","0","0","0","0","0","0","0","0","0","0","0","0","0","0","0","0"
"00000823","송정초교","00000081","진곡196","20221003","2","4","4","4","2","4","2","4","0","0","0","0","0","0","2","0","2","0","0","0","2","0","0","0","0","0","0","0","0","0","0","0","0","0","0","0","0","0","0","0","0","0","0","0","0","0","0","0"
"00000823","송정초교","00000092","첨단40","20221003","3","2","1","2","3","2","1","2","0","0","0","0","0","0","0","0","0","0","0","0","0","0","0","0","0","0","0","0","0","0","0","0","0","0","0","0","0","0","0","0","0","0","0","0","0","0","0","0"
"00000823","송정초교","00000125","선운101","20221003","2","1","0","1","2","1","0","1","0","0","0","0","0","0","0","0","1","0","0","0","1","0","0","0","0","0","0","0","0","0","0","0","0","0","0","0","0","0","0","0","0","0","0","0","0","0","0","0"
"00000823","송정초교","00000203","마을700","20221003","3","3","4","3","1","3","4","3","0","0","0","0","2","0","0","0","2","0","0","0","2","0","0","0","0","0","0","0","0","0","0","0","0","1","0","1","0","1","0","1","0","0","0","0","0","0","0","0"
"00000824","송정초교","00000010","송정19","20221003","0","0","0","0","0","0","0","0","0","0","0","0","0","0","0","0","0","0","3","0","0","0","3","0","0","0","0","0","0","0","0","0","0","0","0","0","0","0","0","0","0","0","0","0","0","0","0","0"
"00000824","송정초교","00000023","지원45","20221003","0","1","0","1","0","1","0","1","0","0","0","0","0","0","0","0","0","2","0","2","0","2","0","2","0","0","0","0","0","0","0","0","0","0","0","0","0","0","0","0","0","0","0","0","0","0","0","0"
"00000824","송정초교","00000044","송암73","20221003","0","0","0","0","0","0","0","0","0","0","0","0","0","0","0","0","2","1","0","1","2","1","0","1","0","0","0","0","0","0","0","0","0","0","0","0","0","0","0","0","0","0","0","0","0","0","0","0"
"00000824","송정초교","00000081","진곡196","20221003","0","2","0","2","0","2","0","2","0","0","0","0","0","0","0","0","0","2","4","2","0","1","3","1","0","0","1","0","0","1","0","1","0","0","1","0","0","0","1","0","0","0","0","0","0","0","0","0"
"00000824","송정초교","00000092","첨단40","20221003","0","0","0","0","0","0","0","0","0","0","0","0","0","0","0","0","1","0","1","0","1","0","1","0","0","0","0","0","0","0","0","0","0","0","0","0","0","0","0","0","0","0","0","0","0","0","0","0"
"00000824","송정초교","00000125","선운101","20221003","1","0","1","0","1","0","1","0","0","0","0","0","0","0","0","0","0","0","0","0","0","0","0","0","0","0","0","0","0","0","0","0","0","0","0","0","0","0","0","0","0","0","0","0","0","0","0","0"
"00000824","송정초교","00000203","마을700","20221003","3","1","0","1","2","1","0","1","0","0","0","0","1","0","0","0","1","4","2","4","1","3","1","3","0","0","0","0","0","1","1","1","0","0","0","0","0","0","0","0","0","0","0","0","0","0","0","0"
"00000825","송정파출소(북)","00000010","송정19","20221003","0","3","0","3","0","3","0","3","0","0","0","0","0","0","0","0","0","1","2","1","0","1","2","1","0","0","0","0","0","0","0","0","0","0","0","0","0","0","0","0","0","0","0","0","0","0","0","0"
"00000825","송정파출소(북)","00000016","송정29","20221003","0","0","2","0","0","0","2","0","0","0","0","0","0","0","0","0","9","12","11","12","9","12","10","12","0","0","0","0","0","0","1","0","0","0","1","0","0","0","1","0","0","0","0","0","0","0","0","0"
"00000825","송정파출소(북)","00000020","일곡38","20221003","0","2","0","2","0","1","0","1","0","0","0","0","0","1","0","1","1","1","1","1","1","1","1","1","0","0","0","0","0","0","0","0","5","1","0","1","1","1","0","1","0","0","0","0","4","0","0","0"
"00000825","송정파출소(북)","00000068","송정98","20221003","0","1","0","1","0","0","0","0","0","1","0","1","0","0","0","0","7","12","8","12","7","9","8","9","0","1","0","1","0","2","0","2","0","1","0","1","0","1","0","1","0","0","0","0","0","0","0","0"
"00000825","송정파출소(북)","00000081","진곡196","20221003","0","3","0","3","0","0","0","0","0","2","0","2","0","1","0","1","12","10","6","10","12","8","6","8","0","0","0","0","0","2","0","2","0","1","0","1","0","0","0","0","0","0","0","0","0","1","0","1"
"00000825","송정파출소(북)","00000084","임곡290","20221003","0","1","0","1","0","1","0","1","0","0","0","0","0","0","0","0","0","0","0","0","0","0","0","0","0","0","0","0","0","0","0","0","0","0","0","0","0","0","0","0","0","0","0","0","0","0","0","0"
"00000825","송정파출소(북)","00000093","송정97","20221003","0","0","0","0","0","0","0","0","0","0","0","0","0","0","0","0","0","0","0","0","0","0","0","0","0","0","0","0","0","0","0","0","6","0","0","0","6","0","0","0","0","0","0","0","0","0","0","0"
"00000825","송정파출소(북)","00000100","진월75","20221003","0","0","0","0","0","0","0","0","0","0","0","0","0","0","0","0","2","2","1","2","2","2","1","2","0","0","0","0","0","0","0","0","0","0","0","0","0","0","0","0","0","0","0","0","0","0","0","0"
"00000825","송정파출소(북)","00000103","송정100","20221003","0","0","0","0","0","0","0","0","0","0","0","0","0","0","0","0","0","0","0","0","0","0","0","0","0","0","0","0","0","0","0","0","0","0","0","0","0","0","0","0","0","0","0","0","0","0","0","0"
"00000825","송정파출소(북)","00000108","송정33","20221003","0","0","0","0","0","0","0","0","0","0","0","0","0","0","0","0","7","4","7","4","6","4","7","4","0","0","0","0","1","0","0","0","0","0","0","0","0","0","0","0","0","0","0","0","0","0","0","0"
"00000825","송정파출소(북)","00000127","상무62","20221003","0","0","0","0","0","0","0","0","0","0","0","0","0","0","0","0","0","0","0","0","0","0","0","0","0","0","0","0","0","0","0","0","0","0","2","0","0","0","2","0","0","0","0","0","0","0","0","0"
"00000825","송정파출소(북)","00000195","마을720","20221003","0","1","3","1","0","1","3","1","0","0","0","0","0","0","0","0","12","10","1","10","12","10","1","10","0","0","0","0","0","0","0","0","0","0","0","0","0","0","0","0","0","0","0","0","0","0","0","0"
"00000826","송정파출소(남)","00000011","첨단20","20221003","1","0","2","0","1","0","2","0","0","0","0","0","0","0","0","0","6","9","8","9","6","8","8","8","0","0","0","0","0","1","0","1","0","2","0","2","0","2","0","2","0","0","0","0","0","0","0","0"
"00000826","송정파출소(남)","00000023","지원45","20221003","0","1","0","1","0","0","0","0","0","0","0","0","0","1","0","1","7","9","1","9","7","6","1","6","0","0","0","0","0","3","0","3","1","0","1","0","1","0","1","0","0","0","0","0","0","0","0","0"
"00000826","송정파출소(남)","00000044","송암73","20221003","0","0","1","0","0","0","1","0","0","0","0","0","0","0","0","0","3","4","4","4","3","3","4","3","0","0","0","0","0","1","0","1","0","1","0","1","0","0","0","0","0","0","0","0","0","1","0","1"
"00000826","송정파출소(남)","00000092","첨단40","20221003","0","0","1","0","0","0","1","0","0","0","0","0","0","0","0","0","0","2","0","2","0","2","0","2","0","0","0","0","0","0","0","0","0","0","1","0","0","0","1","0","0","0","0","0","0","0","0","0"
"00000826","송정파출소(남)","00000125","선운101","20221003","0","3","0","3","0","2","0","2","0","1","0","1","0","0","0","0","0","1","0","1","0","1","0","1","0","0","0","0","0","0","0","0","0","0","0","0","0","0","0","0","0","0","0","0","0","0","0","0"
"00000827","송정파출소(북)","00000010","송정19","20221003","0","3","1","3","0","3","1","3","0","0","0","0","0","0","0","0","0","1","1","1","0","1","0","1","0","0","1","0","0","0","0","0","1","1","2","1","1","1","2","1","0","0","0","0","0","0","0","0"
"00000827","송정파출소(북)","00000016","송정29","20221003","2","7","7","7","2","6","4","6","0","1","1","1","0","0","2","0","0","1","1","1","0","1","1","1","0","0","0","0","0","0","0","0","0","2","1","2","0","1","1","1","0","0","0","0","0","1","0","1"
"00000827","송정파출소(북)","00000020","일곡38","20221003","1","0","0","0","1","0","0","0","0","0","0","0","0","0","0","0","0","0","1","0","0","0","1","0","0","0","0","0","0","0","0","0","1","1","1","1","1","1","1","1","0","0","0","0","0","0","0","0"
"00000827","송정파출소(북)","00000036","상무62(상무역행)","20221003","0","0","0","0","0","0","0","0","0","0","0","0","0","0","0","0","0","0","0","0","0","0","0","0","0","0","0","0","0","0","0","0","0","0","0","0","0","0","0","0","0","0","0","0","0","0","0","0"
"00000827","송정파출소(북)","00000068","송정98","20221003","1","3","6","3","1","3","6","3","0","0","0","0","0","0","0","0","0","0","1","0","0","0","1","0","0","0","0","0","0","0","0","0","1","1","2","1","1","1","2","1","0","0","0","0","0","0","0","0"
"00000827","송정파출소(북)","00000081","진곡196","20221003","0","4","3","4","0","4","2","4","0","0","0","0","0","0","1","0","0","0","0","0","0","0","0","0","0","0","0","0","0","0","0","0","0","0","0","0","0","0","0","0","0","0","0","0","0","0","0","0"
"00000827","송정파출소(북)","00000084","임곡290","20221003","0","0","0","0","0","0","0","0","0","0","0","0","0","0","0","0","0","0","0","0","0","0","0","0","0","0","0","0","0","0","0","0","0","0","1","0","0","0","1","0","0","0","0","0","0","0","0","0"
"00000827","송정파출소(북)","00000093","송정97","20221003","0","0","0","0","0","0","0","0","0","0","0","0","0","0","0","0","0","1","0","1","0","0","0","0","0","0","0","0","0","1","0","1","1","0","0","0","1","0","0","0","0","0","0","0","0","0","0","0"
"00000827","송정파출소(북)","00000100","진월75","20221003","2","4","1","4","2","3","1","3","0","0","0","0","0","1","0","1","1","0","1","0","1","0","1","0","0","0","0","0","0","0","0","0","1","3","1","3","1","2","1","2","0","0","0","0","0","1","0","1"
"00000827","송정파출소(북)","00000108","송정33","20221003","1","2","3","2","1","2","3","2","0","0","0","0","0","0","0","0","0","0","0","0","0","0","0","0","0","0","0","0","0","0","0","0","0","0","2","0","0","0","2","0","0","0","0","0","0","0","0","0"
"00000827","송정파출소(북)","00000195","마을720","20221003","1","0","2","0","1","0","2","0","0","0","0","0","0","0","0","0","1","0","0","0","1","0","0","0","0","0","0","0","0","0","0","0","1","1","1","1","1","1","1","1","0","0","0","0","0","0","0","0"
"00000830","수창초교후문","00000004","진월07","20221003","1","4","0","4","1","4","0","4","0","0","0","0","0","0","0","0","1","3","4","3","1","3","3","3","0","0","0","0","0","0","1","0","1","0","2","0","1","0","2","0","0","0","0","0","0","0","0","0"
"00000830","수창초교후문","00000019","봉선37","20221003","1","1","6","1","1","1","6","1","0","0","0","0","0","0","0","0","2","2","0","2","2","2","0","2","0","0","0","0","0","0","0","0","0","0","0","0","0","0","0","0","0","0","0","0","0","0","0","0"
"00000830","수창초교후문","00000033","금남58","20221003","0","0","0","0","0","0","0","0","0","0","0","0","0","0","0","0","0","0","0","0","0","0","0","0","0","0","0","0","0","0","0","0","0","1","0","1","0","1","0","1","0","0","0","0","0","0","0","0"
"00000831","수창초교후문","00000019","봉선37","20221003","0","0","0","0","0","0","0","0","0","0","0","0","0","0","0","0","0","0","1","0","0","0","1","0","0","0","0","0","0","0","0","0","0","0","0","0","0","0","0","0","0","0","0","0","0","0","0","0"
"00000831","수창초교후문","00000033","금남58","20221003","0","0","0","0","0","0","0","0","0","0","0","0","0","0","0","0","0","0","0","0","0","0","0","0","0","0","0","0","0","0","0","0","0","0","0","0","0","0","0","0","0","0","0","0","0","0","0","0"
"00000832","수촌","00000080","첨단193","20221003","0","0","0","0","0","0","0","0","0","0","0","0","0","0","0","0","0","0","0","0","0","0","0","0","0","0","0","0","0","0","0","0","0","0","0","0","0","0","0","0","0","0","0","0","0","0","0","0"
"00000833","중흥초교","00000010","송정19","20221003","1","3","2","3","1","3","2","3","0","0","0","0","0","0","0","0","0","2","0","2","0","2","0","2","0","0","0","0","0","0","0","0","0","0","0","0","0","0","0","0","0","0","0","0","0","0","0","0"
"00000833","중흥초교","00000030","금남55","20221003","0","0","1","0","0","0","1","0","0","0","0","0","0","0","0","0","0","0","0","0","0","0","0","0","0","0","0","0","0","0","0","0","0","0","0","0","0","0","0","0","0","0","0","0","0","0","0","0"
"00000833","중흥초교","00000032","금남57","20221003","1","4","2","4","1","3","2","3","0","0","0","0","0","1","0","1","0","0","2","0","0","0","2","0","0","0","0","0","0","0","0","0","0","0","0","0","0","0","0","0","0","0","0","0","0","0","0","0"
"00000833","중흥초교","00000054","용봉83","20221003","0","4","0","4","0","4","0","4","0","0","0","0","0","0","0","0","0","0","0","0","0","0","0","0","0","0","0","0","0","0","0","0","0","0","0","0","0","0","0","0","0","0","0","0","0","0","0","0"
"00000833","중흥초교","00000068","송정98","20221003","1","6","0","6","1","6","0","6","0","0","0","0","0","0","0","0","3","8","2","8","3","8","2","8","0","0","0","0","0","0","0","0","0","0","1","0","0","0","1","0","0","0","0","0","0","0","0","0"
"00000833","중흥초교","00000071","228(구151화순사평)","20221003","2","0","0","0","2","0","0","0","0","0","0","0","0","0","0","0","0","0","0","0","0","0","0","0","0","0","0","0","0","0","0","0","0","0","0","0","0","0","0","0","0","0","0","0","0","0","0","0"
"00000833","중흥초교","00000086","518","20221003","2","0","0","0","2","0","0","0","0","0","0","0","0","0","0","0","0","0","0","0","0","0","0","0","0","0","0","0","0","0","0","0","0","0","0","0","0","0","0","0","0","0","0","0","0","0","0","0"
"00000833","중흥초교","00000087","1187","20221003","3","0","1","0","3","0","1","0","0","0","0","0","0","0","0","0","0","0","1","0","0","0","1","0","0","0","0","0","0","0","0","0","0","0","0","0","0","0","0","0","0","0","0","0","0","0","0","0"
"00000833","중흥초교","00000122","228(화순전대병원)","20221003","1","3","1","3","1","3","1","3","0","0","0","0","0","0","0","0","0","1","0","1","0","1","0","1","0","0","0","0","0","0","0","0","0","0","1","0","0","0","1","0","0","0","0","0","0","0","0","0"
"00000834","중흥초교","00000010","송정19","20221003","2","5","2","5","2","5","2","5","0","0","0","0","0","0","0","0","0","1","1","1","0","1","1","1","0","0","0","0","0","0","0","0","0","0","0","0","0","0","0","0","0","0","0","0","0","0","0","0"
"00000834","중흥초교","00000030","금남55","20221003","2","0","0","0","2","0","0","0","0","0","0","0","0","0","0","0","0","3","2","3","0","3","2","3","0","0","0","0","0","0","0","0","0","0","0","0","0","0","0","0","0","0","0","0","0","0","0","0"
"00000834","중흥초교","00000032","금남57","20221003","1","1","1","1","1","1","1","1","0","0","0","0","0","0","0","0","0","0","0","0","0","0","0","0","0","0","0","0","0","0","0","0","0","0","0","0","0","0","0","0","0","0","0","0","0","0","0","0"
"00000834","중흥초교","00000054","용봉83","20221003","3","2","1","2","3","2","1","2","0","0","0","0","0","0","0","0","2","0","1","0","2","0","1","0","0","0","0","0","0","0","0","0","0","1","0","1","0","1","0","1","0","0","0","0","0","0","0","0"
"00000834","중흥초교","00000068","송정98","20221003","3","3","3","3","3","3","3","3","0","0","0","0","0","0","0","0","0","1","10","1","0","1","10","1","0","0","0","0","0","0","0","0","0","1","1","1","0","1","1","1","0","0","0","0","0","0","0","0"
"00000834","중흥초교","00000071","228(구151화순사평)","20221003","2","0","0","0","2","0","0","0","0","0","0","0","0","0","0","0","3","2","0","2","3","2","0","2","0","0","0","0","0","0","0","0","0","0","0","0","0","0","0","0","0","0","0","0","0","0","0","0"
"00000834","중흥초교","00000086","518","20221003","0","0","0","0","0","0","0","0","0","0","0","0","0","0","0","0","0","0","2","0","0","0","2","0","0","0","0","0","0","0","0","0","0","0","0","0","0","0","0","0","0","0","0","0","0","0","0","0"
"00000834","중흥초교","00000087","1187","20221003","0","2","2","2","0","2","2","2","0","0","0","0","0","0","0","0","1","4","2","4","1","4","2","4","0","0","0","0","0","0","0","0","0","0","0","0","0","0","0","0","0","0","0","0","0","0","0","0"
"00000834","중흥초교","00000122","228(화순전대병원)","20221003","0","0","1","0","0","0","1","0","0","0","0","0","0","0","0","0","0","2","3","2","0","2","3","2","0","0","0","0","0","0","0","0","0","0","0","0","0","0","0","0","0","0","0","0","0","0","0","0"
"00000835","소촌스위트밸리","00000019","봉선37","20221003","9","20","17","20","8","12","16","12","0","2","0","2","1","6","1","6","0","0","0","0","0","0","0","0","0","0","0","0","0","0","0","0","0","0","0","0","0","0","0","0","0","0","0","0","0","0","0","0"
"00000835","소촌스위트밸리","00000127","상무62","20221003","0","1","3","1","0","1","3","1","0","0","0","0","0","0","0","0","0","0","0","0","0","0","0","0","0","0","0","0","0","0","0","0","0","0","0","0","0","0","0","0","0","0","0","0","0","0","0","0"
"00000835","소촌스위트밸리","00000195","마을720","20221003","3","3","3","3","2","3","3","3","1","0","0","0","0","0","0","0","0","2","0","2","0","2","0","2","0","0","0","0","0","0","0","0","0","0","0","0","0","0","0","0","0","0","0","0","0","0","0","0"
"00000835","소촌스위트밸리","00000203","마을700","20221003","3","3","5","3","2","2","4","2","0","0","0","0","1","1","1","1","0","3","0","3","0","3","0","3","0","0","0","0","0","0","0","0","1","0","0","0","0","0","0","0","0","0","0","0","1","0","0","0"
"00000836","소촌스위트밸리","00000019","봉선37","20221003","1","6","8","6","1","2","6","2","0","1","0","1","0","3","2","3","1","1","0","1","1","1","0","1","0","0","0","0","0","0","0","0","2","1","0","1","1","1","0","1","0","0","0","0","1","0","0","0"
"00000836","소촌스위트밸리","00000036","상무62(상무역행)","20221003","1","5","2","5","1","4","2","4","0","1","0","1","0","0","0","0","0","0","0","0","0","0","0","0","0","0","0","0","0","0","0","0","0","0","0","0","0","0","0","0","0","0","0","0","0","0","0","0"
"00000836","소촌스위트밸리","00000195","마을720","20221003","8","13","2","13","8","9","1","9","0","2","0","2","0","2","1","2","0","0","0","0","0","0","0","0","0","0","0","0","0","0","0","0","0","0","0","0","0","0","0","0","0","0","0","0","0","0","0","0"
"00000836","소촌스위트밸리","00000203","마을700","20221003","10","8","1","8","10","6","1","6","0","2","0","2","0","0","0","0","2","0","0","0","2","0","0","0","0","0","0","0","0","0","0","0","0","1","0","1","0","1","0","1","0","0","0","0","0","0","0","0"
"00000837","광주인력개발원","00000019","봉선37","20221003","4","3","8","3","4","2","6","2","0","0","1","0","0","1","1","1","0","1","1","1","0","1","0","1","0","0","1","0","0","0","0","0","0","0","0","0","0","0","0","0","0","0","0","0","0","0","0","0"
"00000837","광주인력개발원","00000036","상무62(상무역행)","20221003","5","5","0","5","5","5","0","5","0","0","0","0","0","0","0","0","0","0","1","0","0","0","1","0","0","0","0","0","0","0","0","0","0","0","0","0","0","0","0","0","0","0","0","0","0","0","0","0"
"00000837","광주인력개발원","00000195","마을720","20221003","4","4","5","4","4","4","3","4","0","0","1","0","0","0","1","0","0","1","0","1","0","1","0","1","0","0","0","0","0","0","0","0","0","0","0","0","0","0","0","0","0","0","0","0","0","0","0","0"
"00000837","광주인력개발원","00000203","마을700","20221003","4","3","0","3","4","3","0","3","0","0","0","0","0","0","0","0","1","0","0","0","0","0","0","0","0","0","0","0","1","0","0","0","0","0","0","0","0","0","0","0","0","0","0","0","0","0","0","0"
"00000838","광주인력개발원","00000019","봉선37","20221003","18","20","10","20","17","11","9","11","0","4","0","4","1","5","1","5","0","0","1","0","0","0","1","0","0","0","0","0","0","0","0","0","0","0","1","0","0","0","1","0","0","0","0","0","0","0","0","0"
"00000838","광주인력개발원","00000127","상무62","20221003","1","3","1","3","1","3","1","3","0","0","0","0","0","0","0","0","0","0","0","0","0","0","0","0","0","0","0","0","0","0","0","0","0","0","0","0","0","0","0","0","0","0","0","0","0","0","0","0"
"00000838","광주인력개발원","00000195","마을720","20221003","2","11","3","11","2","9","3","9","0","2","0","2","0","0","0","0","0","0","0","0","0","0","0","0","0","0","0","0","0","0","0","0","0","0","0","0","0","0","0","0","0","0","0","0","0","0","0","0"
"00000838","광주인력개발원","00000203","마을700","20221003","7","3","4","3","6","3","4","3","0","0","0","0","1","0","0","0","0","2","0","2","0","2","0","2","0","0","0","0","0","0","0","0","0","0","0","0","0","0","0","0","0","0","0","0","0","0","0","0"
"00000840","상무시민공원","00000012","지원25","20221003","0","0","0","0","0","0","0","0","0","0","0","0","0","0","0","0","1","0","0","0","1","0","0","0","0","0","0","0","0","0","0","0","0","0","0","0","0","0","0","0","0","0","0","0","0","0","0","0"
"00000840","상무시민공원","00000086","518","20221003","2","0","1","0","2","0","1","0","0","0","0","0","0","0","0","0","0","0","0","0","0","0","0","0","0","0","0","0","0","0","0","0","0","0","0","0","0","0","0","0","0","0","0","0","0","0","0","0"
"00000841","상무시민공원","00000012","지원25","20221003","0","0","1","0","0","0","0","0","0","0","0","0","0","0","1","0","0","0","0","0","0","0","0","0","0","0","0","0","0","0","0","0","0","0","0","0","0","0","0","0","0","0","0","0","0","0","0","0"
"00000845","금호시영아파트","00000023","지원45","20221003","14","15","8","15","14","14","8","14","0","0","0","0","0","1","0","1","1","2","1","2","1","2","1","2","0","0","0","0","0","0","0","0","0","0","0","0","0","0","0","0","0","0","0","0","0","0","0","0"
"00000845","금호시영아파트","00000035","매월61(칠석)","20221003","6","0","2","0","6","0","2","0","0","0","0","0","0","0","0","0","1","1","0","1","1","1","0","1","0","0","0","0","0","0","0","0","1","0","0","0","1","0","0","0","0","0","0","0","0","0","0","0"
"00000845","금호시영아파트","00000043","송암72","20221003","0","0","1","0","0","0","1","0","0","0","0","0","0","0","0","0","0","1","1","1","0","1","1","1","0","0","0","0","0","0","0","0","0","0","0","0","0","0","0","0","0","0","0","0","0","0","0","0"
"00000845","금호시영아파트","00000048","진월77","20221003","0","0","0","0","0","0","0","0","0","0","0","0","0","0","0","0","0","0","0","0","0","0","0","0","0","0","0","0","0","0","0","0","0","0","0","0","0","0","0","0","0","0","0","0","0","0","0","0"
"00000845","금호시영아파트","00000088","금호36","20221003","0","0","2","0","0","0","2","0","0","0","0","0","0","0","0","0","2","4","3","4","2","4","3","4","0","0","0","0","0","0","0","0","0","0","0","0","0","0","0","0","0","0","0","0","0","0","0","0"
"00000845","금호시영아파트","00000095","금호46","20221003","1","2","1","2","1","1","1","1","0","0","0","0","0","1","0","1","1","1","3","1","1","1","3","1","0","0","0","0","0","0","0","0","0","0","0","0","0","0","0","0","0","0","0","0","0","0","0","0"
"00000845","금호시영아파트","00000112","순환01(운천저수지)","20221003","12","6","7","6","12","6","7","6","0","0","0","0","0","0","0","0","2","3","6","3","2","3","4","3","0","0","0","0","0","0","2","0","0","1","1","1","0","1","1","1","0","0","0","0","0","0","0","0"
"00000845","금호시영아파트","00000201","마을760","20221003","1","1","0","1","1","1","0","1","0","0","0","0","0","0","0","0","0","0","0","0","0","0","0","0","0","0","0","0","0","0","0","0","0","0","0","0","0","0","0","0","0","0","0","0","0","0","0","0"
"00000846","우산시영2단지(서)","00000092","첨단40","20221003","0","0","0","0","0","0","0","0","0","0","0","0","0","0","0","0","1","1","1","1","1","1","1","1","0","0","0","0","0","0","0","0","0","0","0","0","0","0","0","0","0","0","0","0","0","0","0","0"
"00000846","우산시영2단지(서)","00000203","마을700","20221003","0","0","0","0","0","0","0","0","0","0","0","0","0","0","0","0","0","1","0","1","0","1","0","1","0","0","0","0","0","0","0","0","0","0","0","0","0","0","0","0","0","0","0","0","0","0","0","0"
"00000847","우산시영2단지(동)","00000019","봉선37","20221003","2","11","4","11","2","11","4","11","0","0","0","0","0","0","0","0","1","3","2","3","1","3","2","3","0","0","0","0","0","0","0","0","0","0","0","0","0","0","0","0","0","0","0","0","0","0","0","0"
"00000847","우산시영2단지(동)","00000068","송정98","20221003","17","20","9","20","17","20","9","20","0","0","0","0","0","0","0","0","0","2","1","2","0","1","1","1","0","1","0","1","0","0","0","0","0","0","1","0","0","0","1","0","0","0","0","0","0","0","0","0"
"00000847","우산시영2단지(동)","00000084","임곡290","20221003","1","0","0","0","1","0","0","0","0","0","0","0","0","0","0","0","0","0","0","0","0","0","0","0","0","0","0","0","0","0","0","0","0","0","0","0","0","0","0","0","0","0","0","0","0","0","0","0"
"00000847","우산시영2단지(동)","00000108","송정33","20221003","5","12","3","12","5","12","0","12","0","0","0","0","0","0","3","0","0","0","2","0","0","0","2","0","0","0","0","0","0","0","0","0","0","0","0","0","0","0","0","0","0","0","0","0","0","0","0","0"
"00000847","우산시영2단지(동)","00000125","선운101","20221003","3","2","1","2","3","2","1","2","0","0","0","0","0","0","0","0","0","0","0","0","0","0","0","0","0","0","0","0","0","0","0","0","0","0","0","0","0","0","0","0","0","0","0","0","0","0","0","0"
"00000848","우산시영2단지(동)","00000019","봉선37","20221003","1","2","3","2","1","2","3","2","0","0","0","0","0","0","0","0","0","0","1","0","0","0","1","0","0","0","0","0","0","0","0","0","0","0","3","0","0","0","3","0","0","0","0","0","0","0","0","0"
"00000848","우산시영2단지(동)","00000068","송정98","20221003","11","7","3","7","11","4","3","4","0","0","0","0","0","3","0","3","1","6","7","6","1","5","7","5","0","0","0","0","0","1","0","1","1","0","1","0","1","0","1","0","0","0","0","0","0","0","0","0"
"00000848","우산시영2단지(동)","00000108","송정33","20221003","0","10","1","10","0","8","1","8","0","2","0","2","0","0","0","0","0","3","2","3","0","3","2","3","0","0","0","0","0","0","0","0","2","0","0","0","2","0","0","0","0","0","0","0","0","0","0","0"
"00000848","우산시영2단지(동)","00000125","선운101","20221003","1","1","0","1","1","1","0","1","0","0","0","0","0","0","0","0","0","1","0","1","0","1","0","1","0","0","0","0","0","0","0","0","0","0","1","0","0","0","1","0","0","0","0","0","0","0","0","0"
"00000849","우산시영2단지(서)","00000092","첨단40","20221003","0","1","2","1","0","1","2","1","0","0","0","0","0","0","0","0","1","0","3","0","1","0","2","0","0","0","1","0","0","0","0","0","0","0","0","0","0","0","0","0","0","0","0","0","0","0","0","0"
"00000849","우산시영2단지(서)","00000127","상무62","20221003","0","0","0","0","0","0","0","0","0","0","0","0","0","0","0","0","3","0","1","0","3","0","1","0","0","0","0","0","0","0","0","0","0","0","0","0","0","0","0","0","0","0","0","0","0","0","0","0"
"00000849","우산시영2단지(서)","00000195","마을720","20221003","1","2","0","2","1","2","0","2","0","0","0","0","0","0","0","0","1","2","2","2","1","2","2","2","0","0","0","0","0","0","0","0","0","0","0","0","0","0","0","0","0","0","0","0","0","0","0","0"
"00000849","우산시영2단지(서)","00000203","마을700","20221003","0","4","1","4","0","4","1","4","0","0","0","0","0","0","0","0","0","0","2","0","0","0","2","0","0","0","0","0","0","0","0","0","1","0","0","0","1","0","0","0","0","0","0","0","0","0","0","0"
"00000850","시청","00000007","매월16","20221003","0","1","1","1","0","0","1","0","0","0","0","0","0","1","0","1","1","3","4","3","1","3","3","3","0","0","0","0","0","0","1","0","0","1","0","1","0","1","0","1","0","0","0","0","0","0","0","0"
"00000850","시청","00000012","지원25","20221003","2","0","0","0","2","0","0","0","0","0","0","0","0","0","0","0","1","1","2","1","1","1","1","1","0","0","0","0","0","0","1","0","0","2","1","2","0","2","1","2","0","0","0","0","0","0","0","0"
"00000850","시청","00000020","일곡38","20221003","1","0","1","0","1","0","1","0","0","0","0","0","0","0","0","0","1","0","1","0","1","0","1","0","0","0","0","0","0","0","0","0","1","3","1","3","1","3","1","3","0","0","0","0","0","0","0","0"
"00000850","시청","00000023","지원45","20221003","1","0","1","0","1","0","1","0","0","0","0","0","0","0","0","0","4","3","2","3","4","3","1","3","0","0","0","0","0","0","1","0","2","1","6","1","2","1","5","1","0","0","0","0","0","0","1","0"
"00000850","시청","00000025","운림50","20221003","0","0","0","0","0","0","0","0","0","0","0","0","0","0","0","0","3","3","1","3","3","3","1","3","0","0","0","0","0","0","0","0","1","0","0","0","1","0","0","0","0","0","0","0","0","0","0","0"
"00000850","시청","00000037","상무63","20221003","0","0","0","0","0","0","0","0","0","0","0","0","0","0","0","0","1","1","0","1","1","1","0","1","0","0","0","0","0","0","0","0","0","0","0","0","0","0","0","0","0","0","0","0","0","0","0","0"
"00000850","시청","00000038","상무64","20221003","0","0","0","0","0","0","0","0","0","0","0","0","0","0","0","0","0","0","0","0","0","0","0","0","0","0","0","0","0","0","0","0","0","0","0","0","0","0","0","0","0","0","0","0","0","0","0","0"
"00000850","시청","00000086","518","20221003","0","0","0","0","0","0","0","0","0","0","0","0","0","0","0","0","0","0","4","0","0","0","4","0","0","0","0","0","0","0","0","0","0","0","0","0","0","0","0","0","0","0","0","0","0","0","0","0"
"00000850","시청","00000095","금호46","20221003","2","1","0","1","2","1","0","1","0","0","0","0","0","0","0","0","1","1","2","1","1","1","2","1","0","0","0","0","0","0","0","0","0","1","0","1","0","1","0","1","0","0","0","0","0","0","0","0"
"00000850","시청","00000109","좌석02","20221003","1","5","7","5","1","5","7","5","0","0","0","0","0","0","0","0","0","2","2","2","0","2","2","2","0","0","0","0","0","0","0","0","4","1","0","1","4","1","0","1","0","0","0","0","0","0","0","0"
"00000850","시청","00000111","송암68","20221003","5","3","8","3","5","3","8","3","0","0","0","0","0","0","0","0","1","1","4","1","1","1","3","1","0","0","1","0","0","0","0","0","2","2","4","2","2","2","2","2","0","0","0","0","0","0","2","0"
"00000850","시청","00000112","순환01(운천저수지)","20221003","1","0","1","0","1","0","1","0","0","0","0","0","0","0","0","0","1","2","6","2","1","2","6","2","0","0","0","0","0","0","0","0","2","0","2","0","2","0","2","0","0","0","0","0","0","0","0","0"
"00000850","시청","00000116","첨단22","20221003","0","0","2","0","0","0","1","0","0","0","0","0","0","0","1","0","2","1","2","1","1","1","1","1","0","0","0","0","1","0","1","0","2","0","0","0","2","0","0","0","0","0","0","0","0","0","0","0"
"00000850","시청","00000127","상무62","20221003","0","1","0","1","0","1","0","1","0","0","0","0","0","0","0","0","1","0","0","0","1","0","0","0","0","0","0","0","0","0","0","0","0","0","0","0","0","0","0","0","0","0","0","0","0","0","0","0"
"00000850","시청","00000214","마을799","20221003","0","0","0","0","0","0","0","0","0","0","0","0","0","0","0","0","0","1","1","1","0","1","0","1","0","0","0","0","0","0","1","0","0","0","0","0","0","0","0","0","0","0","0","0","0","0","0","0"
"00000852","시청","00000001","순환01(시청행)","20221003","4","3","15","3","4","3","13","3","0","0","0","0","0","0","2","0","0","0","0","0","0","0","0","0","0","0","0","0","0","0","0","0","0","4","7","4","0","4","7","4","0","0","0","0","0","0","0","0"
"00000852","시청","00000007","매월16","20221003","2","3","15","3","2","3","11","3","0","0","4","0","0","0","0","0","1","0","1","0","1","0","1","0","0","0","0","0","0","0","0","0","0","4","3","4","0","4","3","4","0","0","0","0","0","0","0","0"
"00000852","시청","00000012","지원25","20221003","2","3","7","3","2","3","6","3","0","0","0","0","0","0","1","0","0","1","0","1","0","1","0","1","0","0","0","0","0","0","0","0","2","5","3","5","2","4","3","4","0","0","0","0","0","1","0","1"
"00000852","시청","00000020","일곡38","20221003","2","1","4","1","2","1","4","1","0","0","0","0","0","0","0","0","0","5","1","5","0","5","1","5","0","0","0","0","0","0","0","0","1","1","0","1","1","1","0","1","0","0","0","0","0","0","0","0"
"00000852","시청","00000023","지원45","20221003","2","8","3","8","2","8","1","8","0","0","0","0","0","0","2","0","1","1","4","1","1","1","4","1","0","0","0","0","0","0","0","0","2","4","9","4","2","4","9","4","0","0","0","0","0","0","0","0"
"00000852","시청","00000025","운림50","20221003","3","6","3","6","3","5","3","5","0","0","0","0","0","1","0","1","0","0","1","0","0","0","1","0","0","0","0","0","0","0","0","0","0","1","3","1","0","1","3","1","0","0","0","0","0","0","0","0"
"00000852","시청","00000036","상무62(상무역행)","20221003","1","0","1","0","1","0","1","0","0","0","0","0","0","0","0","0","0","0","0","0","0","0","0","0","0","0","0","0","0","0","0","0","2","0","0","0","2","0","0","0","0","0","0","0","0","0","0","0"
"00000852","시청","00000037","상무63","20221003","2","1","5","1","2","1","4","1","0","0","0","0","0","0","1","0","0","0","1","0","0","0","1","0","0","0","0","0","0","0","0","0","0","1","0","1","0","1","0","1","0","0","0","0","0","0","0","0"
"00000852","시청","00000038","상무64","20221003","1","1","10","1","1","1","10","1","0","0","0","0","0","0","0","0","0","1","0","1","0","0","0","0","0","1","0","1","0","0","0","0","0","1","1","1","0","1","1","1","0","0","0","0","0","0","0","0"
"00000852","시청","00000086","518","20221003","3","0","0","0","3","0","0","0","0","0","0","0","0","0","0","0","0","0","0","0","0","0","0","0","0","0","0","0","0","0","0","0","0","0","0","0","0","0","0","0","0","0","0","0","0","0","0","0"
"00000852","시청","00000095","금호46","20221003","2","2","5","2","2","2","3","2","0","0","0","0","0","0","2","0","0","0","1","0","0","0","1","0","0","0","0","0","0","0","0","0","4","5","8","5","3","5","6","5","0","0","0","0","1","0","2","0"
"00000852","시청","00000109","좌석02","20221003","3","3","2","3","3","3","2","3","0","0","0","0","0","0","0","0","3","7","4","7","3","7","4","7","0","0","0","0","0","0","0","0","0","0","2","0","0","0","2","0","0","0","0","0","0","0","0","0"
"00000852","시청","00000111","송암68","20221003","4","1","3","1","4","1","3","1","0","0","0","0","0","0","0","0","0","0","4","0","0","0","4","0","0","0","0","0","0","0","0","0","0","0","1","0","0","0","1","0","0","0","0","0","0","0","0","0"
"00000852","시청","00000116","첨단22","20221003","1","1","14","1","1","1","11","1","0","0","1","0","0","0","2","0","0","0","1","0","0","0","1","0","0","0","0","0","0","0","0","0","5","3","9","3","5","3","8","3","0","0","0","0","0","0","1","0"
"00000852","시청","00000214","마을799","20221003","0","0","0","0","0","0","0","0","0","0","0","0","0","0","0","0","0","0","0","0","0","0","0","0","0","0","0","0","0","0","0","0","0","0","0","0","0","0","0","0","0","0","0","0","0","0","0","0"
"00000854","신가동","00000009","문흥18","20221003","9","12","9","12","8","10","9","10","1","0","0","0","0","2","0","2","4","2","4","2","2","1","4","1","2","0","0","0","0","1","0","1","1","2","1","2","1","2","1","2","0","0","0","0","0","0","0","0"
"00000854","신가동","00000016","송정29","20221003","11","7","11","7","11","6","7","6","0","0","1","0","0","1","3","1","0","2","2","2","0","2","2","2","0","0","0","0","0","0","0","0","1","1","1","1","1","1","1","1","0","0","0","0","0","0","0","0"
"00000854","신가동","00000019","봉선37","20221003","11","22","10","22","11","21","10","21","0","0","0","0","0","1","0","1","1","1","0","1","1","1","0","1","0","0","0","0","0","0","0","0","0","2","0","2","0","2","0","2","0","0","0","0","0","0","0","0"
"00000854","신가동","00000059","임곡89","20221003","0","1","0","1","0","1","0","1","0","0","0","0","0","0","0","0","0","1","0","1","0","1","0","1","0","0","0","0","0","0","0","0","1","0","0","0","1","0","0","0","0","0","0","0","0","0","0","0"
"00000854","신가동","00000064","첨단94","20221003","1","0","1","0","1","0","1","0","0","0","0","0","0","0","0","0","0","0","1","0","0","0","1","0","0","0","0","0","0","0","0","0","2","1","0","1","1","1","0","1","0","0","0","0","1","0","0","0"
"00000854","신가동","00000068","송정98","20221003","17","24","10","24","17","23","10","23","0","0","0","0","0","1","0","1","1","2","1","2","1","2","1","2","0","0","0","0","0","0","0","0","2","2","0","2","2","1","0","1","0","0","0","0","0","1","0","1"
"00000854","신가동","00000090","문흥39","20221003","10","9","4","9","10","9","4","9","0","0","0","0","0","0","0","0","0","0","0","0","0","0","0","0","0","0","0","0","0","0","0","0","1","1","1","1","1","1","1","1","0","0","0","0","0","0","0","0"
"00000854","신가동","00000092","첨단40","20221003","0","2","3","2","0","2","3","2","0","0","0","0","0","0","0","0","0","0","0","0","0","0","0","0","0","0","0","0","0","0","0","0","0","0","1","0","0","0","1","0","0","0","0","0","0","0","0","0"
"00000854","신가동","00000096","일곡10","20221003","5","11","9","11","5","6","7","6","0","2","0","2","0","3","2","3","0","0","1","0","0","0","1","0","0","0","0","0","0","0","0","0","0","2","1","2","0","2","1","2","0","0","0","0","0","0","0","0"
"00000854","신가동","00000127","상무62","20221003","3","2","0","2","3","1","0","1","0","0","0","0","0","1","0","1","0","1","0","1","0","1","0","1","0","0","0","0","0","0","0","0","0","0","0","0","0","0","0","0","0","0","0","0","0","0","0","0"
"00000854","신가동","00000195","마을720","20221003","8","7","8","7","5","7","7","7","0","0","1","0","3","0","0","0","1","0","1","0","1","0","1","0","0","0","0","0","0","0","0","0","0","1","1","1","0","1","1","1","0","0","0","0","0","0","0","0"
"00000855","신가동","00000009","문흥18","20221003","7","8","4","8","5","5","4","5","2","0","0","0","0","3","0","3","2","5","1","5","2","4","1","4","0","0","0","0","0","1","0","1","1","4","3","4","1","3","3","3","0","0","0","0","0","1","0","1"
"00000855","신가동","00000016","송정29","20221003","8","12","2","12","8","12","2","12","0","0","0","0","0","0","0","0","2","2","2","2","2","2","2","2","0","0","0","0","0","0","0","0","0","2","0","2","0","2","0","2","0","0","0","0","0","0","0","0"
"00000855","신가동","00000019","봉선37","20221003","7","6","4","6","7","6","3","6","0","0","0","0","0","0","1","0","2","2","4","2","2","2","4","2","0","0","0","0","0","0","0","0","2","0","0","0","2","0","0","0","0","0","0","0","0","0","0","0"
"00000855","신가동","00000036","상무62(상무역행)","20221003","2","0","0","0","2","0","0","0","0","0","0","0","0","0","0","0","0","0","0","0","0","0","0","0","0","0","0","0","0","0","0","0","0","0","1","0","0","0","1","0","0","0","0","0","0","0","0","0"
"00000855","신가동","00000059","임곡89","20221003","1","0","0","0","1","0","0","0","0","0","0","0","0","0","0","0","1","0","0","0","1","0","0","0","0","0","0","0","0","0","0","0","3","1","2","1","3","1","2","1","0","0","0","0","0","0","0","0"
"00000855","신가동","00000064","첨단94","20221003","0","1","0","1","0","1","0","1","0","0","0","0","0","0","0","0","0","0","0","0","0","0","0","0","0","0","0","0","0","0","0","0","0","0","0","0","0","0","0","0","0","0","0","0","0","0","0","0"
"00000855","신가동","00000068","송정98","20221003","12","11","1","11","11","11","1","11","0","0","0","0","1","0","0","0","1","2","4","2","1","2","3","2","0","0","0","0","0","0","1","0","0","1","0","1","0","1","0","1","0","0","0","0","0","0","0","0"
"00000855","신가동","00000090","문흥39","20221003","1","4","3","4","1","4","3","4","0","0","0","0","0","0","0","0","0","1","1","1","0","1","1","1","0","0","0","0","0","0","0","0","0","0","0","0","0","0","0","0","0","0","0","0","0","0","0","0"
"00000855","신가동","00000092","첨단40","20221003","2","0","1","0","2","0","1","0","0","0","0","0","0","0","0","0","1","0","0","0","1","0","0","0","0","0","0","0","0","0","0","0","1","0","0","0","1","0","0","0","0","0","0","0","0","0","0","0"
"00000855","신가동","00000096","일곡10","20221003","3","1","0","1","2","1","0","1","0","0","0","0","1","0","0","0","0","0","1","0","0","0","1","0","0","0","0","0","0","0","0","0","0","0","1","0","0","0","1","0","0","0","0","0","0","0","0","0"
"00000855","신가동","00000195","마을720","20221003","3","5","3","5","3","5","3","5","0","0","0","0","0","0","0","0","0","1","2","1","0","1","2","1","0","0","0","0","0","0","0","0","0","0","1","0","0","0","1","0","0","0","0","0","0","0","0","0"
"00000857","신가중","00000005","첨단09","20221003","6","10","9","10","4","7","7","7","0","2","0","2","2","1","2","1","3","6","5","6","3","2","5","2","0","1","0","1","0","3","0","3","0","0","0","0","0","0","0","0","0","0","0","0","0","0","0","0"
"00000857","신가중","00000016","송정29","20221003","8","8","8","8","8","7","7","7","0","0","0","0","0","1","1","1","1","3","2","3","1","3","2","3","0","0","0","0","0","0","0","0","0","0","0","0","0","0","0","0","0","0","0","0","0","0","0","0"
"00000857","신가중","00000064","첨단94","20221003","0","0","0","0","0","0","0","0","0","0","0","0","0","0","0","0","0","0","0","0","0","0","0","0","0","0","0","0","0","0","0","0","0","0","0","0","0","0","0","0","0","0","0","0","0","0","0","0"
"00000857","신가중","00000092","첨단40","20221003","2","0","1","0","1","0","0","0","0","0","0","0","1","0","1","0","1","0","0","0","1","0","0","0","0","0","0","0","0","0","0","0","0","0","0","0","0","0","0","0","0","0","0","0","0","0","0","0"
"00000857","신가중","00000096","일곡10","20221003","2","6","7","6","2","5","7","5","0","0","0","0","0","1","0","1","0","0","1","0","0","0","0","0","0","0","0","0","0","0","1","0","0","1","0","1","0","1","0","1","0","0","0","0","0","0","0","0"
"00000857","신가중","00000195","마을720","20221003","4","3","1","3","4","1","1","1","0","0","0","0","0","2","0","2","1","1","0","1","1","1","0","1","0","0","0","0","0","0","0","0","0","0","1","0","0","0","0","0","0","0","1","0","0","0","0","0"
"00000858","신가중","00000005","첨단09","20221003","19","31","9","31","19","23","8","23","0","4","0","4","0","4","1","4","0","2","1","2","0","1","1","1","0","1","0","1","0","0","0","0","0","0","1","0","0","0","1","0","0","0","0","0","0","0","0","0"
"00000858","신가중","00000016","송정29","20221003","6","5","7","5","6","4","6","4","0","0","0","0","0","1","1","1","1","0","1","0","1","0","1","0","0","0","0","0","0","0","0","0","0","0","1","0","0","0","1","0","0","0","0","0","0","0","0","0"
"00000858","신가중","00000064","첨단94","20221003","0","0","0","0","0","0","0","0","0","0","0","0","0","0","0","0","0","0","0","0","0","0","0","0","0","0","0","0","0","0","0","0","0","0","0","0","0","0","0","0","0","0","0","0","0","0","0","0"
"00000858","신가중","00000092","첨단40","20221003","3","1","0","1","3","0","0","0","0","0","0","0","0","1","0","1","0","0","0","0","0","0","0","0","0","0","0","0","0","0","0","0","0","0","0","0","0","0","0","0","0","0","0","0","0","0","0","0"
"00000858","신가중","00000096","일곡10","20221003","2","1","1","1","2","1","0","1","0","0","0","0","0","0","1","0","1","1","2","1","1","1","2","1","0","0","0","0","0","0","0","0","0","0","0","0","0","0","0","0","0","0","0","0","0","0","0","0"
"00000858","신가중","00000195","마을720","20221003","2","3","1","3","2","3","1","3","0","0","0","0","0","0","0","0","2","0","0","0","2","0","0","0","0","0","0","0","0","0","0","0","0","0","0","0","0","0","0","0","0","0","0","0","0","0","0","0"
"00000859","신당","00000060","임곡90","20221003","0","0","0","0","0","0","0","0","0","0","0","0","0","0","0","0","0","0","0","0","0","0","0","0","0","0","0","0","0","0","0","0","0","0","0","0","0","0","0","0","0","0","0","0","0","0","0","0"
"00000860","신등","00000059","임곡89","20221003","1","0","1","0","1","0","1","0","0","0","0","0","0","0","0","0","0","0","0","0","0","0","0","0","0","0","0","0","0","0","0","0","0","0","0","0","0","0","0","0","0","0","0","0","0","0","0","0"
"00000861","신동아아파트","00000011","첨단20","20221003","3","1","2","1","3","1","1","1","0","0","0","0","0","0","1","0","0","0","0","0","0","0","0","0","0","0","0","0","0","0","0","0","0","0","1","0","0","0","1","0","0","0","0","0","0","0","0","0"
"00000861","신동아아파트","00000203","마을700","20221003","1","2","3","2","1","0","2","0","0","0","0","0","0","2","1","2","0","0","0","0","0","0","0","0","0","0","0","0","0","0","0","0","0","0","0","0","0","0","0","0","0","0","0","0","0","0","0","0"
"00000862","신동아아파트","00000011","첨단20","20221003","0","3","1","3","0","3","1","3","0","0","0","0","0","0","0","0","1","0","0","0","1","0","0","0","0","0","0","0","0","0","0","0","0","0","0","0","0","0","0","0","0","0","0","0","0","0","0","0"
"00000862","신동아아파트","00000203","마을700","20221003","0","0","5","0","0","0","3","0","0","0","0","0","0","0","2","0","1","0","1","0","1","0","1","0","0","0","0","0","0","0","0","0","0","0","0","0","0","0","0","0","0","0","0","0","0","0","0","0"
"00000863","신봉정","00000084","임곡290","20221003","0","1","0","1","0","1","0","1","0","0","0","0","0","0","0","0","0","0","0","0","0","0","0","0","0","0","0","0","0","0","0","0","0","0","0","0","0","0","0","0","0","0","0","0","0","0","0","0"
"00000864","신세계백화점","00000012","지원25","20221003","1","4","8","4","1","4","6","4","0","0","1","0","0","0","1","0","9","15","10","15","9","14","8","14","0","0","0","0","0","1","2","1","1","0","2","0","1","0","2","0","0","0","0","0","0","0","0","0"
"00000864","신세계백화점","00000087","1187","20221003","1","2","4","2","1","2","4","2","0","0","0","0","0","0","0","0","2","2","6","2","2","2","6","2","0","0","0","0","0","0","0","0","0","1","0","1","0","1","0","1","0","0","0","0","0","0","0","0"
"00000864","신세계백화점","00000088","금호36","20221003","10","30","97","30","10","28","88","28","0","0","3","0","0","2","6","2","14","25","41","25","13","22","38","22","0","0","0","0","1","3","3","3","16","22","28","22","16","20","23","20","0","1","0","1","0","1","5","1"
"00000864","신세계백화점","00000090","문흥39","20221003","2","0","7","0","2","0","7","0","0","0","0","0","0","0","0","0","3","2","3","2","3","2","3","2","0","0","0","0","0","0","0","0","1","0","1","0","1","0","1","0","0","0","0","0","0","0","0","0"
"00000864","신세계백화점","00000111","송암68","20221003","3","10","4","10","3","8","4","8","0","1","0","1","0","1","0","1","12","15","6","15","12","15","6","15","0","0","0","0","0","0","0","0","1","0","3","0","1","0","3","0","0","0","0","0","0","0","0","0"
"00000865","신세계백화점(북)","00000019","봉선37","20221003","2","14","37","14","2","14","35","14","0","0","0","0","0","0","2","0","5","8","6","8","5","8","6","8","0","0","0","0","0","0","0","0","2","2","3","2","2","2","3","2","0","0","0","0","0","0","0","0"
"00000865","신세계백화점(북)","00000102","수완12","20221003","2","14","33","14","2","12","31","12","0","0","0","0","0","2","2","2","4","9","5","9","4","9","4","9","0","0","0","0","0","0","1","0","2","3","0","3","2","2","0","2","0","0","0","0","0","1","0","1"
"00000866","신세계백화점","00000012","지원25","20221003","1","7","17","7","1","7","15","7","0","0","1","0","0","0","1","0","1","1","4","1","1","1","4","1","0","0","0","0","0","0","0","0","4","3","4","3","4","3","4","3","0","0","0","0","0","0","0","0"
"00000866","신세계백화점","00000019","봉선37","20221003","1","18","23","18","1","18","23","18","0","0","0","0","0","0","0","0","6","9","9","9","6","9","8","9","0","0","0","0","0","0","1","0","0","1","1","1","0","1","1","1","0","0","0","0","0","0","0","0"
"00000866","신세계백화점","00000087","1187","20221003","0","4","5","4","0","4","5","4","0","0","0","0","0","0","0","0","1","3","1","3","1","3","1","3","0","0","0","0","0","0","0","0","2","0","1","0","2","0","1","0","0","0","0","0","0","0","0","0"
"00000866","신세계백화점","00000088","금호36","20221003","1","18","23","18","1","18","22","18","0","0","1","0","0","0","0","0","0","3","1","3","0","3","1","3","0","0","0","0","0","0","0","0","0","1","3","1","0","1","3","1","0","0","0","0","0","0","0","0"
"00000866","신세계백화점","00000090","문흥39","20221003","0","13","14","13","0","12","13","12","0","1","0","1","0","0","1","0","5","4","2","4","5","4","2","4","0","0","0","0","0","0","0","0","0","4","2","4","0","4","2","4","0","0","0","0","0","0","0","0"
"00000866","신세계백화점","00000102","수완12","20221003","6","7","18","7","6","7","18","7","0","0","0","0","0","0","0","0","2","2","4","2","2","2","4","2","0","0","0","0","0","0","0","0","6","1","8","1","6","1","8","1","0","0","0","0","0","0","0","0"
"00000866","신세계백화점","00000111","송암68","20221003","0","6","25","6","0","5","25","5","0","0","0","0","0","1","0","1","3","1","3","1","3","1","3","1","0","0","0","0","0","0","0","0","2","2","2","2","2","2","2","2","0","0","0","0","0","0","0","0"
"00000866","신세계백화점","00000115","선운14","20221003","1","7","18","7","1","6","15","6","0","1","2","1","0","0","1","0","1","1","1","1","1","1","1","1","0","0","0","0","0","0","0","0","0","4","1","4","0","4","1","4","0","0","0","0","0","0","0","0"
"00000867","신안교","00000009","문흥18","20221003","3","11","9","11","3","10","9","10","0","1","0","1","0","0","0","0","1","6","2","6","1","6","2","6","0","0","0","0","0","0","0","0","1","1","1","1","1","1","1","1","0","0","0","0","0","0","0","0"
"00000867","신안교","00000013","매월26","20221003","2","2","1","2","1","2","1","2","0","0","0","0","1","0","0","0","1","3","0","3","1","2","0","2","0","0","0","0","0","1","0","1","0","2","1","2","0","2","1","2","0","0","0","0","0","0","0","0"
"00000867","신안교","00000014","봉선27","20221003","9","5","6","5","9","5","4","5","0","0","0","0","0","0","2","0","0","1","2","1","0","1","2","1","0","0","0","0","0","0","0","0","0","0","0","0","0","0","0","0","0","0","0","0","0","0","0","0"
"00000867","신안교","00000024","송암47","20221003","6","2","5","2","6","2","5","2","0","0","0","0","0","0","0","0","0","0","0","0","0","0","0","0","0","0","0","0","0","0","0","0","0","0","0","0","0","0","0","0","0","0","0","0","0","0","0","0"
"00000867","신안교","00000038","상무64","20221003","0","2","0","2","0","2","0","2","0","0","0","0","0","0","0","0","0","0","0","0","0","0","0","0","0","0","0","0","0","0","0","0","0","1","0","1","0","1","0","1","0","0","0","0","0","0","0","0"
"00000867","신안교","00000043","송암72","20221003","3","1","2","1","3","1","2","1","0","0","0","0","0","0","0","0","1","1","0","1","1","0","0","0","0","0","0","0","0","1","0","1","1","0","1","0","1","0","0","0","0","0","0","0","0","0","1","0"
"00000867","신안교","00000054","용봉83","20221003","3","3","0","3","3","3","0","3","0","0","0","0","0","0","0","0","1","2","1","2","1","1","1","1","0","0","0","0","0","1","0","1","0","2","1","2","0","2","1","2","0","0","0","0","0","0","0","0"
"00000867","신안교","00000098","수완49","20221003","1","2","0","2","1","1","0","1","0","0","0","0","0","1","0","1","0","1","0","1","0","1","0","1","0","0","0","0","0","0","0","0","0","3","0","3","0","3","0","3","0","0","0","0","0","0","0","0"
"00000867","신안교","00000112","순환01(운천저수지)","20221003","9","3","3","3","9","3","3","3","0","0","0","0","0","0","0","0","2","11","10","11","2","10","10","10","0","1","0","1","0","0","0","0","3","0","4","0","3","0","4","0","0","0","0","0","0","0","0","0"
"00000867","신안교","00000211","마을777(우치공원)","20221003","0","0","0","0","0","0","0","0","0","0","0","0","0","0","0","0","0","0","1","0","0","0","1","0","0","0","0","0","0","0","0","0","0","1","0","1","0","1","0","1","0","0","0","0","0","0","0","0"
"00000868","신안교","00000001","순환01(시청행)","20221003","2","9","8","9","2","9","7","9","0","0","0","0","0","0","1","0","7","6","15","6","7","6","14","6","0","0","0","0","0","0","1","0","0","0","1","0","0","0","1","0","0","0","0","0","0","0","0","0"
"00000868","신안교","00000009","문흥18","20221003","5","2","10","2","5","2","10","2","0","0","0","0","0","0","0","0","0","1","0","1","0","1","0","1","0","0","0","0","0","0","0","0","1","3","3","3","1","3","2","3","0","0","0","0","0","0","1","0"
"00000868","신안교","00000013","매월26","20221003","1","0","2","0","1","0","2","0","0","0","0","0","0","0","0","0","2","1","8","1","2","0","8","0","0","1","0","1","0","0","0","0","0","0","2","0","0","0","2","0","0","0","0","0","0","0","0","0"
"00000868","신안교","00000014","봉선27","20221003","5","6","3","6","5","6","3","6","0","0","0","0","0","0","0","0","2","0","1","0","2","0","1","0","0","0","0","0","0","0","0","0","1","1","1","1","1","1","1","1","0","0","0","0","0","0","0","0"
"00000868","신안교","00000024","송암47","20221003","0","3","3","3","0","3","3","3","0","0","0","0","0","0","0","0","0","1","1","1","0","1","1","1","0","0","0","0","0","0","0","0","0","0","0","0","0","0","0","0","0","0","0","0","0","0","0","0"
"00000868","신안교","00000038","상무64","20221003","0","0","0","0","0","0","0","0","0","0","0","0","0","0","0","0","0","1","0","1","0","1","0","1","0","0","0","0","0","0","0","0","0","0","0","0","0","0","0","0","0","0","0","0","0","0","0","0"
"00000868","신안교","00000043","송암72","20221003","3","0","0","0","3","0","0","0","0","0","0","0","0","0","0","0","0","2","2","2","0","1","2","1","0","0","0","0","0","1","0","1","0","1","0","1","0","1","0","1","0","0","0","0","0","0","0","0"
"00000868","신안교","00000054","용봉83","20221003","0","3","5","3","0","3","5","3","0","0","0","0","0","0","0","0","0","0","0","0","0","0","0","0","0","0","0","0","0","0","0","0","0","0","1","0","0","0","1","0","0","0","0","0","0","0","0","0"
"00000868","신안교","00000098","수완49","20221003","3","1","6","1","3","1","6","1","0","0","0","0","0","0","0","0","0","2","0","2","0","2","0","2","0","0","0","0","0","0","0","0","0","0","0","0","0","0","0","0","0","0","0","0","0","0","0","0"
"00000868","신안교","00000211","마을777(우치공원)","20221003","0","0","0","0","0","0","0","0","0","0","0","0","0","0","0","0","1","0","1","0","1","0","1","0","0","0","0","0","0","0","0","0","0","2","0","2","0","2","0","2","0","0","0","0","0","0","0","0"
"00000869","용봉2휴먼시아아파트","00000013","매월26","20221003","4","2","9","2","4","2","8","2","0","0","0","0","0","0","1","0","1","0","0","0","1","0","0","0","0","0","0","0","0","0","0","0","2","2","2","2","2","2","2","2","0","0","0","0","0","0","0","0"
"00000869","용봉2휴먼시아아파트","00000017","첨단30","20221003","1","2","0","2","1","2","0","2","0","0","0","0","0","0","0","0","0","0","1","0","0","0","1","0","0","0","0","0","0","0","0","0","0","1","1","1","0","0","1","0","0","0","0","0","0","1","0","1"
"00000869","용봉2휴먼시아아파트","00000032","금남57","20221003","5","2","3","2","5","1","3","1","0","1","0","1","0","0","0","0","0","1","1","1","0","1","1","1","0","0","0","0","0","0","0","0","0","0","1","0","0","0","1","0","0","0","0","0","0","0","0","0"
"00000869","용봉2휴먼시아아파트","00000038","상무64","20221003","1","0","0","0","1","0","0","0","0","0","0","0","0","0","0","0","0","1","0","1","0","1","0","1","0","0","0","0","0","0","0","0","0","0","0","0","0","0","0","0","0","0","0","0","0","0","0","0"
"00000870","용봉2휴먼시아아파트","00000013","매월26","20221003","2","1","4","1","2","1","3","1","0","0","0","0","0","0","1","0","1","0","2","0","1","0","2","0","0","0","0","0","0","0","0","0","0","0","0","0","0","0","0","0","0","0","0","0","0","0","0","0"
"00000870","용봉2휴먼시아아파트","00000017","첨단30","20221003","1","2","1","2","1","2","1","2","0","0","0","0","0","0","0","0","4","0","2","0","4","0","2","0","0","0","0","0","0","0","0","0","0","0","0","0","0","0","0","0","0","0","0","0","0","0","0","0"
"00000870","용봉2휴먼시아아파트","00000032","금남57","20221003","1","3","2","3","1","3","2","3","0","0","0","0","0","0","0","0","2","3","0","3","2","3","0","3","0","0","0","0","0","0","0","0","0","0","0","0","0","0","0","0","0","0","0","0","0","0","0","0"
"00000870","용봉2휴먼시아아파트","00000038","상무64","20221003","0","0","0","0","0","0","0","0","0","0","0","0","0","0","0","0","0","0","0","0","0","0","0","0","0","0","0","0","0","0","0","0","0","0","0","0","0","0","0","0","0","0","0","0","0","0","0","0"
"00000871","신안교입구","00000013","매월26","20221003","1","3","1","3","1","3","1","3","0","0","0","0","0","0","0","0","2","2","5","2","2","2","5","2","0","0","0","0","0","0","0","0","0","0","0","0","0","0","0","0","0","0","0","0","0","0","0","0"
"00000871","신안교입구","00000017","첨단30","20221003","0","1","1","1","0","0","1","0","0","0","0","0","0","1","0","1","3","2","5","2","3","2","5","2","0","0","0","0","0","0","0","0","0","0","0","0","0","0","0","0","0","0","0","0","0","0","0","0"
"00000871","신안교입구","00000032","금남57","20221003","0","0","0","0","0","0","0","0","0","0","0","0","0","0","0","0","0","1","0","1","0","1","0","1","0","0","0","0","0","0","0","0","0","0","0","0","0","0","0","0","0","0","0","0","0","0","0","0"
"00000871","신안교입구","00000038","상무64","20221003","0","0","0","0","0","0","0","0","0","0","0","0","0","0","0","0","0","1","1","1","0","1","1","1","0","0","0","0","0","0","0","0","0","0","0","0","0","0","0","0","0","0","0","0","0","0","0","0"
"00000872","신안교입구","00000013","매월26","20221003","1","1","4","1","1","1","3","1","0","0","1","0","0","0","0","0","0","3","0","3","0","3","0","3","0","0","0","0","0","0","0","0","0","0","0","0","0","0","0","0","0","0","0","0","0","0","0","0"
"00000872","신안교입구","00000017","첨단30","20221003","2","0","5","0","2","0","5","0","0","0","0","0","0","0","0","0","0","1","1","1","0","1","1","1","0","0","0","0","0","0","0","0","0","0","0","0","0","0","0","0","0","0","0","0","0","0","0","0"
"00000872","신안교입구","00000032","금남57","20221003","1","0","1","0","1","0","1","0","0","0","0","0","0","0","0","0","0","2","3","2","0","2","3","2","0","0","0","0","0","0","0","0","0","0","0","0","0","0","0","0","0","0","0","0","0","0","0","0"
"00000872","신안교입구","00000038","상무64","20221003","0","0","2","0","0","0","2","0","0","0","0","0","0","0","0","0","0","0","0","0","0","0","0","0","0","0","0","0","0","0","0","0","0","0","0","0","0","0","0","0","0","0","0","0","0","0","0","0"
"00000873","신안동행정복지센터","00000033","금남58","20221003","2","3","3","3","2","3","3","3","0","0","0","0","0","0","0","0","0","1","0","1","0","1","0","1","0","0","0","0","0","0","0","0","0","0","0","0","0","0","0","0","0","0","0","0","0","0","0","0"
"00000873","신안동행정복지센터","00000059","임곡89","20221003","1","0","0","0","1","0","0","0","0","0","0","0","0","0","0","0","0","0","1","0","0","0","1","0","0","0","0","0","0","0","0","0","0","0","0","0","0","0","0","0","0","0","0","0","0","0","0","0"
"00000873","신안동행정복지센터","00000068","송정98","20221003","3","1","1","1","3","0","1","0","0","0","0","0","0","1","0","1","8","2","3","2","8","2","3","2","0","0","0","0","0","0","0","0","0","0","0","0","0","0","0","0","0","0","0","0","0","0","0","0"
"00000873","신안동행정복지센터","00000071","228(구151화순사평)","20221003","1","0","0","0","1","0","0","0","0","0","0","0","0","0","0","0","0","0","0","0","0","0","0","0","0","0","0","0","0","0","0","0","0","0","0","0","0","0","0","0","0","0","0","0","0","0","0","0"
"00000873","신안동행정복지센터","00000122","228(화순전대병원)","20221003","0","1","0","1","0","1","0","1","0","0","0","0","0","0","0","0","0","0","0","0","0","0","0","0","0","0","0","0","0","0","0","0","0","0","0","0","0","0","0","0","0","0","0","0","0","0","0","0"
"00000874","신안동행정복지센터","00000033","금남58","20221003","0","4","1","4","0","4","0","4","0","0","0","0","0","0","1","0","0","0","0","0","0","0","0","0","0","0","0","0","0","0","0","0","1","0","0","0","1","0","0","0","0","0","0","0","0","0","0","0"
"00000874","신안동행정복지센터","00000059","임곡89","20221003","1","0","0","0","1","0","0","0","0","0","0","0","0","0","0","0","0","0","0","0","0","0","0","0","0","0","0","0","0","0","0","0","0","0","0","0","0","0","0","0","0","0","0","0","0","0","0","0"
"00000874","신안동행정복지센터","00000068","송정98","20221003","8","1","2","1","8","1","2","1","0","0","0","0","0","0","0","0","0","0","0","0","0","0","0","0","0","0","0","0","0","0","0","0","0","0","0","0","0","0","0","0","0","0","0","0","0","0","0","0"
"00000874","신안동행정복지센터","00000071","228(구151화순사평)","20221003","3","0","0","0","3","0","0","0","0","0","0","0","0","0","0","0","1","0","0","0","1","0","0","0","0","0","0","0","0","0","0","0","0","0","0","0","0","0","0","0","0","0","0","0","0","0","0","0"
"00000874","신안동행정복지센터","00000122","228(화순전대병원)","20221003","0","2","1","2","0","2","1","2","0","0","0","0","0","0","0","0","0","0","2","0","0","0","2","0","0","0","0","0","0","0","0","0","0","0","0","0","0","0","0","0","0","0","0","0","0","0","0","0"
"00000875","북광주수협","00000087","1187","20221003","2","2","0","2","2","2","0","2","0","0","0","0","0","0","0","0","0","0","0","0","0","0","0","0","0","0","0","0","0","0","0","0","0","0","0","0","0","0","0","0","0","0","0","0","0","0","0","0"
"00000876","신안사거리","00000017","첨단30","20221003","7","6","4","6","5","5","4","5","2","0","0","0","0","1","0","1","4","4","7","4","4","4","7","4","0","0","0","0","0","0","0","0","0","1","0","1","0","1","0","1","0","0","0","0","0","0","0","0"
"00000876","신안사거리","00000030","금남55","20221003","1","2","3","2","1","1","3","1","0","0","0","0","0","1","0","1","1","2","1","2","1","2","1","2","0","0","0","0","0","0","0","0","2","4","0","4","2","4","0","4","0","0","0","0","0","0","0","0"
"00000876","신안사거리","00000032","금남57","20221003","2","1","0","1","2","1","0","1","0","0","0","0","0","0","0","0","2","1","2","1","2","1","2","1","0","0","0","0","0","0","0","0","1","1","0","1","1","1","0","1","0","0","0","0","0","0","0","0"
"00000876","신안사거리","00000033","금남58","20221003","3","2","4","2","3","2","3","2","0","0","0","0","0","0","1","0","0","0","1","0","0","0","1","0","0","0","0","0","0","0","0","0","3","1","0","1","3","1","0","1","0","0","0","0","0","0","0","0"
"00000876","신안사거리","00000043","송암72","20221003","2","0","1","0","2","0","1","0","0","0","0","0","0","0","0","0","1","3","1","3","1","3","1","3","0","0","0","0","0","0","0","0","0","2","1","2","0","2","1","2","0","0","0","0","0","0","0","0"
"00000876","신안사거리","00000052","두암81(각화초교)","20221003","0","1","0","1","0","1","0","1","0","0","0","0","0","0","0","0","0","1","0","1","0","1","0","1","0","0","0","0","0","0","0","0","1","0","0","0","1","0","0","0","0","0","0","0","0","0","0","0"
"00000876","신안사거리","00000054","용봉83","20221003","2","7","3","7","2","7","3","7","0","0","0","0","0","0","0","0","3","3","2","3","3","3","2","3","0","0","0","0","0","0","0","0","0","0","0","0","0","0","0","0","0","0","0","0","0","0","0","0"
"00000876","신안사거리","00000059","임곡89","20221003","1","0","0","0","1","0","0","0","0","0","0","0","0","0","0","0","0","0","0","0","0","0","0","0","0","0","0","0","0","0","0","0","0","0","0","0","0","0","0","0","0","0","0","0","0","0","0","0"
"00000876","신안사거리","00000068","송정98","20221003","4","9","5","9","4","7","3","7","0","0","0","0","0","2","2","2","7","8","3","8","7","6","2","6","0","0","0","0","0","2","1","2","0","8","5","8","0","7","5","7","0","0","0","0","0","1","0","1"
"00000876","신안사거리","00000071","228(구151화순사평)","20221003","0","0","0","0","0","0","0","0","0","0","0","0","0","0","0","0","0","1","0","1","0","1","0","1","0","0","0","0","0","0","0","0","2","0","0","0","2","0","0","0","0","0","0","0","0","0","0","0"
"00000876","신안사거리","00000072","지원152(능주역)","20221003","1","0","0","0","1","0","0","0","0","0","0","0","0","0","0","0","0","0","0","0","0","0","0","0","0","0","0","0","0","0","0","0","0","0","0","0","0","0","0","0","0","0","0","0","0","0","0","0"
"00000876","신안사거리","00000086","518","20221003","0","1","0","1","0","1","0","1","0","0","0","0","0","0","0","0","2","0","2","0","2","0","2","0","0","0","0","0","0","0","0","0","1","0","0","0","1","0","0","0","0","0","0","0","0","0","0","0"
"00000876","신안사거리","00000087","1187","20221003","4","0","1","0","3","0","1","0","0","0","0","0","1","0","0","0","0","0","0","0","0","0","0","0","0","0","0","0","0","0","0","0","14","3","1","3","14","3","1","3","0","0","0","0","0","0","0","0"
"00000876","신안사거리","00000098","수완49","20221003","0","0","1","0","0","0","1","0","0","0","0","0","0","0","0","0","1","0","2","0","1","0","2","0","0","0","0","0","0","0","0","0","0","0","1","0","0","0","1","0","0","0","0","0","0","0","0","0"
"00000876","신안사거리","00000122","228(화순전대병원)","20221003","1","4","7","4","1","4","6","4","0","0","0","0","0","0","1","0","1","0","2","0","1","0","2","0","0","0","0","0","0","0","0","0","3","0","5","0","3","0","5","0","0","0","0","0","0","0","0","0"
"00000876","신안사거리","00000123","지원152(도웅리)","20221003","1","1","0","1","1","1","0","1","0","0","0","0","0","0","0","0","0","0","0","0","0","0","0","0","0","0","0","0","0","0","0","0","0","0","0","0","0","0","0","0","0","0","0","0","0","0","0","0"
"00000876","신안사거리","00000129","두암81(장등동)","20221003","0","1","0","1","0","1","0","1","0","0","0","0","0","0","0","0","0","0","0","0","0","0","0","0","0","0","0","0","0","0","0","0","2","0","0","0","2","0","0","0","0","0","0","0","0","0","0","0"
"00000877","신안사거리","00000017","첨단30","20221003","0","3","6","3","0","3","6","3","0","0","0","0","0","0","0","0","1","1","1","1","1","1","1","1","0","0","0","0","0","0","0","0","0","0","1","0","0","0","1","0","0","0","0","0","0","0","0","0"
"00000877","신안사거리","00000030","금남55","20221003","0","5","5","5","0","5","5","5","0","0","0","0","0","0","0","0","1","1","0","1","1","1","0","1","0","0","0","0","0","0","0","0","0","0","0","0","0","0","0","0","0","0","0","0","0","0","0","0"
"00000877","신안사거리","00000032","금남57","20221003","0","0","0","0","0","0","0","0","0","0","0","0","0","0","0","0","0","1","1","1","0","1","1","1","0","0","0","0","0","0","0","0","0","0","2","0","0","0","2","0","0","0","0","0","0","0","0","0"
"00000877","신안사거리","00000033","금남58","20221003","3","2","4","2","2","2","4","2","0","0","0","0","1","0","0","0","1","1","1","1","1","1","1","1","0","0","0","0","0","0","0","0","0","0","1","0","0","0","1","0","0","0","0","0","0","0","0","0"
"00000877","신안사거리","00000039","유덕65","20221003","0","0","0","0","0","0","0","0","0","0","0","0","0","0","0","0","0","1","0","1","0","1","0","1","0","0","0","0","0","0","0","0","0","0","0","0","0","0","0","0","0","0","0","0","0","0","0","0"
"00000877","신안사거리","00000043","송암72","20221003","2","1","2","1","2","1","2","1","0","0","0","0","0","0","0","0","0","1","0","1","0","1","0","1","0","0","0","0","0","0","0","0","1","0","1","0","1","0","1","0","0","0","0","0","0","0","0","0"
"00000877","신안사거리","00000054","용봉83","20221003","1","3","1","3","1","3","1","3","0","0","0","0","0","0","0","0","0","1","1","1","0","1","1","1","0","0","0","0","0","0","0","0","1","0","2","0","1","0","2","0","0","0","0","0","0","0","0","0"
"00000877","신안사거리","00000059","임곡89","20221003","3","1","0","1","3","1","0","1","0","0","0","0","0","0","0","0","0","0","0","0","0","0","0","0","0","0","0","0","0","0","0","0","0","0","0","0","0","0","0","0","0","0","0","0","0","0","0","0"
"00000877","신안사거리","00000068","송정98","20221003","3","4","9","4","2","4","9","4","0","0","0","0","1","0","0","0","1","0","1","0","1","0","1","0","0","0","0","0","0","0","0","0","0","2","1","2","0","2","1","2","0","0","0","0","0","0","0","0"
"00000877","신안사거리","00000071","228(구151화순사평)","20221003","3","0","0","0","3","0","0","0","0","0","0","0","0","0","0","0","2","0","0","0","2","0","0","0","0","0","0","0","0","0","0","0","0","1","0","1","0","1","0","1","0","0","0","0","0","0","0","0"
"00000877","신안사거리","00000072","지원152(능주역)","20221003","0","0","0","0","0","0","0","0","0","0","0","0","0","0","0","0","0","2","0","2","0","2","0","2","0","0","0","0","0","0","0","0","0","0","0","0","0","0","0","0","0","0","0","0","0","0","0","0"
"00000877","신안사거리","00000086","518","20221003","2","0","0","0","2","0","0","0","0","0","0","0","0","0","0","0","2","1","0","1","2","1","0","1","0","0","0","0","0","0","0","0","0","0","0","0","0","0","0","0","0","0","0","0","0","0","0","0"
"00000877","신안사거리","00000087","1187","20221003","1","2","2","2","1","2","2","2","0","0","0","0","0","0","0","0","0","0","0","0","0","0","0","0","0","0","0","0","0","0","0","0","0","0","0","0","0","0","0","0","0","0","0","0","0","0","0","0"
"00000877","신안사거리","00000098","수완49","20221003","1","0","1","0","1","0","1","0","0","0","0","0","0","0","0","0","0","0","1","0","0","0","1","0","0","0","0","0","0","0","0","0","1","0","0","0","1","0","0","0","0","0","0","0","0","0","0","0"
"00000877","신안사거리","00000106","두암81(무등파크)","20221003","1","0","3","0","1","0","3","0","0","0","0","0","0","0","0","0","0","0","0","0","0","0","0","0","0","0","0","0","0","0","0","0","0","0","0","0","0","0","0","0","0","0","0","0","0","0","0","0"
"00000877","신안사거리","00000119","지원56","20221003","0","0","0","0","0","0","0","0","0","0","0","0","0","0","0","0","0","0","0","0","0","0","0","0","0","0","0","0","0","0","0","0","0","0","0","0","0","0","0","0","0","0","0","0","0","0","0","0"
"00000877","신안사거리","00000122","228(화순전대병원)","20221003","0","7","0","7","0","6","0","6","0","0","0","0","0","1","0","1","0","0","0","0","0","0","0","0","0","0","0","0","0","0","0","0","0","0","0","0","0","0","0","0","0","0","0","0","0","0","0","0"
"00000877","신안사거리","00000123","지원152(도웅리)","20221003","0","0","0","0","0","0","0","0","0","0","0","0","0","0","0","0","0","1","0","1","0","1","0","1","0","0","0","0","0","0","0","0","0","0","0","0","0","0","0","0","0","0","0","0","0","0","0","0"
"00000877","신안사거리","00000130","두암81","20221003","0","2","1","2","0","2","1","2","0","0","0","0","0","0","0","0","0","0","1","0","0","0","1","0","0","0","0","0","0","0","0","0","0","0","0","0","0","0","0","0","0","0","0","0","0","0","0","0"
"00000878","북광주수협","00000087","1187","20221003","3","2","1","2","3","2","1","2","0","0","0","0","0","0","0","0","0","1","2","1","0","1","2","1","0","0","0","0","0","0","0","0","0","0","0","0","0","0","0","0","0","0","0","0","0","0","0","0"
"00000879","신암마을","00000023","지원45","20221003","3","3","7","3","3","3","6","3","0","0","0","0","0","0","1","0","1","0","2","0","1","0","2","0","0","0","0","0","0","0","0","0","0","0","0","0","0","0","0","0","0","0","0","0","0","0","0","0"
"00000879","신암마을","00000024","송암47","20221003","0","0","4","0","0","0","4","0","0","0","0","0","0","0","0","0","0","0","0","0","0","0","0","0","0","0","0","0","0","0","0","0","0","0","0","0","0","0","0","0","0","0","0","0","0","0","0","0"
"00000879","신암마을","00000034","금남59","20221003","1","1","0","1","1","0","0","0","0","1","0","1","0","0","0","0","1","1","1","1","1","1","1","1","0","0","0","0","0","0","0","0","0","0","0","0","0","0","0","0","0","0","0","0","0","0","0","0"
"00000879","신암마을","00000049","진월78","20221003","1","0","0","0","1","0","0","0","0","0","0","0","0","0","0","0","0","0","0","0","0","0","0","0","0","0","0","0","0","0","0","0","0","0","0","0","0","0","0","0","0","0","0","0","0","0","0","0"
"00000879","신암마을","00000100","진월75","20221003","1","2","1","2","1","2","0","2","0","0","0","0","0","0","1","0","0","0","0","0","0","0","0","0","0","0","0","0","0","0","0","0","0","0","0","0","0","0","0","0","0","0","0","0","0","0","0","0"
"00000880","신암마을","00000023","지원45","20221003","8","5","1","5","8","3","1","3","0","0","0","0","0","2","0","2","1","0","0","0","1","0","0","0","0","0","0","0","0","0","0","0","0","0","0","0","0","0","0","0","0","0","0","0","0","0","0","0"
"00000880","신암마을","00000024","송암47","20221003","2","3","1","3","2","3","1","3","0","0","0","0","0","0","0","0","0","0","0","0","0","0","0","0","0","0","0","0","0","0","0","0","0","0","0","0","0","0","0","0","0","0","0","0","0","0","0","0"
"00000880","신암마을","00000034","금남59","20221003","2","6","3","6","1","4","3","4","0","2","0","2","1","0","0","0","0","0","0","0","0","0","0","0","0","0","0","0","0","0","0","0","0","0","0","0","0","0","0","0","0","0","0","0","0","0","0","0"
"00000880","신암마을","00000049","진월78","20221003","1","0","0","0","1","0","0","0","0","0","0","0","0","0","0","0","0","0","0","0","0","0","0","0","0","0","0","0","0","0","0","0","0","0","0","0","0","0","0","0","0","0","0","0","0","0","0","0"
"00000880","신암마을","00000100","진월75","20221003","1","1","2","1","1","0","2","0","0","0","0","0","0","1","0","1","0","0","0","0","0","0","0","0","0","0","0","0","0","0","0","0","0","0","0","0","0","0","0","0","0","0","0","0","0","0","0","0"
"00000885","신우아파트","00000003","매월06","20221003","2","3","3","3","2","3","3","3","0","0","0","0","0","0","0","0","2","1","6","1","2","1","6","1","0","0","0","0","0","0","0","0","2","4","4","4","2","4","4","4","0","0","0","0","0","0","0","0"
"00000885","신우아파트","00000012","지원25","20221003","5","6","5","6","5","5","5","5","0","0","0","0","0","1","0","1","0","2","2","2","0","2","2","2","0","0","0","0","0","0","0","0","4","3","2","3","4","3","2","3","0","0","0","0","0","0","0","0"
"00000885","신우아파트","00000044","송암73","20221003","5","9","3","9","4","8","3","8","0","0","0","0","1","1","0","1","0","1","3","1","0","1","3","1","0","0","0","0","0","0","0","0","2","1","3","1","2","1","3","1","0","0","0","0","0","0","0","0"
"00000885","신우아파트","00000101","송암31","20221003","2","2","1","2","2","2","1","2","0","0","0","0","0","0","0","0","2","0","1","0","2","0","1","0","0","0","0","0","0","0","0","0","1","0","0","0","1","0","0","0","0","0","0","0","0","0","0","0"
"00000885","신우아파트","00000102","수완12","20221003","10","5","5","5","8","4","5","4","0","0","0","0","2","1","0","1","0","0","0","0","0","0","0","0","0","0","0","0","0","0","0","0","1","2","1","2","1","2","1","2","0","0","0","0","0","0","0","0"
"00000885","신우아파트","00000119","지원56","20221003","7","3","2","3","7","3","2","3","0","0","0","0","0","0","0","0","1","1","0","1","1","1","0","1","0","0","0","0","0","0","0","0","1","3","0","3","1","3","0","3","0","0","0","0","0","0","0","0"
"00000886","신우아파트","00000003","매월06","20221003","2","28","10","28","2","26","5","26","0","1","0","1","0","1","5","1","1","0","1","0","1","0","1","0","0","0","0","0","0","0","0","0","1","1","0","1","1","1","0","1","0","0","0","0","0","0","0","0"
"00000886","신우아파트","00000012","지원25","20221003","3","5","6","5","3","4","6","4","0","0","0","0","0","1","0","1","0","5","2","5","0","5","2","5","0","0","0","0","0","0","0","0","1","1","1","1","1","1","1","1","0","0","0","0","0","0","0","0"
"00000886","신우아파트","00000044","송암73","20221003","1","10","4","10","1","9","4","9","0","0","0","0","0","1","0","1","1","1","3","1","1","1","3","1","0","0","0","0","0","0","0","0","0","2","0","2","0","2","0","2","0","0","0","0","0","0","0","0"
"00000886","신우아파트","00000101","송암31","20221003","3","4","3","4","3","4","3","4","0","0","0","0","0","0","0","0","1","0","1","0","1","0","1","0","0","0","0","0","0","0","0","0","1","0","1","0","1","0","1","0","0","0","0","0","0","0","0","0"
"00000886","신우아파트","00000102","수완12","20221003","5","14","3","14","5","10","3","10","0","0","0","0","0","4","0","4","1","1","2","1","1","1","2","1","0","0","0","0","0","0","0","0","0","0","0","0","0","0","0","0","0","0","0","0","0","0","0","0"
"00000886","신우아파트","00000119","지원56","20221003","4","1","0","1","4","1","0","1","0","0","0","0","0","0","0","0","1","1","0","1","1","1","0","1","0","0","0","0","0","0","0","0","0","1","0","1","0","1","0","1","0","0","0","0","0","0","0","0"
"00000889","신가주공아파트","00000005","첨단09","20221003","4","11","7","11","4","5","7","5","0","2","0","2","0","4","0","4","3","2","9","2","3","2","8","2","0","0","1","0","0","0","0","0","0","3","0","3","0","3","0","3","0","0","0","0","0","0","0","0"
"00000889","신가주공아파트","00000016","송정29","20221003","3","5","6","5","3","4","5","4","0","0","1","0","0","1","0","1","2","2","1","2","2","2","1","2","0","0","0","0","0","0","0","0","0","0","0","0","0","0","0","0","0","0","0","0","0","0","0","0"
"00000889","신가주공아파트","00000064","첨단94","20221003","0","0","0","0","0","0","0","0","0","0","0","0","0","0","0","0","0","0","0","0","0","0","0","0","0","0","0","0","0","0","0","0","0","0","0","0","0","0","0","0","0","0","0","0","0","0","0","0"
"00000889","신가주공아파트","00000092","첨단40","20221003","0","2","0","2","0","2","0","2","0","0","0","0","0","0","0","0","0","1","2","1","0","1","2","1","0","0","0","0","0","0","0","0","0","0","0","0","0","0","0","0","0","0","0","0","0","0","0","0"
"00000889","신가주공아파트","00000096","일곡10","20221003","1","0","5","0","1","0","2","0","0","0","0","0","0","0","3","0","0","1","0","1","0","1","0","1","0","0","0","0","0","0","0","0","0","0","1","0","0","0","0","0","0","0","0","0","0","0","1","0"
"00000889","신가주공아파트","00000098","수완49","20221003","1","1","1","1","1","1","0","1","0","0","0","0","0","0","1","0","1","0","2","0","1","0","2","0","0","0","0","0","0","0","0","0","0","1","2","1","0","0","2","0","0","0","0","0","0","1","0","1"
"00000889","신가주공아파트","00000195","마을720","20221003","0","0","1","0","0","0","1","0","0","0","0","0","0","0","0","0","1","0","3","0","0","0","2","0","1","0","0","0","0","0","1","0","0","1","0","1","0","1","0","1","0","0","0","0","0","0","0","0"
"00000890","보건대입구","00000007","매월16","20221003","1","4","1","4","1","4","1","4","0","0","0","0","0","0","0","0","0","1","1","1","0","1","1","1","0","0","0","0","0","0","0","0","0","0","0","0","0","0","0","0","0","0","0","0","0","0","0","0"
"00000890","보건대입구","00000014","봉선27","20221003","2","5","5","5","2","5","5","5","0","0","0","0","0","0","0","0","1","0","0","0","1","0","0","0","0","0","0","0","0","0","0","0","0","0","0","0","0","0","0","0","0","0","0","0","0","0","0","0"
"00000890","보건대입구","00000016","송정29","20221003","1","1","1","1","1","1","1","1","0","0","0","0","0","0","0","0","0","1","0","1","0","1","0","1","0","0","0","0","0","0","0","0","0","0","0","0","0","0","0","0","0","0","0","0","0","0","0","0"
"00000890","보건대입구","00000026","운림51","20221003","3","4","2","4","3","4","2","4","0","0","0","0","0","0","0","0","0","0","0","0","0","0","0","0","0","0","0","0","0","0","0","0","0","0","0","0","0","0","0","0","0","0","0","0","0","0","0","0"
"00000890","보건대입구","00000043","송암72","20221003","0","4","1","4","0","4","1","4","0","0","0","0","0","0","0","0","0","0","0","0","0","0","0","0","0","0","0","0","0","0","0","0","0","1","0","1","0","1","0","1","0","0","0","0","0","0","0","0"
"00000890","보건대입구","00000102","수완12","20221003","1","4","4","4","0","4","4","4","0","0","0","0","1","0","0","0","0","0","0","0","0","0","0","0","0","0","0","0","0","0","0","0","0","0","0","0","0","0","0","0","0","0","0","0","0","0","0","0"
"00000891","보건대입구","00000007","매월16","20221003","0","1","0","1","0","1","0","1","0","0","0","0","0","0","0","0","0","0","3","0","0","0","3","0","0","0","0","0","0","0","0","0","0","0","0","0","0","0","0","0","0","0","0","0","0","0","0","0"
"00000891","보건대입구","00000014","봉선27","20221003","0","1","1","1","0","1","1","1","0","0","0","0","0","0","0","0","1","1","2","1","1","1","1","1","0","0","0","0","0","0","1","0","0","0","0","0","0","0","0","0","0","0","0","0","0","0","0","0"
"00000891","보건대입구","00000016","송정29","20221003","4","0","3","0","4","0","3","0","0","0","0","0","0","0","0","0","2","1","1","1","2","1","1","1","0","0","0","0","0","0","0","0","1","0","0","0","1","0","0","0","0","0","0","0","0","0","0","0"
"00000891","보건대입구","00000026","운림51","20221003","2","1","0","1","1","1","0","1","1","0","0","0","0","0","0","0","0","1","0","1","0","1","0","1","0","0","0","0","0","0","0","0","0","0","1","0","0","0","1","0","0","0","0","0","0","0","0","0"
"00000891","보건대입구","00000043","송암72","20221003","0","0","1","0","0","0","0","0","0","0","0","0","0","0","1","0","0","0","1","0","0","0","1","0","0","0","0","0","0","0","0","0","0","0","0","0","0","0","0","0","0","0","0","0","0","0","0","0"
"00000891","보건대입구","00000079","첨단192","20221003","0","0","0","0","0","0","0","0","0","0","0","0","0","0","0","0","0","0","0","0","0","0","0","0","0","0","0","0","0","0","0","0","2","0","0","0","2","0","0","0","0","0","0","0","0","0","0","0"
"00000891","보건대입구","00000102","수완12","20221003","0","0","1","0","0","0","1","0","0","0","0","0","0","0","0","0","0","0","0","0","0","0","0","0","0","0","0","0","0","0","0","0","0","1","0","1","0","1","0","1","0","0","0","0","0","0","0","0"
"00000892","신창동우체국","00000005","첨단09","20221003","8","7","13","7","6","6","10","6","0","0","0","0","2","1","3","1","1","5","9","5","1","4","6","4","0","1","0","1","0","0","3","0","3","0","1","0","3","0","1","0","0","0","0","0","0","0","0","0"
"00000892","신창동우체국","00000016","송정29","20221003","2","5","5","5","2","5","5","5","0","0","0","0","0","0","0","0","5","2","4","2","5","1","4","1","0","0","0","0","0","1","0","1","0","0","2","0","0","0","2","0","0","0","0","0","0","0","0","0"
"00000892","신창동우체국","00000064","첨단94","20221003","0","1","0","1","0","1","0","1","0","0","0","0","0","0","0","0","1","0","0","0","1","0","0","0","0","0","0","0","0","0","0","0","0","0","0","0","0","0","0","0","0","0","0","0","0","0","0","0"
"00000892","신창동우체국","00000092","첨단40","20221003","0","0","1","0","0","0","0","0","0","0","0","0","0","0","1","0","0","1","0","1","0","1","0","1","0","0","0","0","0","0","0","0","0","0","1","0","0","0","1","0","0","0","0","0","0","0","0","0"
"00000892","신창동우체국","00000096","일곡10","20221003","4","6","6","6","3","1","3","1","1","0","0","0","0","5","3","5","2","1","0","1","2","0","0","0","0","0","0","0","0","1","0","1","1","1","1","1","1","1","1","1","0","0","0","0","0","0","0","0"
"00000892","신창동우체국","00000195","마을720","20221003","1","1","1","1","1","1","1","1","0","0","0","0","0","0","0","0","1","1","0","1","1","1","0","1","0","0","0","0","0","0","0","0","0","0","1","0","0","0","0","0","0","0","0","0","0","0","1","0"
"00000893","신창동우체국","00000005","첨단09","20221003","17","39","20","39","16","31","18","31","0","0","0","0","1","8","2","8","0","3","3","3","0","3","3","3","0","0","0","0","0","0","0","0","1","1","5","1","1","1","4","1","0","0","1","0","0","0","0","0"
"00000893","신창동우체국","00000016","송정29","20221003","11","12","11","12","11","11","10","11","0","0","0","0","0","1","1","1","0","2","1","2","0","2","1","2","0","0","0","0","0","0","0","0","0","3","4","3","0","3","4","3","0","0","0","0","0","0","0","0"
"00000893","신창동우체국","00000064","첨단94","20221003","0","0","0","0","0","0","0","0","0","0","0","0","0","0","0","0","0","0","0","0","0","0","0","0","0","0","0","0","0","0","0","0","0","2","0","2","0","1","0","1","0","0","0","0","0","1","0","1"
"00000893","신창동우체국","00000092","첨단40","20221003","2","1","5","1","2","1","2","1","0","0","2","0","0","0","1","0","0","2","0","2","0","2","0","2","0","0","0","0","0","0","0","0","1","0","0","0","1","0","0","0","0","0","0","0","0","0","0","0"
"00000893","신창동우체국","00000096","일곡10","20221003","0","0","1","0","0","0","1","0","0","0","0","0","0","0","0","0","0","0","6","0","0","0","5","0","0","0","1","0","0","0","0","0","0","0","0","0","0","0","0","0","0","0","0","0","0","0","0","0"
"00000893","신창동우체국","00000195","마을720","20221003","11","6","2","6","10","5","2","5","0","0","0","0","1","1","0","1","0","1","0","1","0","1","0","1","0","0","0","0","0","0","0","0","0","1","0","1","0","1","0","1","0","0","0","0","0","0","0","0"
"00000894","신창부영1차아파트","00000026","운림51","20221003","12","25","15","25","10","22","12","22","0","0","2","0","2","3","1","3","0","0","0","0","0","0","0","0","0","0","0","0","0","0","0","0","1","2","0","2","1","2","0","2","0","0","0","0","0","0","0","0"
"00000894","신창부영1차아파트","00000064","첨단94","20221003","0","0","0","0","0","0","0","0","0","0","0","0","0","0","0","0","0","0","0","0","0","0","0","0","0","0","0","0","0","0","0","0","0","0","0","0","0","0","0","0","0","0","0","0","0","0","0","0"
"00000894","신창부영1차아파트","00000092","첨단40","20221003","0","0","0","0","0","0","0","0","0","0","0","0","0","0","0","0","0","1","1","1","0","1","1","1","0","0","0","0","0","0","0","0","0","0","0","0","0","0","0","0","0","0","0","0","0","0","0","0"
"00000895","신창부영1차아파트","00000026","운림51","20221003","1","4","7","4","1","4","5","4","0","0","0","0","0","0","2","0","3","2","5","2","3","1","5","1","0","0","0","0","0","1","0","1","0","0","1","0","0","0","1","0","0","0","0","0","0","0","0","0"
"00000895","신창부영1차아파트","00000064","첨단94","20221003","0","0","0","0","0","0","0","0","0","0","0","0","0","0","0","0","0","0","1","0","0","0","1","0","0","0","0","0","0","0","0","0","0","0","0","0","0","0","0","0","0","0","0","0","0","0","0","0"
"00000895","신창부영1차아파트","00000092","첨단40","20221003","2","5","1","5","2","4","1","4","0","0","0","0","0","1","0","1","0","1","0","1","0","1","0","1","0","0","0","0","0","0","0","0","0","0","0","0","0","0","0","0","0","0","0","0","0","0","0","0"
"00000896","신창중","00000005","첨단09","20221003","8","18","12","18","8","13","9","13","0","2","0","2","0","3","3","3","2","1","0","1","2","1","0","1","0","0","0","0","0","0","0","0","1","2","3","2","1","2","3","2","0","0","0","0","0","0","0","0"
"00000896","신창중","00000016","송정29","20221003","6","7","5","7","5","2","3","2","0","1","0","1","1","4","2","4","3","6","6","6","3","6","6","6","0","0","0","0","0","0","0","0","0","0","0","0","0","0","0","0","0","0","0","0","0","0","0","0"
"00000896","신창중","00000026","운림51","20221003","3","5","10","5","3","5","9","5","0","0","0","0","0","0","1","0","0","0","0","0","0","0","0","0","0","0","0","0","0","0","0","0","0","2","2","2","0","2","1","2","0","0","0","0","0","0","1","0"
"00000896","신창중","00000043","송암72","20221003","8","3","5","3","8","3","5","3","0","0","0","0","0","0","0","0","0","4","6","4","0","3","3","3","0","0","1","0","0","1","2","1","0","0","1","0","0","0","1","0","0","0","0","0","0","0","0","0"
"00000896","신창중","00000102","수완12","20221003","6","9","4","9","6","9","3","9","0","0","0","0","0","0","1","0","1","1","2","1","0","0","1","0","0","0","0","0","1","1","1","1","1","0","0","0","1","0","0","0","0","0","0","0","0","0","0","0"
"00000896","신창중","00000195","마을720","20221003","4","5","3","5","4","3","3","3","0","0","0","0","0","2","0","2","1","2","0","2","1","2","0","2","0","0","0","0","0","0","0","0","0","0","0","0","0","0","0","0","0","0","0","0","0","0","0","0"
"00000897","신창중","00000005","첨단09","20221003","29","42","25","42","28","29","23","29","0","3","1","3","1","10","1","10","1","2","0","2","1","1","0","1","0","0","0","0","0","1","0","1","1","4","2","4","1","3","2","3","0","0","0","0","0","1","0","1"
"00000897","신창중","00000016","송정29","20221003","14","11","5","11","14","9","4","9","0","0","0","0","0","2","1","2","0","3","2","3","0","2","2","2","0","0","0","0","0","1","0","1","0","4","5","4","0","4","5","4","0","0","0","0","0","0","0","0"
"00000897","신창중","00000026","운림51","20221003","14","24","9","24","11","21","7","21","0","2","1","2","3","1","1","1","0","0","2","0","0","0","2","0","0","0","0","0","0","0","0","0","0","0","2","0","0","0","1","0","0","0","0","0","0","0","1","0"
"00000897","신창중","00000043","송암72","20221003","4","15","10","15","3","12","8","12","1","0","0","0","0","3","2","3","0","0","1","0","0","0","1","0","0","0","0","0","0","0","0","0","1","2","0","2","1","2","0","2","0","0","0","0","0","0","0","0"
"00000897","신창중","00000102","수완12","20221003","5","18","13","18","5","5","7","5","0","1","1","1","0","12","5","12","1","1","0","1","1","1","0","1","0","0","0","0","0","0","0","0","0","1","1","1","0","0","1","0","0","0","0","0","0","1","0","1"
"00000897","신창중","00000195","마을720","20221003","17","4","6","4","16","4","4","4","0","0","0","0","1","0","2","0","0","0","0","0","0","0","0","0","0","0","0","0","0","0","0","0","0","1","0","1","0","1","0","1","0","0","0","0","0","0","0","0"
"00000898","신가사거리","00000005","첨단09","20221003","2","1","4","1","1","0","1","0","0","0","0","0","1","1","3","1","0","3","8","3","0","3","8","3","0","0","0","0","0","0","0","0","0","0","0","0","0","0","0","0","0","0","0","0","0","0","0","0"
"00000898","신가사거리","00000016","송정29","20221003","3","1","1","1","2","1","0","1","0","0","0","0","1","0","1","0","1","4","4","4","1","4","3","4","0","0","0","0","0","0","1","0","1","0","0","0","1","0","0","0","0","0","0","0","0","0","0","0"
"00000898","신가사거리","00000064","첨단94","20221003","1","0","0","0","1","0","0","0","0","0","0","0","0","0","0","0","0","0","0","0","0","0","0","0","0","0","0","0","0","0","0","0","0","0","0","0","0","0","0","0","0","0","0","0","0","0","0","0"
"00000898","신가사거리","00000092","첨단40","20221003","0","1","0","1","0","1","0","1","0","0","0","0","0","0","0","0","1","0","0","0","1","0","0","0","0","0","0","0","0","0","0","0","0","0","0","0","0","0","0","0","0","0","0","0","0","0","0","0"
"00000898","신가사거리","00000096","일곡10","20221003","1","1","3","1","1","0","2","0","0","0","0","0","0","1","1","1","0","0","1","0","0","0","1","0","0","0","0","0","0","0","0","0","0","3","0","3","0","0","0","0","0","0","0","0","0","3","0","3"
"00000898","신가사거리","00000098","수완49","20221003","0","0","0","0","0","0","0","0","0","0","0","0","0","0","0","0","0","2","2","2","0","1","1","1","0","0","0","0","0","1","1","1","0","0","0","0","0","0","0","0","0","0","0","0","0","0","0","0"
"00000898","신가사거리","00000195","마을720","20221003","0","1","1","1","0","0","0","0","0","1","0","1","0","0","1","0","1","1","1","1","1","1","1","1","0","0","0","0","0","0","0","0","0","0","0","0","0","0","0","0","0","0","0","0","0","0","0","0"
"00000899","신가사거리","00000005","첨단09","20221003","1","5","3","5","1","4","3","4","0","0","0","0","0","1","0","1","1","3","2","3","1","3","2","3","0","0","0","0","0","0","0","0","0","0","0","0","0","0","0","0","0","0","0","0","0","0","0","0"
"00000899","신가사거리","00000016","송정29","20221003","0","0","0","0","0","0","0","0","0","0","0","0","0","0","0","0","1","1","3","1","1","1","3","1","0","0","0","0","0","0","0","0","0","0","0","0","0","0","0","0","0","0","0","0","0","0","0","0"
"00000899","신가사거리","00000064","첨단94","20221003","0","0","0","0","0","0","0","0","0","0","0","0","0","0","0","0","0","0","0","0","0","0","0","0","0","0","0","0","0","0","0","0","0","0","0","0","0","0","0","0","0","0","0","0","0","0","0","0"
"00000899","신가사거리","00000096","일곡10","20221003","0","0","0","0","0","0","0","0","0","0","0","0","0","0","0","0","1","0","2","0","1","0","0","0","0","0","0","0","0","0","2","0","0","0","0","0","0","0","0","0","0","0","0","0","0","0","0","0"
"00000899","신가사거리","00000098","수완49","20221003","0","0","0","0","0","0","0","0","0","0","0","0","0","0","0","0","0","1","0","1","0","1","0","1","0","0","0","0","0","0","0","0","0","0","0","0","0","0","0","0","0","0","0","0","0","0","0","0"
"00000899","신가사거리","00000195","마을720","20221003","1","1","1","1","1","1","1","1","0","0","0","0","0","0","0","0","0","0","0","0","0","0","0","0","0","0","0","0","0","0","0","0","0","0","0","0","0","0","0","0","0","0","0","0","0","0","0","0"
"00000900","신창초교","00000005","첨단09","20221003","11","10","18","10","10","6","16","6","0","0","0","0","1","4","2","4","4","0","6","0","4","0","4","0","0","0","0","0","0","0","2","0","4","0","2","0","4","0","2","0","0","0","0","0","0","0","0","0"
"00000900","신창초교","00000016","송정29","20221003","5","12","6","12","5","10","5","10","0","0","0","0","0","2","1","2","2","0","0","0","2","0","0","0","0","0","0","0","0","0","0","0","0","1","0","1","0","1","0","1","0","0","0","0","0","0","0","0"
"00000900","신창초교","00000026","운림51","20221003","6","5","14","5","6","4","11","4","0","0","0","0","0","1","3","1","0","0","1","0","0","0","1","0","0","0","0","0","0","0","0","0","3","1","2","1","3","1","1","1","0","0","0","0","0","0","1","0"
"00000900","신창초교","00000043","송암72","20221003","6","9","4","9","3","9","3","9","1","0","0","0","2","0","1","0","0","0","2","0","0","0","2","0","0","0","0","0","0","0","0","0","0","1","1","1","0","1","1","1","0","0","0","0","0","0","0","0"
"00000900","신창초교","00000102","수완12","20221003","9","5","6","5","9","5","6","5","0","0","0","0","0","0","0","0","0","1","0","1","0","1","0","1","0","0","0","0","0","0","0","0","1","1","0","1","1","0","0","0","0","0","0","0","0","1","0","1"
"00000900","신창초교","00000195","마을720","20221003","1","3","2","3","1","2","2","2","0","0","0","0","0","1","0","1","1","1","1","1","1","0","1","0","0","1","0","1","0","0","0","0","1","0","0","0","1","0","0","0","0","0","0","0","0","0","0","0"
"00000901","신창초교","00000005","첨단09","20221003","18","23","23","23","18","18","20","18","0","1","1","1","0","4","2","4","2","3","6","3","2","3","6","3","0","0","0","0","0","0","0","0","0","2","2","2","0","2","2","2","0","0","0","0","0","0","0","0"
"00000901","신창초교","00000016","송정29","20221003","5","11","19","11","5","10","17","10","0","1","2","1","0","0","0","0","1","1","0","1","1","1","0","1","0","0","0","0","0","0","0","0","4","5","4","5","4","3","4","3","0","0","0","0","0","2","0","2"
"00000901","신창초교","00000026","운림51","20221003","7","6","5","6","7","5","5","5","0","0","0","0","0","1","0","1","0","2","4","2","0","2","4","2","0","0","0","0","0","0","0","0","0","0","0","0","0","0","0","0","0","0","0","0","0","0","0","0"
"00000901","신창초교","00000043","송암72","20221003","4","13","3","13","4","8","2","8","0","2","0","2","0","3","1","3","0","2","0","2","0","2","0","2","0","0","0","0","0","0","0","0","1","0","0","0","1","0","0","0","0","0","0","0","0","0","0","0"
"00000901","신창초교","00000102","수완12","20221003","1","15","9","15","1","7","4","7","0","5","1","5","0","3","4","3","2","3","2","3","2","2","0","2","0","0","0","0","0","1","2","1","0","0","0","0","0","0","0","0","0","0","0","0","0","0","0","0"
"00000901","신창초교","00000195","마을720","20221003","3","2","6","2","3","1","6","1","0","0","0","0","0","1","0","1","0","0","1","0","0","0","1","0","0","0","0","0","0","0","0","0","1","0","3","0","1","0","3","0","0","0","0","0","0","0","0","0"
"00000902","신촌 아랫길(4수원지)","00000058","석곡87","20221003","0","0","4","0","0","0","4","0","0","0","0","0","0","0","0","0","0","0","0","0","0","0","0","0","0","0","0","0","0","0","0","0","0","0","0","0","0","0","0","0","0","0","0","0","0","0","0","0"
"00000905","가톨릭대평생교육원","00000007","매월16","20221003","2","0","2","0","2","0","1","0","0","0","0","0","0","0","1","0","1","2","2","2","1","2","2","2","0","0","0","0","0","0","0","0","1","0","2","0","1","0","2","0","0","0","0","0","0","0","0","0"
"00000905","가톨릭대평생교육원","00000024","송암47","20221003","1","4","0","4","1","4","0","4","0","0","0","0","0","0","0","0","1","0","3","0","1","0","3","0","0","0","0","0","0","0","0","0","0","0","2","0","0","0","2","0","0","0","0","0","0","0","0","0"
"00000905","가톨릭대평생교육원","00000088","금호36","20221003","0","0","3","0","0","0","3","0","0","0","0","0","0","0","0","0","1","2","4","2","1","2","2","2","0","0","2","0","0","0","0","0","0","0","0","0","0","0","0","0","0","0","0","0","0","0","0","0"
"00000906","가톨릭대평생교육원","00000007","매월16","20221003","0","0","1","0","0","0","1","0","0","0","0","0","0","0","0","0","4","0","2","0","4","0","1","0","0","0","0","0","0","0","1","0","0","0","0","0","0","0","0","0","0","0","0","0","0","0","0","0"
"00000906","가톨릭대평생교육원","00000024","송암47","20221003","2","2","2","2","2","2","1","2","0","0","0","0","0","0","1","0","2","4","0","4","2","4","0","4","0","0","0","0","0","0","0","0","0","0","0","0","0","0","0","0","0","0","0","0","0","0","0","0"
"00000906","가톨릭대평생교육원","00000088","금호36","20221003","2","4","4","4","2","3","4","3","0","0","0","0","0","1","0","1","3","4","2","4","3","4","2","4","0","0","0","0","0","0","0","0","0","0","0","0","0","0","0","0","0","0","0","0","0","0","0","0"
"00000907","전남대공과대학","00000009","문흥18","20221003","14","23","42","23","14","22","40","22","0","0","0","0","0","1","2","1","3","5","4","5","3","5","4","5","0","0","0","0","0","0","0","0","5","3","7","3","5","3","7","3","0","0","0","0","0","0","0","0"
"00000907","전남대공과대학","00000010","송정19","20221003","3","4","8","4","3","4","7","4","0","0","0","0","0","0","1","0","0","1","0","1","0","1","0","1","0","0","0","0","0","0","0","0","0","2","1","2","0","2","1","2","0","0","0","0","0","0","0","0"
"00000907","전남대공과대학","00000015","일곡28","20221003","1","9","20","9","1","8","20","8","0","0","0","0","0","1","0","1","2","5","0","5","2","5","0","5","0","0","0","0","0","0","0","0","1","2","0","2","1","2","0","2","0","0","0","0","0","0","0","0"
"00000907","전남대공과대학","00000020","일곡38","20221003","4","3","3","3","4","2","3","2","0","0","0","0","0","1","0","1","0","1","1","1","0","1","0","1","0","0","0","0","0","0","1","0","0","0","0","0","0","0","0","0","0","0","0","0","0","0","0","0"
"00000907","전남대공과대학","00000031","419","20221003","0","0","0","0","0","0","0","0","0","0","0","0","0","0","0","0","0","0","2","0","0","0","2","0","0","0","0","0","0","0","0","0","0","0","0","0","0","0","0","0","0","0","0","0","0","0","0","0"
"00000907","전남대공과대학","00000051","문흥80","20221003","0","0","1","0","0","0","1","0","0","0","0","0","0","0","0","0","0","0","1","0","0","0","0","0","0","0","0","0","0","0","1","0","0","0","0","0","0","0","0","0","0","0","0","0","0","0","0","0"
"00000907","전남대공과대학","00000054","용봉83","20221003","0","0","0","0","0","0","0","0","0","0","0","0","0","0","0","0","4","4","3","4","4","4","3","4","0","0","0","0","0","0","0","0","0","0","0","0","0","0","0","0","0","0","0","0","0","0","0","0"
"00000907","전남대공과대학","00000077","용전184","20221003","1","0","0","0","1","0","0","0","0","0","0","0","0","0","0","0","0","2","1","2","0","2","1","2","0","0","0","0","0","0","0","0","0","0","1","0","0","0","1","0","0","0","0","0","0","0","0","0"
"00000907","전남대공과대학","00000213","마을788","20221003","0","0","2","0","0","0","2","0","0","0","0","0","0","0","0","0","0","0","0","0","0","0","0","0","0","0","0","0","0","0","0","0","0","0","0","0","0","0","0","0","0","0","0","0","0","0","0","0"
"00000908","전남대공과대학","00000009","문흥18","20221003","2","2","10","2","2","2","10","2","0","0","0","0","0","0","0","0","2","4","6","4","2","4","6","4","0","0","0","0","0","0","0","0","2","4","5","4","2","4","4","4","0","0","0","0","0","0","1","0"
"00000908","전남대공과대학","00000010","송정19","20221003","2","0","6","0","2","0","6","0","0","0","0","0","0","0","0","0","2","2","3","2","2","1","3","1","0","1","0","1","0","0","0","0","0","1","3","1","0","1","3","1","0","0","0","0","0","0","0","0"
"00000908","전남대공과대학","00000015","일곡28","20221003","1","3","2","3","1","2","2","2","0","0","0","0","0","1","0","1","3","0","3","0","3","0","3","0","0","0","0","0","0","0","0","0","1","0","0","0","1","0","0","0","0","0","0","0","0","0","0","0"
"00000908","전남대공과대학","00000020","일곡38","20221003","1","3","10","3","1","3","9","3","0","0","0","0","0","0","1","0","1","1","0","1","1","1","0","1","0","0","0","0","0","0","0","0","0","0","1","0","0","0","1","0","0","0","0","0","0","0","0","0"
"00000908","전남대공과대학","00000031","419","20221003","0","0","1","0","0","0","0","0","0","0","0","0","0","0","1","0","0","0","0","0","0","0","0","0","0","0","0","0","0","0","0","0","0","1","0","1","0","1","0","1","0","0","0","0","0","0","0","0"
"00000908","전남대공과대학","00000051","문흥80","20221003","0","1","2","1","0","1","2","1","0","0","0","0","0","0","0","0","0","0","1","0","0","0","1","0","0","0","0","0","0","0","0","0","1","0","2","0","1","0","2","0","0","0","0","0","0","0","0","0"
"00000908","전남대공과대학","00000054","용봉83","20221003","0","4","4","4","0","4","3","4","0","0","1","0","0","0","0","0","0","1","0","1","0","1","0","1","0","0","0","0","0","0","0","0","0","1","4","1","0","1","4","1","0","0","0","0","0","0","0","0"
"00000908","전남대공과대학","00000077","용전184","20221003","0","2","0","2","0","2","0","2","0","0","0","0","0","0","0","0","0","0","0","0","0","0","0","0","0","0","0","0","0","0","0","0","1","0","0","0","1","0","0","0","0","0","0","0","0","0","0","0"
"00000908","전남대공과대학","00000213","마을788","20221003","0","0","1","0","0","0","1","0","0","0","0","0","0","0","0","0","0","1","0","1","0","1","0","1","0","0","0","0","0","0","0","0","0","0","0","0","0","0","0","0","0","0","0","0","0","0","0","0"
"00000909","신흥맨션","00000030","금남55","20221003","0","1","0","1","0","1","0","1","0","0","0","0","0","0","0","0","0","1","0","1","0","1","0","1","0","0","0","0","0","0","0","0","0","0","0","0","0","0","0","0","0","0","0","0","0","0","0","0"
"00000909","신흥맨션","00000088","금호36","20221003","1","1","0","1","1","1","0","1","0","0","0","0","0","0","0","0","0","2","0","2","0","2","0","2","0","0","0","0","0","0","0","0","0","0","0","0","0","0","0","0","0","0","0","0","0","0","0","0"
"00000909","신흥맨션","00000091","송암74","20221003","0","0","0","0","0","0","0","0","0","0","0","0","0","0","0","0","0","2","2","2","0","2","2","2","0","0","0","0","0","0","0","0","0","0","0","0","0","0","0","0","0","0","0","0","0","0","0","0"
"00000909","신흥맨션","00000129","두암81(장등동)","20221003","0","0","0","0","0","0","0","0","0","0","0","0","0","0","0","0","0","0","0","0","0","0","0","0","0","0","0","0","0","0","0","0","0","0","0","0","0","0","0","0","0","0","0","0","0","0","0","0"
"00000910","신흥맨션","00000030","금남55","20221003","4","7","4","7","3","7","4","7","0","0","0","0","1","0","0","0","0","0","0","0","0","0","0","0","0","0","0","0","0","0","0","0","0","0","0","0","0","0","0","0","0","0","0","0","0","0","0","0"
"00000910","신흥맨션","00000088","금호36","20221003","9","13","5","13","8","11","3","11","0","2","0","2","1","0","2","0","0","0","1","0","0","0","1","0","0","0","0","0","0","0","0","0","0","0","0","0","0","0","0","0","0","0","0","0","0","0","0","0"
"00000910","신흥맨션","00000091","송암74","20221003","10","5","1","5","10","4","1","4","0","0","0","0","0","1","0","1","0","1","0","1","0","1","0","1","0","0","0","0","0","0","0","0","0","0","0","0","0","0","0","0","0","0","0","0","0","0","0","0"
"00000910","신흥맨션","00000106","두암81(무등파크)","20221003","0","1","0","1","0","1","0","1","0","0","0","0","0","0","0","0","0","0","0","0","0","0","0","0","0","0","0","0","0","0","0","0","0","0","0","0","0","0","0","0","0","0","0","0","0","0","0","0"
"00000910","신흥맨션","00000130","두암81","20221003","0","1","0","1","0","1","0","1","0","0","0","0","0","0","0","0","0","0","0","0","0","0","0","0","0","0","0","0","0","0","0","0","0","0","0","0","0","0","0","0","0","0","0","0","0","0","0","0"
"00000910","신흥맨션","00000213","마을788","20221003","0","1","0","1","0","1","0","1","0","0","0","0","0","0","0","0","0","1","0","1","0","1","0","1","0","0","0","0","0","0","0","0","0","0","0","0","0","0","0","0","0","0","0","0","0","0","0","0"
"00000911","양산초교입구","00000032","금남57","20221003","2","1","2","1","1","1","2","1","1","0","0","0","0","0","0","0","0","0","1","0","0","0","1","0","0","0","0","0","0","0","0","0","1","0","1","0","1","0","1","0","0","0","0","0","0","0","0","0"
"00000911","양산초교입구","00000055","용전84","20221003","0","1","0","1","0","1","0","1","0","0","0","0","0","0","0","0","1","1","0","1","1","1","0","1","0","0","0","0","0","0","0","0","0","0","0","0","0","0","0","0","0","0","0","0","0","0","0","0"
"00000911","양산초교입구","00000056","용전85","20221003","0","0","0","0","0","0","0","0","0","0","0","0","0","0","0","0","0","0","0","0","0","0","0","0","0","0","0","0","0","0","0","0","0","0","1","0","0","0","1","0","0","0","0","0","0","0","0","0"
"00000911","양산초교입구","00000065","첨단95","20221003","0","1","0","1","0","1","0","1","0","0","0","0","0","0","0","0","2","1","3","1","2","1","3","1","0","0","0","0","0","0","0","0","0","0","0","0","0","0","0","0","0","0","0","0","0","0","0","0"
"00000911","양산초교입구","00000080","첨단193","20221003","1","0","0","0","1","0","0","0","0","0","0","0","0","0","0","0","0","0","0","0","0","0","0","0","0","0","0","0","0","0","0","0","0","0","0","0","0","0","0","0","0","0","0","0","0","0","0","0"
"00000911","양산초교입구","00000117","첨단23","20221003","5","4","2","4","5","4","2","4","0","0","0","0","0","0","0","0","0","0","2","0","0","0","2","0","0","0","0","0","0","0","0","0","0","0","1","0","0","0","1","0","0","0","0","0","0","0","0","0"
"00000912","양산초교입구","00000032","금남57","20221003","9","12","8","12","9","12","8","12","0","0","0","0","0","0","0","0","0","1","1","1","0","1","1","1","0","0","0","0","0","0","0","0","0","2","0","2","0","2","0","2","0","0","0","0","0","0","0","0"
"00000912","양산초교입구","00000055","용전84","20221003","4","8","3","8","4","7","3","7","0","0","0","0","0","1","0","1","0","0","4","0","0","0","4","0","0","0","0","0","0","0","0","0","0","0","0","0","0","0","0","0","0","0","0","0","0","0","0","0"
"00000912","양산초교입구","00000056","용전85","20221003","1","2","1","2","1","2","1","2","0","0","0","0","0","0","0","0","0","0","0","0","0","0","0","0","0","0","0","0","0","0","0","0","0","1","1","1","0","0","1","0","0","0","0","0","0","1","0","1"
"00000912","양산초교입구","00000065","첨단95","20221003","19","18","12","18","18","14","11","14","0","1","0","1","1","3","1","3","2","2","3","2","2","2","3","2","0","0","0","0","0","0","0","0","2","1","3","1","2","1","2","1","0","0","0","0","0","0","1","0"
"00000912","양산초교입구","00000117","첨단23","20221003","1","2","8","2","1","2","8","2","0","0","0","0","0","0","0","0","0","3","2","3","0","3","2","3","0","0","0","0","0","0","0","0","0","0","0","0","0","0","0","0","0","0","0","0","0","0","0","0"
"00000917","상무쌍용금호아파트","00000001","순환01(시청행)","20221003","0","0","2","0","0","0","1","0","0","0","1","0","0","0","0","0","2","3","3","3","1","3","3","3","0","0","0","0","1","0","0","0","0","0","0","0","0","0","0","0","0","0","0","0","0","0","0","0"
"00000917","상무쌍용금호아파트","00000007","매월16","20221003","3","4","7","4","2","4","5","4","0","0","0","0","1","0","2","0","1","4","1","4","1","3","1","3","0","1","0","1","0","0","0","0","0","1","0","1","0","1","0","1","0","0","0","0","0","0","0","0"
"00000917","상무쌍용금호아파트","00000036","상무62(상무역행)","20221003","0","0","0","0","0","0","0","0","0","0","0","0","0","0","0","0","0","0","3","0","0","0","3","0","0","0","0","0","0","0","0","0","0","0","0","0","0","0","0","0","0","0","0","0","0","0","0","0"
"00000917","상무쌍용금호아파트","00000086","518","20221003","0","1","1","1","0","1","1","1","0","0","0","0","0","0","0","0","0","0","0","0","0","0","0","0","0","0","0","0","0","0","0","0","0","0","0","0","0","0","0","0","0","0","0","0","0","0","0","0"
"00000917","상무쌍용금호아파트","00000214","마을799","20221003","0","0","0","0","0","0","0","0","0","0","0","0","0","0","0","0","0","0","0","0","0","0","0","0","0","0","0","0","0","0","0","0","0","0","0","0","0","0","0","0","0","0","0","0","0","0","0","0"
"00000918","첨단초교후문","00000014","봉선27","20221003","1","0","0","0","1","0","0","0","0","0","0","0","0","0","0","0","0","1","1","1","0","1","1","1","0","0","0","0","0","0","0","0","1","0","0","0","1","0","0","0","0","0","0","0","0","0","0","0"
"00000918","첨단초교후문","00000064","첨단94","20221003","1","0","0","0","1","0","0","0","0","0","0","0","0","0","0","0","2","0","0","0","2","0","0","0","0","0","0","0","0","0","0","0","0","0","0","0","0","0","0","0","0","0","0","0","0","0","0","0"
"00000918","첨단초교후문","00000108","송정33","20221003","0","0","0","0","0","0","0","0","0","0","0","0","0","0","0","0","0","1","1","1","0","1","1","1","0","0","0","0","0","0","0","0","0","0","0","0","0","0","0","0","0","0","0","0","0","0","0","0"
"00000919","서일초교","00000004","진월07","20221003","32","64","38","64","30","40","29","40","0","7","0","7","2","17","9","17","2","2","0","2","2","1","0","1","0","0","0","0","0","1","0","1","2","2","5","2","2","1","2","1","0","1","0","1","0","0","3","0"
"00000919","서일초교","00000006","지원15","20221003","6","8","6","8","4","4","6","4","0","3","0","3","2","1","0","1","1","3","1","3","1","3","1","3","0","0","0","0","0","0","0","0","0","0","0","0","0","0","0","0","0","0","0","0","0","0","0","0"
"00000919","서일초교","00000013","매월26","20221003","10","18","11","18","10","14","9","14","0","0","0","0","0","4","2","4","0","0","3","0","0","0","0","0","0","0","0","0","0","0","3","0","0","0","1","0","0","0","0","0","0","0","1","0","0","0","0","0"
"00000919","서일초교","00000016","송정29","20221003","11","13","6","13","7","10","4","10","0","3","0","3","4","0","2","0","0","0","0","0","0","0","0","0","0","0","0","0","0","0","0","0","1","0","0","0","1","0","0","0","0","0","0","0","0","0","0","0"
"00000919","서일초교","00000020","일곡38","20221003","1","5","12","5","1","4","6","4","0","0","1","0","0","1","5","1","0","0","0","0","0","0","0","0","0","0","0","0","0","0","0","0","0","0","0","0","0","0","0","0","0","0","0","0","0","0","0","0"
"00000919","서일초교","00000057","용전86","20221003","1","4","3","4","1","1","1","1","0","1","1","1","0","2","1","2","0","0","0","0","0","0","0","0","0","0","0","0","0","0","0","0","0","0","0","0","0","0","0","0","0","0","0","0","0","0","0","0"
"00000919","서일초교","00000080","첨단193","20221003","0","0","0","0","0","0","0","0","0","0","0","0","0","0","0","0","0","0","0","0","0","0","0","0","0","0","0","0","0","0","0","0","2","0","0","0","2","0","0","0","0","0","0","0","0","0","0","0"
"00000919","서일초교","00000096","일곡10","20221003","4","4","8","4","3","4","2","4","0","0","1","0","1","0","5","0","0","0","0","0","0","0","0","0","0","0","0","0","0","0","0","0","0","1","0","1","0","1","0","1","0","0","0","0","0","0","0","0"
"00000919","서일초교","00000211","마을777(우치공원)","20221003","3","5","3","5","2","4","3","4","0","0","0","0","1","1","0","1","0","0","0","0","0","0","0","0","0","0","0","0","0","0","0","0","0","0","0","0","0","0","0","0","0","0","0","0","0","0","0","0"
"00000920","쌍촌역","00000007","매월16","20221003","2","1","1","1","1","1","1","1","0","0","0","0","1","0","0","0","8","3","5","3","8","2","4","2","0","0","0","0","0","1","1","1","0","0","0","0","0","0","0","0","0","0","0","0","0","0","0","0"
"00000920","쌍촌역","00000010","송정19","20221003","5","4","2","4","5","3","2","3","0","0","0","0","0","1","0","1","1","2","2","2","1","2","2","2","0","0","0","0","0","0","0","0","0","2","0","2","0","2","0","2","0","0","0","0","0","0","0","0"
"00000920","쌍촌역","00000040","대촌69","20221003","2","0","0","0","2","0","0","0","0","0","0","0","0","0","0","0","0","0","0","0","0","0","0","0","0","0","0","0","0","0","0","0","0","0","0","0","0","0","0","0","0","0","0","0","0","0","0","0"
"00000920","쌍촌역","00000043","송암72","20221003","0","0","1","0","0","0","1","0","0","0","0","0","0","0","0","0","1","0","0","0","1","0","0","0","0","0","0","0","0","0","0","0","0","0","0","0","0","0","0","0","0","0","0","0","0","0","0","0"
"00000922","쌍촌역","00000007","매월16","20221003","0","0","0","0","0","0","0","0","0","0","0","0","0","0","0","0","0","0","0","0","0","0","0","0","0","0","0","0","0","0","0","0","0","0","0","0","0","0","0","0","0","0","0","0","0","0","0","0"
"00000922","쌍촌역","00000010","송정19","20221003","0","0","0","0","0","0","0","0","0","0","0","0","0","0","0","0","1","0","0","0","1","0","0","0","0","0","0","0","0","0","0","0","0","0","0","0","0","0","0","0","0","0","0","0","0","0","0","0"
"00000924","아리랑고개","00000011","첨단20","20221003","2","0","2","0","2","0","2","0","0","0","0","0","0","0","0","0","0","0","2","0","0","0","2","0","0","0","0","0","0","0","0","0","0","0","0","0","0","0","0","0","0","0","0","0","0","0","0","0"
"00000924","아리랑고개","00000016","송정29","20221003","5","1","5","1","5","1","4","1","0","0","0","0","0","0","1","0","0","0","1","0","0","0","1","0","0","0","0","0","0","0","0","0","1","1","0","1","1","1","0","1","0","0","0","0","0","0","0","0"
"00000924","아리랑고개","00000068","송정98","20221003","1","1","1","1","0","1","1","1","0","0","0","0","1","0","0","0","0","1","0","1","0","1","0","1","0","0","0","0","0","0","0","0","0","0","0","0","0","0","0","0","0","0","0","0","0","0","0","0"
"00000924","아리랑고개","00000081","진곡196","20221003","1","0","0","0","1","0","0","0","0","0","0","0","0","0","0","0","0","3","3","3","0","3","3","3","0","0","0","0","0","0","0","0","1","1","1","1","1","1","1","1","0","0","0","0","0","0","0","0"
"00000924","아리랑고개","00000092","첨단40","20221003","0","0","1","0","0","0","1","0","0","0","0","0","0","0","0","0","0","0","0","0","0","0","0","0","0","0","0","0","0","0","0","0","0","0","2","0","0","0","2","0","0","0","0","0","0","0","0","0"
"00000924","아리랑고개","00000108","송정33","20221003","4","0","1","0","2","0","1","0","2","0","0","0","0","0","0","0","0","1","2","1","0","1","2","1","0","0","0","0","0","0","0","0","0","0","0","0","0","0","0","0","0","0","0","0","0","0","0","0"
"00000924","아리랑고개","00000125","선운101","20221003","1","1","0","1","1","1","0","1","0","0","0","0","0","0","0","0","1","0","0","0","1","0","0","0","0","0","0","0","0","0","0","0","0","1","0","1","0","1","0","1","0","0","0","0","0","0","0","0"
"00000924","아리랑고개","00000195","마을720","20221003","0","1","3","1","0","0","3","0","0","0","0","0","0","1","0","1","0","1","0","1","0","1","0","1","0","0","0","0","0","0","0","0","0","1","0","1","0","1","0","1","0","0","0","0","0","0","0","0"
"00000925","아리랑고개","00000011","첨단20","20221003","2","3","1","3","2","2","1","2","0","0","0","0","0","1","0","1","0","1","1","1","0","1","1","1","0","0","0","0","0","0","0","0","1","2","1","2","1","2","1","2","0","0","0","0","0","0","0","0"
"00000925","아리랑고개","00000016","송정29","20221003","5","3","1","3","4","3","1","3","0","0","0","0","1","0","0","0","1","1","0","1","1","1","0","1","0","0","0","0","0","0","0","0","1","2","0","2","1","2","0","2","0","0","0","0","0","0","0","0"
"00000925","아리랑고개","00000068","송정98","20221003","1","3","2","3","1","2","1","2","0","1","0","1","0","0","1","0","0","0","0","0","0","0","0","0","0","0","0","0","0","0","0","0","2","2","0","2","1","2","0","2","1","0","0","0","0","0","0","0"
"00000925","아리랑고개","00000081","진곡196","20221003","5","4","0","4","5","1","0","1","0","0","0","0","0","3","0","3","0","0","0","0","0","0","0","0","0","0","0","0","0","0","0","0","0","1","0","1","0","1","0","1","0","0","0","0","0","0","0","0"
"00000925","아리랑고개","00000092","첨단40","20221003","0","0","3","0","0","0","3","0","0","0","0","0","0","0","0","0","1","1","0","1","1","1","0","1","0","0","0","0","0","0","0","0","0","0","0","0","0","0","0","0","0","0","0","0","0","0","0","0"
"00000925","아리랑고개","00000108","송정33","20221003","0","0","0","0","0","0","0","0","0","0","0","0","0","0","0","0","1","0","0","0","1","0","0","0","0","0","0","0","0","0","0","0","0","0","1","0","0","0","1","0","0","0","0","0","0","0","0","0"
"00000925","아리랑고개","00000125","선운101","20221003","1","1","2","1","1","1","1","1","0","0","0","0","0","0","1","0","0","0","0","0","0","0","0","0","0","0","0","0","0","0","0","0","0","0","0","0","0","0","0","0","0","0","0","0","0","0","0","0"
"00000925","아리랑고개","00000195","마을720","20221003","0","4","0","4","0","4","0","4","0","0","0","0","0","0","0","0","0","1","0","1","0","1","0","1","0","0","0","0","0","0","0","0","0","0","0","0","0","0","0","0","0","0","0","0","0","0","0","0"
"00000926","광주은행북부지점","00000010","송정19","20221003","0","1","0","1","0","1","0","1","0","0","0","0","0","0","0","0","1","3","2","3","1","2","2","2","0","1","0","1","0","0","0","0","0","0","0","0","0","0","0","0","0","0","0","0","0","0","0","0"
"00000926","광주은행북부지점","00000017","첨단30","20221003","0","1","3","1","0","1","3","1","0","0","0","0","0","0","0","0","1","2","1","2","1","2","1","2","0","0","0","0","0","0","0","0","1","3","2","3","1","3","2","3","0","0","0","0","0","0","0","0"
"00000926","광주은행북부지점","00000019","봉선37","20221003","3","5","5","5","3","5","5","5","0","0","0","0","0","0","0","0","1","1","1","1","1","1","1","1","0","0","0","0","0","0","0","0","1","0","1","0","1","0","1","0","0","0","0","0","0","0","0","0"
"00000926","광주은행북부지점","00000043","송암72","20221003","0","2","2","2","0","1","2","1","0","1","0","1","0","0","0","0","0","0","1","0","0","0","1","0","0","0","0","0","0","0","0","0","1","0","1","0","1","0","1","0","0","0","0","0","0","0","0","0"
"00000926","광주은행북부지점","00000059","임곡89","20221003","0","0","0","0","0","0","0","0","0","0","0","0","0","0","0","0","0","0","0","0","0","0","0","0","0","0","0","0","0","0","0","0","1","0","0","0","1","0","0","0","0","0","0","0","0","0","0","0"
"00000926","광주은행북부지점","00000088","금호36","20221003","0","3","1","3","0","2","1","2","0","0","0","0","0","1","0","1","1","0","0","0","1","0","0","0","0","0","0","0","0","0","0","0","1","0","3","0","1","0","3","0","0","0","0","0","0","0","0","0"
"00000926","광주은행북부지점","00000090","문흥39","20221003","1","3","0","3","1","3","0","3","0","0","0","0","0","0","0","0","0","0","2","0","0","0","2","0","0","0","0","0","0","0","0","0","0","0","0","0","0","0","0","0","0","0","0","0","0","0","0","0"
"00000926","광주은행북부지점","00000119","지원56","20221003","0","0","0","0","0","0","0","0","0","0","0","0","0","0","0","0","0","1","0","1","0","1","0","1","0","0","0","0","0","0","0","0","0","0","0","0","0","0","0","0","0","0","0","0","0","0","0","0"
"00000928","기아차중문","00000007","매월16","20221003","0","0","0","0","0","0","0","0","0","0","0","0","0","0","0","0","1","5","5","5","1","5","4","5","0","0","0","0","0","0","1","0","0","0","0","0","0","0","0","0","0","0","0","0","0","0","0","0"
"00000928","기아차중문","00000020","일곡38","20221003","0","0","7","0","0","0","7","0","0","0","0","0","0","0","0","0","5","9","9","9","5","7","9","7","0","0","0","0","0","2","0","2","0","0","1","0","0","0","0","0","0","0","0","0","0","0","1","0"
"00000928","기아차중문","00000040","대촌69","20221003","1","0","0","0","1","0","0","0","0","0","0","0","0","0","0","0","0","0","4","0","0","0","4","0","0","0","0","0","0","0","0","0","0","0","0","0","0","0","0","0","0","0","0","0","0","0","0","0"
"00000928","기아차중문","00000086","518","20221003","0","0","0","0","0","0","0","0","0","0","0","0","0","0","0","0","1","1","1","1","1","1","1","1","0","0","0","0","0","0","0","0","0","0","0","0","0","0","0","0","0","0","0","0","0","0","0","0"
"00000928","기아차중문","00000090","문흥39","20221003","0","0","0","0","0","0","0","0","0","0","0","0","0","0","0","0","1","5","2","5","1","3","1","3","0","1","0","1","0","1","1","1","0","0","0","0","0","0","0","0","0","0","0","0","0","0","0","0"
"00000928","기아차중문","00000111","송암68","20221003","0","0","0","0","0","0","0","0","0","0","0","0","0","0","0","0","2","5","3","5","2","3","3","3","0","0","0","0","0","2","0","2","0","0","0","0","0","0","0","0","0","0","0","0","0","0","0","0"
"00000928","기아차중문","00000201","마을760","20221003","0","1","3","1","0","1","3","1","0","0","0","0","0","0","0","0","20","24","12","24","18","23","11","23","0","0","0","0","2","1","1","1","3","1","4","1","3","1","3","1","0","0","0","0","0","0","1","0"
"00000929","안양사","00000087","1187","20221003","0","0","0","0","0","0","0","0","0","0","0","0","0","0","0","0","0","0","0","0","0","0","0","0","0","0","0","0","0","0","0","0","0","0","0","0","0","0","0","0","0","0","0","0","0","0","0","0"
"00000930","안양사","00000097","1187-1","20221003","0","2","0","2","0","2","0","2","0","0","0","0","0","0","0","0","0","0","0","0","0","0","0","0","0","0","0","0","0","0","0","0","0","0","0","0","0","0","0","0","0","0","0","0","0","0","0","0"
"00000931","무등야구장","00000020","일곡38","20221003","2","4","2","4","2","4","2","4","0","0","0","0","0","0","0","0","0","0","1","0","0","0","1","0","0","0","0","0","0","0","0","0","0","1","0","1","0","1","0","1","0","0","0","0","0","0","0","0"
"00000931","무등야구장","00000059","임곡89","20221003","0","0","0","0","0","0","0","0","0","0","0","0","0","0","0","0","0","0","0","0","0","0","0","0","0","0","0","0","0","0","0","0","0","0","0","0","0","0","0","0","0","0","0","0","0","0","0","0"
"00000931","무등야구장","00000068","송정98","20221003","2","5","4","5","2","4","4","4","0","1","0","1","0","0","0","0","1","2","0","2","1","2","0","2","0","0","0","0","0","0","0","0","0","0","0","0","0","0","0","0","0","0","0","0","0","0","0","0"
"00000931","무등야구장","00000071","228(구151화순사평)","20221003","1","1","0","1","0","0","0","0","0","0","0","0","1","1","0","1","0","0","0","0","0","0","0","0","0","0","0","0","0","0","0","0","0","0","0","0","0","0","0","0","0","0","0","0","0","0","0","0"
"00000931","무등야구장","00000122","228(화순전대병원)","20221003","0","1","0","1","0","0","0","0","0","0","0","0","0","1","0","1","1","0","0","0","1","0","0","0","0","0","0","0","0","0","0","0","0","0","0","0","0","0","0","0","0","0","0","0","0","0","0","0"
"00000932","무등야구장","00000020","일곡38","20221003","1","3","0","3","1","3","0","3","0","0","0","0","0","0","0","0","0","0","1","0","0","0","1","0","0","0","0","0","0","0","0","0","1","1","0","1","1","0","0","0","0","0","0","0","0","1","0","1"
"00000932","무등야구장","00000059","임곡89","20221003","0","0","0","0","0","0","0","0","0","0","0","0","0","0","0","0","0","0","0","0","0","0","0","0","0","0","0","0","0","0","0","0","1","0","0","0","1","0","0","0","0","0","0","0","0","0","0","0"
"00000932","무등야구장","00000068","송정98","20221003","0","2","3","2","0","1","3","1","0","0","0","0","0","1","0","1","1","0","0","0","1","0","0","0","0","0","0","0","0","0","0","0","0","0","0","0","0","0","0","0","0","0","0","0","0","0","0","0"
"00000932","무등야구장","00000071","228(구151화순사평)","20221003","1","0","0","0","1","0","0","0","0","0","0","0","0","0","0","0","0","0","0","0","0","0","0","0","0","0","0","0","0","0","0","0","0","0","0","0","0","0","0","0","0","0","0","0","0","0","0","0"
"00000932","무등야구장","00000122","228(화순전대병원)","20221003","0","0","0","0","0","0","0","0","0","0","0","0","0","0","0","0","0","0","0","0","0","0","0","0","0","0","0","0","0","0","0","0","0","0","0","0","0","0","0","0","0","0","0","0","0","0","0","0"
"00000934","양동시장역(남)","00000010","송정19","20221003","4","9","8","9","4","9","8","9","0","0","0","0","0","0","0","0","0","4","8","4","0","4","8","4","0","0","0","0","0","0","0","0","3","2","2","2","3","2","2","2","0","0","0","0","0","0","0","0"
"00000934","양동시장역(남)","00000040","대촌69","20221003","0","0","0","0","0","0","0","0","0","0","0","0","0","0","0","0","0","0","0","0","0","0","0","0","0","0","0","0","0","0","0","0","0","0","0","0","0","0","0","0","0","0","0","0","0","0","0","0"
"00000934","양동시장역(남)","00000050","진월79","20221003","0","0","0","0","0","0","0","0","0","0","0","0","0","0","0","0","7","2","4","2","7","2","4","2","0","0","0","0","0","0","0","0","0","0","0","0","0","0","0","0","0","0","0","0","0","0","0","0"
"00000934","양동시장역(남)","00000069","송정99","20221003","0","0","0","0","0","0","0","0","0","0","0","0","0","0","0","0","1","0","0","0","1","0","0","0","0","0","0","0","0","0","0","0","0","0","0","0","0","0","0","0","0","0","0","0","0","0","0","0"
"00000934","양동시장역(남)","00000090","문흥39","20221003","2","12","4","12","2","12","3","12","0","0","0","0","0","0","1","0","4","6","2","6","4","6","2","6","0","0","0","0","0","0","0","0","0","1","1","1","0","1","1","1","0","0","0","0","0","0","0","0"
"00000934","양동시장역(남)","00000119","지원56","20221003","0","0","0","0","0","0","0","0","0","0","0","0","0","0","0","0","0","1","0","1","0","1","0","1","0","0","0","0","0","0","0","0","0","0","0","0","0","0","0","0","0","0","0","0","0","0","0","0"
"00000935","양동시장역(북)","00000017","첨단30","20221003","11","37","21","37","11","37","21","37","0","0","0","0","0","0","0","0","1","1","1","1","1","1","1","1","0","0","0","0","0","0","0","0","12","16","14","16","12","15","14","15","0","0","0","0","0","1","0","1"
"00000935","양동시장역(북)","00000019","봉선37","20221003","9","10","9","10","8","10","9","10","0","0","0","0","1","0","0","0","8","8","2","8","8","8","2","8","0","0","0","0","0","0","0","0","5","2","2","2","5","2","2","2","0","0","0","0","0","0","0","0"
"00000935","양동시장역(북)","00000034","금남59","20221003","4","17","4","17","4","16","4","16","0","1","0","1","0","0","0","0","9","4","0","4","9","4","0","4","0","0","0","0","0","0","0","0","4","4","2","4","4","4","2","4","0","0","0","0","0","0","0","0"
"00000935","양동시장역(북)","00000035","매월61(칠석)","20221003","2","1","0","1","2","1","0","1","0","0","0","0","0","0","0","0","5","12","1","12","5","11","1","11","0","1","0","1","0","0","0","0","3","1","0","1","3","1","0","1","0","0","0","0","0","0","0","0"
"00000935","양동시장역(북)","00000039","유덕65","20221003","0","0","1","0","0","0","1","0","0","0","0","0","0","0","0","0","2","1","0","1","2","1","0","1","0","0","0","0","0","0","0","0","0","1","1","1","0","1","0","1","0","0","0","0","0","0","1","0"
"00000935","양동시장역(북)","00000043","송암72","20221003","10","29","12","29","10","29","12","29","0","0","0","0","0","0","0","0","0","1","0","1","0","1","0","1","0","0","0","0","0","0","0","0","4","2","4","2","4","2","4","2","0","0","0","0","0","0","0","0"
"00000935","양동시장역(북)","00000059","임곡89","20221003","0","3","0","3","0","3","0","3","0","0","0","0","0","0","0","0","0","2","0","2","0","2","0","2","0","0","0","0","0","0","0","0","0","0","0","0","0","0","0","0","0","0","0","0","0","0","0","0"
"00000935","양동시장역(북)","00000088","금호36","20221003","4","14","10","14","4","14","10","14","0","0","0","0","0","0","0","0","1","9","3","9","1","9","3","9","0","0","0","0","0","0","0","0","3","3","1","3","3","3","1","3","0","0","0","0","0","0","0","0"
"00000935","양동시장역(북)","00000101","송암31","20221003","0","0","0","0","0","0","0","0","0","0","0","0","0","0","0","0","1","2","1","2","1","2","0","2","0","0","0","0","0","0","1","0","0","2","0","2","0","2","0","2","0","0","0","0","0","0","0","0"
"00000936","양동시장역(북)","00000017","첨단30","20221003","8","10","13","10","8","10","13","10","0","0","0","0","0","0","0","0","13","17","6","17","13","16","6","16","0","1","0","1","0","0","0","0","5","2","3","2","5","2","3","2","0","0","0","0","0","0","0","0"
"00000936","양동시장역(북)","00000019","봉선37","20221003","9","31","22","31","9","31","22","31","0","0","0","0","0","0","0","0","1","6","2","6","1","6","2","6","0","0","0","0","0","0","0","0","5","2","2","2","5","2","1","2","0","0","0","0","0","0","1","0"
"00000936","양동시장역(북)","00000034","금남59","20221003","15","9","17","9","15","8","17","8","0","1","0","1","0","0","0","0","3","1","3","1","3","1","3","1","0","0","0","0","0","0","0","0","1","7","5","7","1","7","5","7","0","0","0","0","0","0","0","0"
"00000936","양동시장역(북)","00000035","매월61(칠석)","20221003","11","22","20","22","11","22","20","22","0","0","0","0","0","0","0","0","1","0","0","0","1","0","0","0","0","0","0","0","0","0","0","0","3","4","2","4","3","4","2","4","0","0","0","0","0","0","0","0"
"00000936","양동시장역(북)","00000039","유덕65","20221003","4","3","3","3","4","3","3","3","0","0","0","0","0","0","0","0","0","0","1","0","0","0","1","0","0","0","0","0","0","0","0","0","1","1","0","1","1","1","0","1","0","0","0","0","0","0","0","0"
"00000936","양동시장역(북)","00000043","송암72","20221003","3","3","10","3","3","3","10","3","0","0","0","0","0","0","0","0","6","3","6","3","6","3","6","3","0","0","0","0","0","0","0","0","1","3","0","3","1","3","0","3","0","0","0","0","0","0","0","0"
"00000936","양동시장역(북)","00000059","임곡89","20221003","0","1","1","1","0","1","1","1","0","0","0","0","0","0","0","0","3","3","0","3","3","3","0","3","0","0","0","0","0","0","0","0","1","0","1","0","1","0","1","0","0","0","0","0","0","0","0","0"
"00000936","양동시장역(북)","00000088","금호36","20221003","10","16","11","16","10","16","11","16","0","0","0","0","0","0","0","0","4","9","4","9","4","9","2","9","0","0","1","0","0","0","1","0","4","7","4","7","4","7","4","7","0","0","0","0","0","0","0","0"
"00000936","양동시장역(북)","00000101","송암31","20221003","4","7","12","7","4","7","12","7","0","0","0","0","0","0","0","0","0","0","0","0","0","0","0","0","0","0","0","0","0","0","0","0","4","5","6","5","4","5","6","5","0","0","0","0","0","0","0","0"
"00000936","양동시장역(북)","00000201","마을760","20221003","8","19","16","19","7","19","15","19","0","0","0","0","1","0","1","0","0","0","0","0","0","0","0","0","0","0","0","0","0","0","0","0","4","5","6","5","4","5","6","5","0","0","0","0","0","0","0","0"
"00000937","양동시장역(남)","00000010","송정19","20221003","1","5","3","5","1","5","3","5","0","0","0","0","0","0","0","0","0","6","4","6","0","6","4","6","0","0","0","0","0","0","0","0","3","3","2","3","3","3","2","3","0","0","0","0","0","0","0","0"
"00000937","양동시장역(남)","00000050","진월79","20221003","7","20","14","20","7","20","14","20","0","0","0","0","0","0","0","0","0","0","0","0","0","0","0","0","0","0","0","0","0","0","0","0","1","1","4","1","1","1","4","1","0","0","0","0","0","0","0","0"
"00000937","양동시장역(남)","00000090","문흥39","20221003","0","8","15","8","0","8","14","8","0","0","1","0","0","0","0","0","0","5","4","5","0","5","3","5","0","0","1","0","0","0","0","0","0","1","0","1","0","1","0","1","0","0","0","0","0","0","0","0"
"00000937","양동시장역(남)","00000119","지원56","20221003","1","2","1","2","1","2","1","2","0","0","0","0","0","0","0","0","0","0","0","0","0","0","0","0","0","0","0","0","0","0","0","0","0","0","0","0","0","0","0","0","0","0","0","0","0","0","0","0"
"00000938","광주은행북부지점","00000010","송정19","20221003","2","0","4","0","2","0","4","0","0","0","0","0","0","0","0","0","0","3","3","3","0","3","3","3","0","0","0","0","0","0","0","0","1","0","2","0","1","0","2","0","0","0","0","0","0","0","0","0"
"00000938","광주은행북부지점","00000017","첨단30","20221003","0","0","1","0","0","0","1","0","0","0","0","0","0","0","0","0","5","8","7","8","5","8","7","8","0","0","0","0","0","0","0","0","0","0","0","0","0","0","0","0","0","0","0","0","0","0","0","0"
"00000938","광주은행북부지점","00000019","봉선37","20221003","3","3","6","3","3","3","6","3","0","0","0","0","0","0","0","0","0","1","1","1","0","1","1","1","0","0","0","0","0","0","0","0","0","1","0","1","0","1","0","1","0","0","0","0","0","0","0","0"
"00000938","광주은행북부지점","00000043","송암72","20221003","0","1","1","1","0","1","1","1","0","0","0","0","0","0","0","0","5","0","4","0","5","0","4","0","0","0","0","0","0","0","0","0","2","0","0","0","2","0","0","0","0","0","0","0","0","0","0","0"
"00000938","광주은행북부지점","00000059","임곡89","20221003","0","0","0","0","0","0","0","0","0","0","0","0","0","0","0","0","0","1","0","1","0","1","0","1","0","0","0","0","0","0","0","0","0","0","0","0","0","0","0","0","0","0","0","0","0","0","0","0"
"00000938","광주은행북부지점","00000088","금호36","20221003","1","1","1","1","1","1","1","1","0","0","0","0","0","0","0","0","5","3","7","3","5","3","6","3","0","0","0","0","0","0","1","0","0","1","0","1","0","1","0","1","0","0","0","0","0","0","0","0"
"00000938","광주은행북부지점","00000090","문흥39","20221003","1","0","0","0","1","0","0","0","0","0","0","0","0","0","0","0","2","3","1","3","2","3","1","3","0","0","0","0","0","0","0","0","0","0","0","0","0","0","0","0","0","0","0","0","0","0","0","0"
"00000938","광주은행북부지점","00000119","지원56","20221003","0","0","0","0","0","0","0","0","0","0","0","0","0","0","0","0","0","0","0","0","0","0","0","0","0","0","0","0","0","0","0","0","0","0","0","0","0","0","0","0","0","0","0","0","0","0","0","0"
"00000939","양일로입구","00000006","지원15","20221003","2","4","2","4","2","4","2","4","0","0","0","0","0","0","0","0","0","0","1","0","0","0","1","0","0","0","0","0","0","0","0","0","0","0","0","0","0","0","0","0","0","0","0","0","0","0","0","0"
"00000939","양일로입구","00000015","일곡28","20221003","2","12","6","12","2","10","6","10","0","0","0","0","0","2","0","2","0","0","0","0","0","0","0","0","0","0","0","0","0","0","0","0","1","1","2","1","1","0","2","0","0","0","0","0","0","1","0","1"
"00000939","양일로입구","00000077","용전184","20221003","0","0","0","0","0","0","0","0","0","0","0","0","0","0","0","0","0","0","0","0","0","0","0","0","0","0","0","0","0","0","0","0","0","0","0","0","0","0","0","0","0","0","0","0","0","0","0","0"
"00000940","용봉우미아파트","00000031","419","20221003","1","1","2","1","1","1","2","1","0","0","0","0","0","0","0","0","0","0","0","0","0","0","0","0","0","0","0","0","0","0","0","0","0","0","0","0","0","0","0","0","0","0","0","0","0","0","0","0"
"00000941","매곡대화아파트","00000029","운림54","20221003","0","0","0","0","0","0","0","0","0","0","0","0","0","0","0","0","0","0","3","0","0","0","3","0","0","0","0","0","0","0","0","0","0","0","0","0","0","0","0","0","0","0","0","0","0","0","0","0"
"00000941","매곡대화아파트","00000037","상무63","20221003","0","0","0","0","0","0","0","0","0","0","0","0","0","0","0","0","0","0","0","0","0","0","0","0","0","0","0","0","0","0","0","0","0","0","0","0","0","0","0","0","0","0","0","0","0","0","0","0"
"00000943","동산초교옆","00000088","금호36","20221003","17","22","26","22","16","20","21","20","0","1","0","1","1","1","5","1","0","0","1","0","0","0","1","0","0","0","0","0","0","0","0","0","0","1","0","1","0","1","0","1","0","0","0","0","0","0","0","0"
"00000944","중앙여고","00000026","운림51","20221003","5","9","23","9","5","7","14","7","0","0","2","0","0","2","7","2","2","0","5","0","2","0","5","0","0","0","0","0","0","0","0","0","1","1","1","1","1","0","1","0","0","0","0","0","0","1","0","1"
"00000944","중앙여고","00000033","금남58","20221003","4","4","7","4","3","2","1","2","0","0","0","0","1","2","6","2","2","0","3","0","2","0","3","0","0","0","0","0","0","0","0","0","0","1","0","1","0","1","0","1","0","0","0","0","0","0","0","0"
"00000944","중앙여고","00000054","용봉83","20221003","2","2","1","2","2","2","1","2","0","0","0","0","0","0","0","0","2","3","0","3","2","2","0","2","0","0","0","0","0","1","0","1","0","0","0","0","0","0","0","0","0","0","0","0","0","0","0","0"
"00000944","중앙여고","00000056","용전85","20221003","0","2","8","2","0","1","1","1","0","0","1","0","0","1","6","1","0","0","0","0","0","0","0","0","0","0","0","0","0","0","0","0","0","0","3","0","0","0","3","0","0","0","0","0","0","0","0","0"
"00000944","중앙여고","00000079","첨단192","20221003","0","0","0","0","0","0","0","0","0","0","0","0","0","0","0","0","0","0","0","0","0","0","0","0","0","0","0","0","0","0","0","0","0","0","0","0","0","0","0","0","0","0","0","0","0","0","0","0"
"00000944","중앙여고","00000211","마을777(우치공원)","20221003","1","2","3","2","0","2","3","2","0","0","0","0","1","0","0","0","2","2","0","2","2","2","0","2","0","0","0","0","0","0","0","0","0","0","0","0","0","0","0","0","0","0","0","0","0","0","0","0"
"00000945","앰코코리아","00000011","첨단20","20221003","0","0","0","0","0","0","0","0","0","0","0","0","0","0","0","0","0","1","0","1","0","1","0","1","0","0","0","0","0","0","0","0","0","0","0","0","0","0","0","0","0","0","0","0","0","0","0","0"
"00000945","앰코코리아","00000026","운림51","20221003","0","1","0","1","0","1","0","1","0","0","0","0","0","0","0","0","0","1","1","1","0","1","1","1","0","0","0","0","0","0","0","0","0","0","0","0","0","0","0","0","0","0","0","0","0","0","0","0"
"00000945","앰코코리아","00000116","첨단22","20221003","0","0","0","0","0","0","0","0","0","0","0","0","0","0","0","0","0","0","0","0","0","0","0","0","0","0","0","0","0","0","0","0","0","0","0","0","0","0","0","0","0","0","0","0","0","0","0","0"
"00000946","앰코코리아","00000011","첨단20","20221003","0","0","0","0","0","0","0","0","0","0","0","0","0","0","0","0","0","0","0","0","0","0","0","0","0","0","0","0","0","0","0","0","0","0","0","0","0","0","0","0","0","0","0","0","0","0","0","0"
"00000946","앰코코리아","00000026","운림51","20221003","0","2","2","2","0","2","2","2","0","0","0","0","0","0","0","0","0","0","0","0","0","0","0","0","0","0","0","0","0","0","0","0","0","0","0","0","0","0","0","0","0","0","0","0","0","0","0","0"
"00000946","앰코코리아","00000116","첨단22","20221003","0","1","0","1","0","1","0","1","0","0","0","0","0","0","0","0","0","0","0","0","0","0","0","0","0","0","0","0","0","0","0","0","0","0","0","0","0","0","0","0","0","0","0","0","0","0","0","0"
"00000947","일가정양립지원본부","00000020","일곡38","20221003","1","1","2","1","1","1","2","1","0","0","0","0","0","0","0","0","0","0","0","0","0","0","0","0","0","0","0","0","0","0","0","0","0","0","0","0","0","0","0","0","0","0","0","0","0","0","0","0"
"00000947","일가정양립지원본부","00000023","지원45","20221003","0","0","1","0","0","0","0","0","0","0","0","0","0","0","1","0","1","0","0","0","1","0","0","0","0","0","0","0","0","0","0","0","0","0","0","0","0","0","0","0","0","0","0","0","0","0","0","0"
"00000948","일가정양립지원본부","00000020","일곡38","20221003","2","0","0","0","2","0","0","0","0","0","0","0","0","0","0","0","0","1","0","1","0","1","0","1","0","0","0","0","0","0","0","0","0","0","0","0","0","0","0","0","0","0","0","0","0","0","0","0"
"00000948","일가정양립지원본부","00000023","지원45","20221003","1","1","1","1","1","1","1","1","0","0","0","0","0","0","0","0","0","0","1","0","0","0","1","0","0","0","0","0","0","0","0","0","0","0","0","0","0","0","0","0","0","0","0","0","0","0","0","0"
"00000951","연계삼거리","00000059","임곡89","20221003","0","0","0","0","0","0","0","0","0","0","0","0","0","0","0","0","0","0","0","0","0","0","0","0","0","0","0","0","0","0","0","0","0","0","0","0","0","0","0","0","0","0","0","0","0","0","0","0"
"00000953","연동 서길","00000059","임곡89","20221003","0","1","0","1","0","1","0","1","0","0","0","0","0","0","0","0","0","0","0","0","0","0","0","0","0","0","0","0","0","0","0","0","0","0","0","0","0","0","0","0","0","0","0","0","0","0","0","0"
"00000953","연동 서길","00000084","임곡290","20221003","0","2","0","2","0","2","0","2","0","0","0","0","0","0","0","0","0","0","0","0","0","0","0","0","0","0","0","0","0","0","0","0","0","0","0","0","0","0","0","0","0","0","0","0","0","0","0","0"
"00000954","연동삼거리","00000059","임곡89","20221003","0","0","0","0","0","0","0","0","0","0","0","0","0","0","0","0","0","0","0","0","0","0","0","0","0","0","0","0","0","0","0","0","0","0","0","0","0","0","0","0","0","0","0","0","0","0","0","0"
"00000956","연양리1구","00000072","지원152(능주역)","20221003","0","0","0","0","0","0","0","0","0","0","0","0","0","0","0","0","0","0","0","0","0","0","0","0","0","0","0","0","0","0","0","0","0","0","0","0","0","0","0","0","0","0","0","0","0","0","0","0"
"00000958","연진회미술원","00000005","첨단09","20221003","0","0","0","0","0","0","0","0","0","0","0","0","0","0","0","0","0","2","1","2","0","2","1","2","0","0","0","0","0","0","0","0","0","0","0","0","0","0","0","0","0","0","0","0","0","0","0","0"
"00000958","연진회미술원","00000018","운림35","20221003","1","0","0","0","1","0","0","0","0","0","0","0","0","0","0","0","1","0","1","0","1","0","1","0","0","0","0","0","0","0","0","0","0","0","0","0","0","0","0","0","0","0","0","0","0","0","0","0"
"00000958","연진회미술원","00000025","운림50","20221003","1","0","0","0","1","0","0","0","0","0","0","0","0","0","0","0","1","1","1","1","1","1","1","1","0","0","0","0","0","0","0","0","0","0","0","0","0","0","0","0","0","0","0","0","0","0","0","0"
"00000958","연진회미술원","00000026","운림51","20221003","1","0","0","0","1","0","0","0","0","0","0","0","0","0","0","0","2","0","0","0","2","0","0","0","0","0","0","0","0","0","0","0","0","0","0","0","0","0","0","0","0","0","0","0","0","0","0","0"
"00000958","연진회미술원","00000029","운림54","20221003","0","1","0","1","0","0","0","0","0","0","0","0","0","1","0","1","1","3","2","3","1","2","2","2","0","0","0","0","0","1","0","1","0","0","0","0","0","0","0","0","0","0","0","0","0","0","0","0"
"00000958","연진회미술원","00000098","수완49","20221003","0","0","3","0","0","0","3","0","0","0","0","0","0","0","0","0","1","0","0","0","1","0","0","0","0","0","0","0","0","0","0","0","0","0","0","0","0","0","0","0","0","0","0","0","0","0","0","0"
"00000958","연진회미술원","00000102","수완12","20221003","0","1","0","1","0","1","0","1","0","0","0","0","0","0","0","0","1","0","0","0","1","0","0","0","0","0","0","0","0","0","0","0","0","0","0","0","0","0","0","0","0","0","0","0","0","0","0","0"
"00000958","연진회미술원","00000109","좌석02","20221003","0","0","0","0","0","0","0","0","0","0","0","0","0","0","0","0","0","1","1","1","0","1","1","1","0","0","0","0","0","0","0","0","0","0","0","0","0","0","0","0","0","0","0","0","0","0","0","0"
"00000959","연진회미술원","00000005","첨단09","20221003","13","10","4","10","12","10","4","10","0","0","0","0","1","0","0","0","0","0","0","0","0","0","0","0","0","0","0","0","0","0","0","0","0","0","1","0","0","0","1","0","0","0","0","0","0","0","0","0"
"00000959","연진회미술원","00000018","운림35","20221003","1","2","2","2","1","2","2","2","0","0","0","0","0","0","0","0","0","0","0","0","0","0","0","0","0","0","0","0","0","0","0","0","0","0","0","0","0","0","0","0","0","0","0","0","0","0","0","0"
"00000959","연진회미술원","00000025","운림50","20221003","1","0","4","0","1","0","3","0","0","0","0","0","0","0","1","0","0","0","0","0","0","0","0","0","0","0","0","0","0","0","0","0","0","0","0","0","0","0","0","0","0","0","0","0","0","0","0","0"
"00000959","연진회미술원","00000026","운림51","20221003","6","4","1","4","6","4","0","4","0","0","1","0","0","0","0","0","1","0","0","0","1","0","0","0","0","0","0","0","0","0","0","0","0","0","0","0","0","0","0","0","0","0","0","0","0","0","0","0"
"00000959","연진회미술원","00000029","운림54","20221003","9","13","5","13","8","12","5","12","1","0","0","0","0","1","0","1","0","0","0","0","0","0","0","0","0","0","0","0","0","0","0","0","1","0","0","0","1","0","0","0","0","0","0","0","0","0","0","0"
"00000959","연진회미술원","00000047","봉선76","20221003","0","1","0","1","0","1","0","1","0","0","0","0","0","0","0","0","0","0","0","0","0","0","0","0","0","0","0","0","0","0","0","0","0","0","0","0","0","0","0","0","0","0","0","0","0","0","0","0"
"00000959","연진회미술원","00000098","수완49","20221003","3","3","0","3","3","3","0","3","0","0","0","0","0","0","0","0","0","0","0","0","0","0","0","0","0","0","0","0","0","0","0","0","0","0","0","0","0","0","0","0","0","0","0","0","0","0","0","0"
"00000959","연진회미술원","00000102","수완12","20221003","8","3","3","3","7","3","3","3","0","0","0","0","1","0","0","0","0","0","0","0","0","0","0","0","0","0","0","0","0","0","0","0","1","0","0","0","1","0","0","0","0","0","0","0","0","0","0","0"
"00000959","연진회미술원","00000109","좌석02","20221003","2","6","2","6","2","5","2","5","0","1","0","1","0","0","0","0","0","0","0","0","0","0","0","0","0","0","0","0","0","0","0","0","0","0","0","0","0","0","0","0","0","0","0","0","0","0","0","0"
"00000960","양산호수공원","00000017","첨단30","20221003","1","7","3","7","1","7","3","7","0","0","0","0","0","0","0","0","1","1","1","1","1","1","1","1","0","0","0","0","0","0","0","0","1","1","3","1","1","1","3","1","0","0","0","0","0","0","0","0"
"00000960","양산호수공원","00000032","금남57","20221003","2","2","2","2","2","2","2","2","0","0","0","0","0","0","0","0","1","0","0","0","1","0","0","0","0","0","0","0","0","0","0","0","0","1","1","1","0","1","0","1","0","0","1","0","0","0","0","0"
"00000960","양산호수공원","00000055","용전84","20221003","1","0","0","0","1","0","0","0","0","0","0","0","0","0","0","0","2","0","1","0","2","0","1","0","0","0","0","0","0","0","0","0","3","0","0","0","3","0","0","0","0","0","0","0","0","0","0","0"
"00000960","양산호수공원","00000065","첨단95","20221003","2","3","1","3","2","3","1","3","0","0","0","0","0","0","0","0","0","1","3","1","0","1","3","1","0","0","0","0","0","0","0","0","2","0","1","0","2","0","1","0","0","0","0","0","0","0","0","0"
"00000960","양산호수공원","00000080","첨단193","20221003","0","0","0","0","0","0","0","0","0","0","0","0","0","0","0","0","0","0","0","0","0","0","0","0","0","0","0","0","0","0","0","0","0","0","0","0","0","0","0","0","0","0","0","0","0","0","0","0"
"00000960","양산호수공원","00000117","첨단23","20221003","3","3","5","3","3","2","4","2","0","0","0","0","0","1","1","1","0","5","1","5","0","5","1","5","0","0","0","0","0","0","0","0","2","1","2","1","2","1","1","1","0","0","1","0","0","0","0","0"
"00000960","양산호수공원","00000120","양산60","20221003","1","0","1","0","1","0","1","0","0","0","0","0","0","0","0","0","1","2","4","2","1","2","4","2","0","0","0","0","0","0","0","0","0","3","2","3","0","3","2","3","0","0","0","0","0","0","0","0"
"00000960","양산호수공원","00000213","마을788","20221003","0","0","3","0","0","0","0","0","0","0","0","0","0","0","3","0","1","0","0","0","1","0","0","0","0","0","0","0","0","0","0","0","0","0","0","0","0","0","0","0","0","0","0","0","0","0","0","0"
"00000961","양산호수공원","00000017","첨단30","20221003","10","9","14","9","10","9","14","9","0","0","0","0","0","0","0","0","0","2","5","2","0","1","5","1","0","1","0","1","0","0","0","0","0","2","0","2","0","2","0","2","0","0","0","0","0","0","0","0"
"00000961","양산호수공원","00000032","금남57","20221003","5","5","6","5","5","3","6","3","0","1","0","1","0","1","0","1","0","0","1","0","0","0","1","0","0","0","0","0","0","0","0","0","2","1","5","1","2","1","5","1","0","0","0","0","0","0","0","0"
"00000961","양산호수공원","00000055","용전84","20221003","6","6","2","6","6","6","1","6","0","0","0","0","0","0","1","0","0","0","1","0","0","0","1","0","0","0","0","0","0","0","0","0","0","0","0","0","0","0","0","0","0","0","0","0","0","0","0","0"
"00000961","양산호수공원","00000065","첨단95","20221003","12","23","9","23","12","19","8","19","0","1","0","1","0","3","1","3","2","1","0","1","2","0","0","0","0","0","0","0","0","1","0","1","1","3","3","3","1","2","3","2","0","1","0","1","0","0","0","0"
"00000961","양산호수공원","00000080","첨단193","20221003","0","0","1","0","0","0","1","0","0","0","0","0","0","0","0","0","0","0","0","0","0","0","0","0","0","0","0","0","0","0","0","0","0","0","0","0","0","0","0","0","0","0","0","0","0","0","0","0"
"00000961","양산호수공원","00000117","첨단23","20221003","2","7","1","7","2","7","1","7","0","0","0","0","0","0","0","0","0","2","1","2","0","2","1","2","0","0","0","0","0","0","0","0","1","1","0","1","1","1","0","1","0","0","0","0","0","0","0","0"
"00000961","양산호수공원","00000120","양산60","20221003","8","16","12","16","8","11","10","11","0","2","0","2","0","3","2","3","1","0","0","0","1","0","0","0","0","0","0","0","0","0","0","0","0","2","3","2","0","1","3","1","0","0","0","0","0","1","0","1"
"00000961","양산호수공원","00000213","마을788","20221003","4","16","2","16","3","16","2","16","0","0","0","0","1","0","0","0","0","0","0","0","0","0","0","0","0","0","0","0","0","0","0","0","0","1","1","1","0","1","1","1","0","0","0","0","0","0","0","0"
"00000962","대촌마을입구","00000011","첨단20","20221003","0","0","0","0","0","0","0","0","0","0","0","0","0","0","0","0","0","0","1","0","0","0","1","0","0","0","0","0","0","0","0","0","0","0","0","0","0","0","0","0","0","0","0","0","0","0","0","0"
"00000962","대촌마을입구","00000014","봉선27","20221003","0","0","0","0","0","0","0","0","0","0","0","0","0","0","0","0","1","0","0","0","1","0","0","0","0","0","0","0","0","0","0","0","0","0","0","0","0","0","0","0","0","0","0","0","0","0","0","0"
"00000962","대촌마을입구","00000026","운림51","20221003","0","0","0","0","0","0","0","0","0","0","0","0","0","0","0","0","0","0","0","0","0","0","0","0","0","0","0","0","0","0","0","0","0","0","0","0","0","0","0","0","0","0","0","0","0","0","0","0"
"00000964","연화공장","00000072","지원152(능주역)","20221003","0","0","0","0","0","0","0","0","0","0","0","0","0","0","0","0","0","0","0","0","0","0","0","0","0","0","0","0","0","0","0","0","0","0","0","0","0","0","0","0","0","0","0","0","0","0","0","0"
"00000965","염주맨션","00000013","매월26","20221003","31","22","15","22","28","16","8","16","0","0","0","0","3","6","7","6","1","2","1","2","1","2","1","2","0","0","0","0","0","0","0","0","1","1","0","1","1","1","0","1","0","0","0","0","0","0","0","0"
"00000965","염주맨션","00000025","운림50","20221003","6","2","5","2","6","2","5","2","0","0","0","0","0","0","0","0","0","0","1","0","0","0","1","0","0","0","0","0","0","0","0","0","1","1","1","1","1","1","1","1","0","0","0","0","0","0","0","0"
"00000965","염주맨션","00000034","금남59","20221003","8","5","1","5","8","5","1","5","0","0","0","0","0","0","0","0","0","0","2","0","0","0","2","0","0","0","0","0","0","0","0","0","1","0","1","0","1","0","1","0","0","0","0","0","0","0","0","0"
"00000965","염주맨션","00000035","매월61(칠석)","20221003","7","14","6","14","7","11","3","11","0","2","0","2","0","1","3","1","0","2","0","2","0","1","0","1","0","0","0","0","0","1","0","1","0","3","0","3","0","3","0","3","0","0","0","0","0","0","0","0"
"00000965","염주맨션","00000044","송암73","20221003","3","4","3","4","2","4","1","4","0","0","0","0","1","0","2","0","1","0","2","0","1","0","2","0","0","0","0","0","0","0","0","0","0","0","0","0","0","0","0","0","0","0","0","0","0","0","0","0"
"00000965","염주맨션","00000048","진월77","20221003","2","1","2","1","2","1","2","1","0","0","0","0","0","0","0","0","1","0","0","0","1","0","0","0","0","0","0","0","0","0","0","0","0","0","0","0","0","0","0","0","0","0","0","0","0","0","0","0"
"00000965","염주맨션","00000091","송암74","20221003","2","10","3","10","2","9","3","9","0","1","0","1","0","0","0","0","2","0","0","0","2","0","0","0","0","0","0","0","0","0","0","0","0","0","1","0","0","0","1","0","0","0","0","0","0","0","0","0"
"00000966","염주사거리(동)","00000013","매월26","20221003","22","21","11","21","21","20","10","20","0","0","1","0","1","1","0","1","1","2","2","2","1","2","2","2","0","0","0","0","0","0","0","0","6","1","4","1","6","1","4","1","0","0","0","0","0","0","0","0"
"00000966","염주사거리(동)","00000025","운림50","20221003","14","11","11","11","12","10","10","10","2","0","0","0","0","1","1","1","3","3","3","3","3","3","3","3","0","0","0","0","0","0","0","0","0","2","0","2","0","2","0","2","0","0","0","0","0","0","0","0"
"00000966","염주사거리(동)","00000034","금남59","20221003","12","15","9","15","12","11","9","11","0","2","0","2","0","2","0","2","0","1","1","1","0","1","1","1","0","0","0","0","0","0","0","0","1","0","0","0","1","0","0","0","0","0","0","0","0","0","0","0"
"00000966","염주사거리(동)","00000035","매월61(칠석)","20221003","3","11","1","11","3","10","1","10","0","0","0","0","0","1","0","1","1","1","1","1","1","1","1","1","0","0","0","0","0","0","0","0","0","1","0","1","0","1","0","1","0","0","0","0","0","0","0","0"
"00000966","염주사거리(동)","00000044","송암73","20221003","5","8","6","8","5","7","5","7","0","0","0","0","0","1","1","1","1","2","3","2","1","1","3","1","0","0","0","0","0","1","0","1","3","4","3","4","2","4","3","4","0","0","0","0","1","0","0","0"
"00000966","염주사거리(동)","00000048","진월77","20221003","3","4","1","4","2","4","1","4","0","0","0","0","1","0","0","0","0","0","1","0","0","0","1","0","0","0","0","0","0","0","0","0","1","0","1","0","1","0","1","0","0","0","0","0","0","0","0","0"
"00000966","염주사거리(동)","00000091","송암74","20221003","4","20","8","20","4","16","8","16","0","2","0","2","0","2","0","2","0","0","2","0","0","0","2","0","0","0","0","0","0","0","0","0","1","0","0","0","1","0","0","0","0","0","0","0","0","0","0","0"
"00000967","염주사거리(동)","00000013","매월26","20221003","5","4","0","4","5","3","0","3","0","0","0","0","0","1","0","1","0","3","4","3","0","2","4","2","0","0","0","0","0","1","0","1","0","0","1","0","0","0","1","0","0","0","0","0","0","0","0","0"
"00000967","염주사거리(동)","00000034","금남59","20221003","3","1","3","1","3","1","2","1","0","0","0","0","0","0","1","0","0","1","2","1","0","1","2","1","0","0","0","0","0","0","0","0","0","0","0","0","0","0","0","0","0","0","0","0","0","0","0","0"
"00000967","염주사거리(동)","00000091","송암74","20221003","1","2","0","2","1","1","0","1","0","1","0","1","0","0","0","0","0","2","2","2","0","2","1","2","0","0","1","0","0","0","0","0","0","0","0","0","0","0","0","0","0","0","0","0","0","0","0","0"
"00000968","염주사거리(서)","00000007","매월16","20221003","9","8","10","8","9","7","9","7","0","0","0","0","0","1","1","1","3","0","1","0","3","0","1","0","0","0","0","0","0","0","0","0","0","1","3","1","0","1","3","1","0","0","0","0","0","0","0","0"
"00000968","염주사거리(서)","00000011","첨단20","20221003","9","2","15","2","9","2","15","2","0","0","0","0","0","0","0","0","0","1","2","1","0","1","2","1","0","0","0","0","0","0","0","0","3","1","3","1","3","1","3","1","0","0","0","0","0","0","0","0"
"00000968","염주사거리(서)","00000024","송암47","20221003","6","7","12","7","6","6","11","6","0","0","1","0","0","1","0","1","0","2","0","2","0","2","0","2","0","0","0","0","0","0","0","0","1","0","1","0","1","0","1","0","0","0","0","0","0","0","0","0"
"00000968","염주사거리(서)","00000025","운림50","20221003","14","8","6","8","14","3","5","3","0","3","0","3","0","2","1","2","3","1","4","1","3","1","4","1","0","0","0","0","0","0","0","0","0","2","1","2","0","1","1","1","0","0","0","0","0","1","0","1"
"00000968","염주사거리(서)","00000035","매월61(칠석)","20221003","1","4","9","4","1","4","7","4","0","0","2","0","0","0","0","0","4","0","0","0","4","0","0","0","0","0","0","0","0","0","0","0","1","0","1","0","1","0","1","0","0","0","0","0","0","0","0","0"
"00000968","염주사거리(서)","00000044","송암73","20221003","10","17","7","17","9","16","7","16","0","0","0","0","1","1","0","1","0","2","4","2","0","2","4","2","0","0","0","0","0","0","0","0","1","1","2","1","1","1","2","1","0","0","0","0","0","0","0","0"
"00000968","염주사거리(서)","00000048","진월77","20221003","0","1","1","1","0","0","1","0","0","0","0","0","0","1","0","1","0","0","3","0","0","0","3","0","0","0","0","0","0","0","0","0","0","0","0","0","0","0","0","0","0","0","0","0","0","0","0","0"
"00000969","염주주공","00000007","매월16","20221003","0","1","1","1","0","1","0","1","0","0","0","0","0","0","1","0","0","0","0","0","0","0","0","0","0","0","0","0","0","0","0","0","0","0","0","0","0","0","0","0","0","0","0","0","0","0","0","0"
"00000969","염주주공","00000011","첨단20","20221003","0","0","0","0","0","0","0","0","0","0","0","0","0","0","0","0","0","0","0","0","0","0","0","0","0","0","0","0","0","0","0","0","0","0","0","0","0","0","0","0","0","0","0","0","0","0","0","0"
"00000969","염주주공","00000013","매월26","20221003","2","0","10","0","2","0","5","0","0","0","3","0","0","0","2","0","0","0","0","0","0","0","0","0","0","0","0","0","0","0","0","0","0","1","0","1","0","1","0","1","0","0","0","0","0","0","0","0"
"00000969","염주주공","00000024","송암47","20221003","0","2","2","2","0","1","2","1","0","1","0","1","0","0","0","0","0","2","2","2","0","2","2","2","0","0","0","0","0","0","0","0","0","0","0","0","0","0","0","0","0","0","0","0","0","0","0","0"
"00000970","염주주공","00000007","매월16","20221003","6","6","3","6","6","5","3","5","0","1","0","1","0","0","0","0","0","0","1","0","0","0","1","0","0","0","0","0","0","0","0","0","0","0","0","0","0","0","0","0","0","0","0","0","0","0","0","0"
"00000970","염주주공","00000011","첨단20","20221003","3","4","5","4","3","2","5","2","0","0","0","0","0","2","0","2","0","0","0","0","0","0","0","0","0","0","0","0","0","0","0","0","0","0","1","0","0","0","1","0","0","0","0","0","0","0","0","0"
"00000970","염주주공","00000013","매월26","20221003","8","11","7","11","8","7","7","7","0","0","0","0","0","4","0","4","2","1","2","1","1","1","2","1","0","0","0","0","1","0","0","0","0","0","0","0","0","0","0","0","0","0","0","0","0","0","0","0"
"00000970","염주주공","00000024","송암47","20221003","7","6","8","6","7","4","8","4","0","0","0","0","0","2","0","2","0","0","1","0","0","0","1","0","0","0","0","0","0","0","0","0","0","1","0","1","0","1","0","1","0","0","0","0","0","0","0","0"
"00000971","대촌마을","00000011","첨단20","20221003","0","0","0","0","0","0","0","0","0","0","0","0","0","0","0","0","0","0","0","0","0","0","0","0","0","0","0","0","0","0","0","0","0","0","0","0","0","0","0","0","0","0","0","0","0","0","0","0"
"00000971","대촌마을","00000026","운림51","20221003","0","0","0","0","0","0","0","0","0","0","0","0","0","0","0","0","0","0","0","0","0","0","0","0","0","0","0","0","0","0","0","0","0","0","0","0","0","0","0","0","0","0","0","0","0","0","0","0"
"00000973","대반초교","00000019","봉선37","20221003","13","10","7","10","13","9","6","9","0","0","0","0","0","1","1","1","0","3","3","3","0","0","3","0","0","1","0","1","0","2","0","2","0","0","0","0","0","0","0","0","0","0","0","0","0","0","0","0"
"00000973","대반초교","00000092","첨단40","20221003","0","0","2","0","0","0","2","0","0","0","0","0","0","0","0","0","0","0","0","0","0","0","0","0","0","0","0","0","0","0","0","0","0","0","0","0","0","0","0","0","0","0","0","0","0","0","0","0"
"00000973","대반초교","00000203","마을700","20221003","3","7","3","7","3","5","2","5","0","1","0","1","0","1","1","1","0","0","0","0","0","0","0","0","0","0","0","0","0","0","0","0","0","0","0","0","0","0","0","0","0","0","0","0","0","0","0","0"
"00000974","영천초교","00000009","문흥18","20221003","4","2","0","2","4","1","0","1","0","1","0","1","0","0","0","0","3","6","2","6","3","4","2","4","0","1","0","1","0","1","0","1","0","0","0","0","0","0","0","0","0","0","0","0","0","0","0","0"
"00000974","영천초교","00000016","송정29","20221003","6","1","9","1","6","1","8","1","0","0","0","0","0","0","1","0","0","1","5","1","0","1","5","1","0","0","0","0","0","0","0","0","0","1","0","1","0","1","0","1","0","0","0","0","0","0","0","0"
"00000974","영천초교","00000036","상무62(상무역행)","20221003","0","0","2","0","0","0","2","0","0","0","0","0","0","0","0","0","0","0","0","0","0","0","0","0","0","0","0","0","0","0","0","0","0","0","1","0","0","0","0","0","0","0","1","0","0","0","0","0"
"00000974","영천초교","00000081","진곡196","20221003","4","0","1","0","4","0","1","0","0","0","0","0","0","0","0","0","1","0","0","0","1","0","0","0","0","0","0","0","0","0","0","0","0","0","0","0","0","0","0","0","0","0","0","0","0","0","0","0"
"00000974","영천초교","00000095","금호46","20221003","1","2","4","2","1","1","3","1","0","0","0","0","0","1","1","1","3","3","3","3","3","3","3","3","0","0","0","0","0","0","0","0","0","0","0","0","0","0","0","0","0","0","0","0","0","0","0","0"
"00000974","영천초교","00000096","일곡10","20221003","0","0","2","0","0","0","0","0","0","0","1","0","0","0","1","0","0","0","0","0","0","0","0","0","0","0","0","0","0","0","0","0","0","0","0","0","0","0","0","0","0","0","0","0","0","0","0","0"
"00000974","영천초교","00000195","마을720","20221003","2","1","1","1","2","1","1","1","0","0","0","0","0","0","0","0","3","0","1","0","3","0","1","0","0","0","0","0","0","0","0","0","0","0","0","0","0","0","0","0","0","0","0","0","0","0","0","0"
"00000976","예술의거리입구","00000003","매월06","20221003","2","7","9","7","2","7","9","7","0","0","0","0","0","0","0","0","8","14","5","14","8","14","5","14","0","0","0","0","0","0","0","0","0","5","1","5","0","5","1","5","0","0","0","0","0","0","0","0"
"00000976","예술의거리입구","00000041","대촌70","20221003","0","3","4","3","0","3","4","3","0","0","0","0","0","0","0","0","0","0","0","0","0","0","0","0","0","0","0","0","0","0","0","0","1","0","0","0","1","0","0","0","0","0","0","0","0","0","0","0"
"00000976","예술의거리입구","00000073","대촌170","20221003","0","1","2","1","0","1","2","1","0","0","0","0","0","0","0","0","0","0","0","0","0","0","0","0","0","0","0","0","0","0","0","0","0","0","0","0","0","0","0","0","0","0","0","0","0","0","0","0"
"00000976","예술의거리입구","00000077","용전184","20221003","0","0","1","0","0","0","1","0","0","0","0","0","0","0","0","0","0","0","1","0","0","0","1","0","0","0","0","0","0","0","0","0","0","0","0","0","0","0","0","0","0","0","0","0","0","0","0","0"
"00000976","예술의거리입구","00000090","문흥39","20221003","0","4","9","4","0","3","8","3","0","0","1","0","0","1","0","1","3","4","7","4","3","4","6","4","0","0","1","0","0","0","0","0","1","0","1","0","1","0","1","0","0","0","0","0","0","0","0","0"
"00000976","예술의거리입구","00000091","송암74","20221003","3","5","7","5","3","4","7","4","0","0","0","0","0","1","0","1","3","12","2","12","3","12","2","12","0","0","0","0","0","0","0","0","1","0","1","0","1","0","1","0","0","0","0","0","0","0","0","0"
"00000976","예술의거리입구","00000098","수완49","20221003","0","3","4","3","0","3","4","3","0","0","0","0","0","0","0","0","2","0","0","0","2","0","0","0","0","0","0","0","0","0","0","0","0","1","1","1","0","0","1","0","0","0","0","0","0","1","0","1"
"00000977","예술의거리입구","00000003","매월06","20221003","1","13","14","13","1","12","14","12","0","0","0","0","0","1","0","1","1","8","4","8","1","8","4","8","0","0","0","0","0","0","0","0","4","5","7","5","4","5","7","5","0","0","0","0","0","0","0","0"
"00000977","예술의거리입구","00000004","진월07","20221003","2","9","19","9","2","9","19","9","0","0","0","0","0","0","0","0","7","5","5","5","7","5","5","5","0","0","0","0","0","0","0","0","3","9","4","9","3","6","4","6","0","0","0","0","0","3","0","3"
"00000977","예술의거리입구","00000031","419","20221003","0","1","4","1","0","1","4","1","0","0","0","0","0","0","0","0","0","0","0","0","0","0","0","0","0","0","0","0","0","0","0","0","2","2","2","2","2","2","2","2","0","0","0","0","0","0","0","0"
"00000977","예술의거리입구","00000032","금남57","20221003","0","0","1","0","0","0","1","0","0","0","0","0","0","0","0","0","3","3","1","3","3","3","1","3","0","0","0","0","0","0","0","0","0","0","0","0","0","0","0","0","0","0","0","0","0","0","0","0"
"00000977","예술의거리입구","00000033","금남58","20221003","1","6","6","6","1","6","6","6","0","0","0","0","0","0","0","0","0","0","0","0","0","0","0","0","0","0","0","0","0","0","0","0","0","2","2","2","0","2","2","2","0","0","0","0","0","0","0","0"
"00000977","예술의거리입구","00000068","송정98","20221003","0","6","16","6","0","4","13","4","0","0","1","0","0","2","2","2","4","5","5","5","4","5","5","5","0","0","0","0","0","0","0","0","1","2","1","2","1","2","1","2","0","0","0","0","0","0","0","0"
"00000977","예술의거리입구","00000071","228(구151화순사평)","20221003","0","0","0","0","0","0","0","0","0","0","0","0","0","0","0","0","3","2","0","2","3","2","0","2","0","0","0","0","0","0","0","0","1","0","0","0","1","0","0","0","0","0","0","0","0","0","0","0"
"00000977","예술의거리입구","00000090","문흥39","20221003","2","10","26","10","2","9","25","9","0","0","0","0","0","1","1","1","1","2","2","2","1","2","2","2","0","0","0","0","0","0","0","0","4","0","10","0","4","0","10","0","0","0","0","0","0","0","0","0"
"00000977","예술의거리입구","00000091","송암74","20221003","0","7","12","7","0","7","12","7","0","0","0","0","0","0","0","0","0","1","4","1","0","1","4","1","0","0","0","0","0","0","0","0","0","2","1","2","0","2","1","2","0","0","0","0","0","0","0","0"
"00000977","예술의거리입구","00000098","수완49","20221003","1","1","0","1","1","1","0","1","0","0","0","0","0","0","0","0","2","1","0","1","2","1","0","1","0","0","0","0","0","0","0","0","0","0","0","0","0","0","0","0","0","0","0","0","0","0","0","0"
"00000977","예술의거리입구","00000109","좌석02","20221003","0","5","2","5","0","5","2","5","0","0","0","0","0","0","0","0","0","1","0","1","0","1","0","1","0","0","0","0","0","0","0","0","0","1","0","1","0","1","0","1","0","0","0","0","0","0","0","0"
"00000977","예술의거리입구","00000122","228(화순전대병원)","20221003","0","0","1","0","0","0","1","0","0","0","0","0","0","0","0","0","0","5","5","5","0","4","5","4","0","0","0","0","0","1","0","1","0","0","0","0","0","0","0","0","0","0","0","0","0","0","0","0"
"00000981","오치1동행정복지센터","00000006","지원15","20221003","3","2","1","2","3","2","1","2","0","0","0","0","0","0","0","0","1","2","0","2","1","2","0","2","0","0","0","0","0","0","0","0","0","0","0","0","0","0","0","0","0","0","0","0","0","0","0","0"
"00000981","오치1동행정복지센터","00000015","일곡28","20221003","4","3","5","3","4","3","5","3","0","0","0","0","0","0","0","0","0","0","0","0","0","0","0","0","0","0","0","0","0","0","0","0","0","2","0","2","0","2","0","2","0","0","0","0","0","0","0","0"
"00000981","오치1동행정복지센터","00000057","용전86","20221003","1","0","0","0","1","0","0","0","0","0","0","0","0","0","0","0","1","0","2","0","1","0","2","0","0","0","0","0","0","0","0","0","0","0","0","0","0","0","0","0","0","0","0","0","0","0","0","0"
"00000981","오치1동행정복지센터","00000077","용전184","20221003","0","0","0","0","0","0","0","0","0","0","0","0","0","0","0","0","1","0","0","0","1","0","0","0","0","0","0","0","0","0","0","0","0","0","0","0","0","0","0","0","0","0","0","0","0","0","0","0"
"00000982","오치주공","00000020","일곡38","20221003","1","4","2","4","1","4","1","4","0","0","0","0","0","0","1","0","1","0","1","0","1","0","1","0","0","0","0","0","0","0","0","0","0","1","0","1","0","1","0","1","0","0","0","0","0","0","0","0"
"00000982","오치주공","00000029","운림54","20221003","22","17","11","17","22","17","11","17","0","0","0","0","0","0","0","0","1","1","0","1","1","1","0","1","0","0","0","0","0","0","0","0","0","1","1","1","0","1","1","1","0","0","0","0","0","0","0","0"
"00000982","오치주공","00000117","첨단23","20221003","2","6","1","6","2","5","1","5","0","0","0","0","0","1","0","1","0","0","2","0","0","0","2","0","0","0","0","0","0","0","0","0","1","0","0","0","1","0","0","0","0","0","0","0","0","0","0","0"
"00000982","오치주공","00000118","문흥53","20221003","2","1","4","1","2","1","2","1","0","0","0","0","0","0","2","0","0","1","0","1","0","0","0","0","0","0","0","0","0","1","0","1","0","0","0","0","0","0","0","0","0","0","0","0","0","0","0","0"
"00000982","오치주공","00000213","마을788","20221003","0","0","1","0","0","0","1","0","0","0","0","0","0","0","0","0","0","0","0","0","0","0","0","0","0","0","0","0","0","0","0","0","0","0","0","0","0","0","0","0","0","0","0","0","0","0","0","0"
"00000983","오치주공","00000020","일곡38","20221003","0","1","0","1","0","1","0","1","0","0","0","0","0","0","0","0","0","0","2","0","0","0","2","0","0","0","0","0","0","0","0","0","1","0","0","0","1","0","0","0","0","0","0","0","0","0","0","0"
"00000983","오치주공","00000029","운림54","20221003","2","1","5","1","2","1","5","1","0","0","0","0","0","0","0","0","12","13","26","13","12","12","25","12","0","0","0","0","0","1","1","1","0","0","2","0","0","0","1","0","0","0","0","0","0","0","1","0"
"00000983","오치주공","00000117","첨단23","20221003","1","0","3","0","1","0","3","0","0","0","0","0","0","0","0","0","0","3","5","3","0","3","5","3","0","0","0","0","0","0","0","0","1","1","3","1","1","1","3","1","0","0","0","0","0","0","0","0"
"00000983","오치주공","00000118","문흥53","20221003","4","1","4","1","4","1","4","1","0","0","0","0","0","0","0","0","0","2","2","2","0","2","2","2","0","0","0","0","0","0","0","0","1","0","0","0","1","0","0","0","0","0","0","0","0","0","0","0"
"00000983","오치주공","00000213","마을788","20221003","0","0","0","0","0","0","0","0","0","0","0","0","0","0","0","0","0","0","1","0","0","0","1","0","0","0","0","0","0","0","0","0","0","0","0","0","0","0","0","0","0","0","0","0","0","0","0","0"
"00000985","오치초교","00000013","매월26","20221003","1","3","1","3","1","2","1","2","0","0","0","0","0","1","0","1","7","4","9","4","7","4","9","4","0","0","0","0","0","0","0","0","0","1","0","1","0","1","0","1","0","0","0","0","0","0","0","0"
"00000985","오치초교","00000017","첨단30","20221003","3","0","4","0","3","0","4","0","0","0","0","0","0","0","0","0","2","3","2","3","2","3","2","3","0","0","0","0","0","0","0","0","0","0","0","0","0","0","0","0","0","0","0","0","0","0","0","0"
"00000985","오치초교","00000031","419","20221003","1","0","0","0","1","0","0","0","0","0","0","0","0","0","0","0","0","1","0","1","0","1","0","1","0","0","0","0","0","0","0","0","0","0","0","0","0","0","0","0","0","0","0","0","0","0","0","0"
"00000985","오치초교","00000032","금남57","20221003","2","2","2","2","2","2","2","2","0","0","0","0","0","0","0","0","1","1","1","1","1","1","1","1","0","0","0","0","0","0","0","0","0","0","0","0","0","0","0","0","0","0","0","0","0","0","0","0"
"00000985","오치초교","00000211","마을777(우치공원)","20221003","0","1","0","1","0","1","0","1","0","0","0","0","0","0","0","0","3","1","4","1","3","1","4","1","0","0","0","0","0","0","0","0","0","0","0","0","0","0","0","0","0","0","0","0","0","0","0","0"
"00000986","오치초교","00000013","매월26","20221003","6","14","20","14","6","14","18","14","0","0","1","0","0","0","1","0","0","1","3","1","0","1","3","1","0","0","0","0","0","0","0","0","1","2","4","2","1","2","4","2","0","0","0","0","0","0","0","0"
"00000986","오치초교","00000017","첨단30","20221003","13","7","10","7","12","7","10","7","0","0","0","0","1","0","0","0","1","2","1","2","1","2","1","2","0","0","0","0","0","0","0","0","4","2","0","2","4","2","0","2","0","0","0","0","0","0","0","0"
"00000986","오치초교","00000031","419","20221003","2","1","1","1","2","1","1","1","0","0","0","0","0","0","0","0","0","0","0","0","0","0","0","0","0","0","0","0","0","0","0","0","0","0","0","0","0","0","0","0","0","0","0","0","0","0","0","0"
"00000986","오치초교","00000032","금남57","20221003","2","11","4","11","2","11","4","11","0","0","0","0","0","0","0","0","1","0","0","0","1","0","0","0","0","0","0","0","0","0","0","0","0","2","1","2","0","2","1","2","0","0","0","0","0","0","0","0"
"00000986","오치초교","00000211","마을777(우치공원)","20221003","1","1","4","1","1","1","4","1","0","0","0","0","0","0","0","0","0","0","0","0","0","0","0","0","0","0","0","0","0","0","0","0","1","0","1","0","1","0","1","0","0","0","0","0","0","0","0","0"
"00000988","옥산","00000082","송정197","20221003","0","0","0","0","0","0","0","0","0","0","0","0","0","0","0","0","2","0","0","0","2","0","0","0","0","0","0","0","0","0","0","0","0","0","0","0","0","0","0","0","0","0","0","0","0","0","0","0"
"00000990","와산","00000059","임곡89","20221003","0","1","0","1","0","1","0","1","0","0","0","0","0","0","0","0","0","0","0","0","0","0","0","0","0","0","0","0","0","0","0","0","0","0","0","0","0","0","0","0","0","0","0","0","0","0","0","0"
"00000992","외등","00000084","임곡290","20221003","0","0","0","0","0","0","0","0","0","0","0","0","0","0","0","0","0","0","0","0","0","0","0","0","0","0","0","0","0","0","0","0","0","0","0","0","0","0","0","0","0","0","0","0","0","0","0","0"
"00000993","요한병원","00000039","유덕65","20221003","1","0","0","0","1","0","0","0","0","0","0","0","0","0","0","0","0","0","0","0","0","0","0","0","0","0","0","0","0","0","0","0","0","0","0","0","0","0","0","0","0","0","0","0","0","0","0","0"
"00000995","지산입구","00000032","금남57","20221003","1","0","0","0","1","0","0","0","0","0","0","0","0","0","0","0","0","0","0","0","0","0","0","0","0","0","0","0","0","0","0","0","0","0","0","0","0","0","0","0","0","0","0","0","0","0","0","0"
"00000995","지산입구","00000055","용전84","20221003","0","0","1","0","0","0","1","0","0","0","0","0","0","0","0","0","0","0","0","0","0","0","0","0","0","0","0","0","0","0","0","0","0","0","0","0","0","0","0","0","0","0","0","0","0","0","0","0"
"00000995","지산입구","00000056","용전85","20221003","0","0","1","0","0","0","1","0","0","0","0","0","0","0","0","0","0","0","0","0","0","0","0","0","0","0","0","0","0","0","0","0","0","0","0","0","0","0","0","0","0","0","0","0","0","0","0","0"
"00000995","지산입구","00000065","첨단95","20221003","0","1","1","1","0","1","1","1","0","0","0","0","0","0","0","0","0","0","0","0","0","0","0","0","0","0","0","0","0","0","0","0","0","0","0","0","0","0","0","0","0","0","0","0","0","0","0","0"
"00000995","지산입구","00000120","양산60","20221003","0","0","1","0","0","0","1","0","0","0","0","0","0","0","0","0","0","0","0","0","0","0","0","0","0","0","0","0","0","0","0","0","0","0","0","0","0","0","0","0","0","0","0","0","0","0","0","0"
"00000996","용주초교","00000013","매월26","20221003","6","10","16","10","5","6","13","6","0","1","2","1","1","3","1","3","2","3","8","3","2","3","7","3","0","0","0","0","0","0","1","0","0","0","0","0","0","0","0","0","0","0","0","0","0","0","0","0"
"00000996","용주초교","00000017","첨단30","20221003","9","8","11","8","9","6","8","6","0","0","0","0","0","2","3","2","0","4","4","4","0","4","4","4","0","0","0","0","0","0","0","0","0","0","0","0","0","0","0","0","0","0","0","0","0","0","0","0"
"00000996","용주초교","00000031","419","20221003","1","1","1","1","1","1","1","1","0","0","0","0","0","0","0","0","1","0","0","0","1","0","0","0","0","0","0","0","0","0","0","0","0","0","0","0","0","0","0","0","0","0","0","0","0","0","0","0"
"00000996","용주초교","00000032","금남57","20221003","7","9","4","9","6","7","4","7","0","0","0","0","1","2","0","2","1","0","1","0","1","0","1","0","0","0","0","0","0","0","0","0","0","0","0","0","0","0","0","0","0","0","0","0","0","0","0","0"
"00000997","용주초교","00000013","매월26","20221003","16","26","19","26","16","24","19","24","0","0","0","0","0","2","0","2","0","3","4","3","0","1","4","1","0","0","0","0","0","2","0","2","1","0","0","0","1","0","0","0","0","0","0","0","0","0","0","0"
"00000997","용주초교","00000017","첨단30","20221003","14","12","12","12","14","12","11","12","0","0","1","0","0","0","0","0","0","0","2","0","0","0","2","0","0","0","0","0","0","0","0","0","0","0","1","0","0","0","1","0","0","0","0","0","0","0","0","0"
"00000997","용주초교","00000032","금남57","20221003","7","12","6","12","7","10","5","10","0","0","0","0","0","2","1","2","0","2","2","2","0","2","2","2","0","0","0","0","0","0","0","0","0","0","0","0","0","0","0","0","0","0","0","0","0","0","0","0"
"00001000","용봉동성당","00000038","상무64","20221003","0","0","0","0","0","0","0","0","0","0","0","0","0","0","0","0","1","0","0","0","1","0","0","0","0","0","0","0","0","0","0","0","0","0","0","0","0","0","0","0","0","0","0","0","0","0","0","0"
"00001000","용봉동성당","00000054","용봉83","20221003","0","0","0","0","0","0","0","0","0","0","0","0","0","0","0","0","0","0","0","0","0","0","0","0","0","0","0","0","0","0","0","0","0","0","0","0","0","0","0","0","0","0","0","0","0","0","0","0"
"00001001","용봉동성당","00000038","상무64","20221003","0","0","1","0","0","0","1","0","0","0","0","0","0","0","0","0","0","0","0","0","0","0","0","0","0","0","0","0","0","0","0","0","0","0","0","0","0","0","0","0","0","0","0","0","0","0","0","0"
"00001001","용봉동성당","00000054","용봉83","20221003","1","2","3","2","1","2","1","2","0","0","0","0","0","0","2","0","0","0","0","0","0","0","0","0","0","0","0","0","0","0","0","0","0","0","0","0","0","0","0","0","0","0","0","0","0","0","0","0"
"00001002","용봉주공","00000016","송정29","20221003","3","7","6","7","3","5","4","5","0","0","0","0","0","2","2","2","2","14","6","14","1","11","4","11","0","2","0","2","1","1","2","1","0","0","2","0","0","0","2","0","0","0","0","0","0","0","0","0"
"00001002","용봉주공","00000029","운림54","20221003","42","36","15","36","38","32","14","32","1","0","0","0","3","4","1","4","10","17","7","17","10","14","5","14","0","1","0","1","0","2","2","2","4","7","2","7","2","7","2","7","0","0","0","0","2","0","0","0"
"00001002","용봉주공","00000118","문흥53","20221003","7","3","1","3","7","2","1","2","0","1","0","1","0","0","0","0","0","0","1","0","0","0","1","0","0","0","0","0","0","0","0","0","1","1","1","1","1","1","0","1","0","0","0","0","0","0","1","0"
"00001003","용봉한화꿈에그린","00000031","419","20221003","5","10","5","10","5","9","5","9","0","0","0","0","0","1","0","1","2","1","1","1","2","1","0","1","0","0","0","0","0","0","1","0","0","0","0","0","0","0","0","0","0","0","0","0","0","0","0","0"
"00001003","용봉한화꿈에그린","00000054","용봉83","20221003","13","9","10","9","12","9","10","9","0","0","0","0","1","0","0","0","7","7","2","7","7","7","2","7","0","0","0","0","0","0","0","0","0","0","0","0","0","0","0","0","0","0","0","0","0","0","0","0"
"00001004","용봉한화꿈에그린","00000031","419","20221003","3","2","2","2","3","2","2","2","0","0","0","0","0","0","0","0","0","0","1","0","0","0","1","0","0","0","0","0","0","0","0","0","0","0","0","0","0","0","0","0","0","0","0","0","0","0","0","0"
"00001004","용봉한화꿈에그린","00000054","용봉83","20221003","2","2","3","2","2","2","3","2","0","0","0","0","0","0","0","0","0","2","1","2","0","2","1","2","0","0","0","0","0","0","0","0","0","0","0","0","0","0","0","0","0","0","0","0","0","0","0","0"
"00001005","용봉중","00000010","송정19","20221003","1","0","1","0","1","0","0","0","0","0","0","0","0","0","1","0","0","1","2","1","0","0","2","0","0","0","0","0","0","1","0","1","0","0","0","0","0","0","0","0","0","0","0","0","0","0","0","0"
"00001005","용봉중","00000018","운림35","20221003","1","0","3","0","1","0","2","0","0","0","0","0","0","0","1","0","0","1","2","1","0","0","2","0","0","0","0","0","0","1","0","1","0","0","0","0","0","0","0","0","0","0","0","0","0","0","0","0"
"00001005","용봉중","00000057","용전86","20221003","1","0","0","0","1","0","0","0","0","0","0","0","0","0","0","0","0","1","0","1","0","1","0","1","0","0","0","0","0","0","0","0","0","0","0","0","0","0","0","0","0","0","0","0","0","0","0","0"
"00001005","용봉중","00000117","첨단23","20221003","3","2","1","2","3","1","1","1","0","0","0","0","0","1","0","1","1","0","4","0","1","0","4","0","0","0","0","0","0","0","0","0","0","1","0","1","0","1","0","1","0","0","0","0","0","0","0","0"
"00001005","용봉중","00000118","문흥53","20221003","0","0","0","0","0","0","0","0","0","0","0","0","0","0","0","0","0","1","2","1","0","1","1","1","0","0","1","0","0","0","0","0","0","0","0","0","0","0","0","0","0","0","0","0","0","0","0","0"
"00001006","용봉중","00000010","송정19","20221003","5","12","11","12","5","12","11","12","0","0","0","0","0","0","0","0","0","3","3","3","0","3","3","3","0","0","0","0","0","0","0","0","1","0","0","0","1","0","0","0","0","0","0","0","0","0","0","0"
"00001006","용봉중","00000018","운림35","20221003","6","3","4","3","6","3","4","3","0","0","0","0","0","0","0","0","1","1","1","1","1","1","1","1","0","0","0","0","0","0","0","0","0","0","0","0","0","0","0","0","0","0","0","0","0","0","0","0"
"00001006","용봉중","00000057","용전86","20221003","1","1","0","1","1","1","0","1","0","0","0","0","0","0","0","0","0","0","0","0","0","0","0","0","0","0","0","0","0","0","0","0","0","0","0","0","0","0","0","0","0","0","0","0","0","0","0","0"
"00001006","용봉중","00000117","첨단23","20221003","5","6","10","6","4","2","9","2","1","0","0","0","0","4","1","4","1","0","0","0","1","0","0","0","0","0","0","0","0","0","0","0","1","0","1","0","1","0","1","0","0","0","0","0","0","0","0","0"
"00001006","용봉중","00000118","문흥53","20221003","11","4","3","4","8","4","3","4","0","0","0","0","3","0","0","0","1","3","0","3","1","3","0","3","0","0","0","0","0","0","0","0","0","0","0","0","0","0","0","0","0","0","0","0","0","0","0","0"
"00001007","용봉초교","00000009","문흥18","20221003","4","2","2","2","4","2","2","2","0","0","0","0","0","0","0","0","0","1","5","1","0","1","5","1","0","0","0","0","0","0","0","0","0","1","2","1","0","1","2","1","0","0","0","0","0","0","0","0"
"00001007","용봉초교","00000013","매월26","20221003","2","2","2","2","2","2","2","2","0","0","0","0","0","0","0","0","1","0","2","0","1","0","2","0","0","0","0","0","0","0","0","0","3","2","1","2","3","2","1","2","0","0","0","0","0","0","0","0"
"00001007","용봉초교","00000014","봉선27","20221003","1","1","5","1","1","1","5","1","0","0","0","0","0","0","0","0","1","0","2","0","1","0","2","0","0","0","0","0","0","0","0","0","0","0","0","0","0","0","0","0","0","0","0","0","0","0","0","0"
"00001007","용봉초교","00000024","송암47","20221003","1","0","2","0","1","0","2","0","0","0","0","0","0","0","0","0","0","0","1","0","0","0","1","0","0","0","0","0","0","0","0","0","0","2","0","2","0","2","0","2","0","0","0","0","0","0","0","0"
"00001007","용봉초교","00000038","상무64","20221003","3","0","1","0","3","0","0","0","0","0","0","0","0","0","1","0","0","0","0","0","0","0","0","0","0","0","0","0","0","0","0","0","0","0","0","0","0","0","0","0","0","0","0","0","0","0","0","0"
"00001007","용봉초교","00000043","송암72","20221003","2","0","0","0","2","0","0","0","0","0","0","0","0","0","0","0","0","0","0","0","0","0","0","0","0","0","0","0","0","0","0","0","0","0","0","0","0","0","0","0","0","0","0","0","0","0","0","0"
"00001007","용봉초교","00000054","용봉83","20221003","0","1","0","1","0","1","0","1","0","0","0","0","0","0","0","0","0","0","0","0","0","0","0","0","0","0","0","0","0","0","0","0","0","0","1","0","0","0","1","0","0","0","0","0","0","0","0","0"
"00001007","용봉초교","00000098","수완49","20221003","0","1","0","1","0","1","0","1","0","0","0","0","0","0","0","0","0","0","0","0","0","0","0","0","0","0","0","0","0","0","0","0","0","1","0","1","0","1","0","1","0","0","0","0","0","0","0","0"
"00001007","용봉초교","00000211","마을777(우치공원)","20221003","1","0","0","0","1","0","0","0","0","0","0","0","0","0","0","0","0","0","0","0","0","0","0","0","0","0","0","0","0","0","0","0","0","0","0","0","0","0","0","0","0","0","0","0","0","0","0","0"
"00001008","용봉초교","00000009","문흥18","20221003","2","5","2","5","2","5","2","5","0","0","0","0","0","0","0","0","1","3","3","3","1","3","3","3","0","0","0","0","0","0","0","0","0","0","0","0","0","0","0","0","0","0","0","0","0","0","0","0"
"00001008","용봉초교","00000013","매월26","20221003","3","0","2","0","3","0","2","0","0","0","0","0","0","0","0","0","3","2","3","2","3","1","3","1","0","0","0","0","0","1","0","1","0","0","0","0","0","0","0","0","0","0","0","0","0","0","0","0"
"00001008","용봉초교","00000014","봉선27","20221003","2","1","2","1","2","1","2","1","0","0","0","0","0","0","0","0","0","1","5","1","0","1","5","1","0","0","0","0","0","0","0","0","0","1","1","1","0","1","1","1","0","0","0","0","0","0","0","0"
"00001008","용봉초교","00000024","송암47","20221003","2","1","1","1","2","1","1","1","0","0","0","0","0","0","0","0","2","4","3","4","2","4","3","4","0","0","0","0","0","0","0","0","0","1","0","1","0","0","0","0","0","0","0","0","0","1","0","1"
"00001008","용봉초교","00000038","상무64","20221003","0","0","0","0","0","0","0","0","0","0","0","0","0","0","0","0","0","3","1","3","0","3","1","3","0","0","0","0","0","0","0","0","0","0","0","0","0","0","0","0","0","0","0","0","0","0","0","0"
"00001008","용봉초교","00000043","송암72","20221003","1","0","0","0","1","0","0","0","0","0","0","0","0","0","0","0","1","1","1","1","1","1","1","1","0","0","0","0","0","0","0","0","0","0","0","0","0","0","0","0","0","0","0","0","0","0","0","0"
"00001008","용봉초교","00000054","용봉83","20221003","0","1","0","1","0","1","0","1","0","0","0","0","0","0","0","0","0","0","0","0","0","0","0","0","0","0","0","0","0","0","0","0","1","1","0","1","1","0","0","0","0","0","0","0","0","1","0","1"
"00001008","용봉초교","00000098","수완49","20221003","0","1","0","1","0","1","0","1","0","0","0","0","0","0","0","0","0","1","1","1","0","1","1","1","0","0","0","0","0","0","0","0","0","0","0","0","0","0","0","0","0","0","0","0","0","0","0","0"
"00001008","용봉초교","00000211","마을777(우치공원)","20221003","0","0","0","0","0","0","0","0","0","0","0","0","0","0","0","0","1","0","2","0","1","0","2","0","0","0","0","0","0","0","0","0","0","0","0","0","0","0","0","0","0","0","0","0","0","0","0","0"
"00001009","삼원맨션","00000031","419","20221003","6","7","8","7","6","6","8","6","0","0","0","0","0","1","0","1","0","0","0","0","0","0","0","0","0","0","0","0","0","0","0","0","0","0","0","0","0","0","0","0","0","0","0","0","0","0","0","0"
"00001009","삼원맨션","00000054","용봉83","20221003","9","15","10","15","8","14","10","14","0","0","0","0","1","1","0","1","0","0","0","0","0","0","0","0","0","0","0","0","0","0","0","0","0","0","0","0","0","0","0","0","0","0","0","0","0","0","0","0"
"00001010","용산교(동구)","00000047","봉선76","20221003","0","0","1","0","0","0","0","0","0","0","1","0","0","0","0","0","1","0","0","0","1","0","0","0","0","0","0","0","0","0","0","0","0","0","0","0","0","0","0","0","0","0","0","0","0","0","0","0"
"00001012","용생","00000071","228(구151화순사평)","20221003","1","0","0","0","1","0","0","0","0","0","0","0","0","0","0","0","0","0","0","0","0","0","0","0","0","0","0","0","0","0","0","0","0","0","0","0","0","0","0","0","0","0","0","0","0","0","0","0"
"00001015","용전","00000013","매월26","20221003","0","1","0","1","0","0","0","0","0","0","0","0","0","1","0","1","0","0","1","0","0","0","1","0","0","0","0","0","0","0","0","0","0","0","0","0","0","0","0","0","0","0","0","0","0","0","0","0"
"00001016","풍암우미아파트","00000001","순환01(시청행)","20221003","3","6","9","6","3","3","9","3","0","0","0","0","0","3","0","3","2","5","1","5","2","5","1","5","0","0","0","0","0","0","0","0","0","0","3","0","0","0","3","0","0","0","0","0","0","0","0","0"
"00001016","풍암우미아파트","00000023","지원45","20221003","4","3","0","3","4","3","0","3","0","0","0","0","0","0","0","0","0","0","1","0","0","0","1","0","0","0","0","0","0","0","0","0","0","1","1","1","0","1","1","1","0","0","0","0","0","0","0","0"
"00001016","풍암우미아파트","00000024","송암47","20221003","2","2","1","2","2","1","1","1","0","0","0","0","0","1","0","1","0","1","1","1","0","1","1","1","0","0","0","0","0","0","0","0","1","0","0","0","1","0","0","0","0","0","0","0","0","0","0","0"
"00001016","풍암우미아파트","00000034","금남59","20221003","3","2","0","2","3","1","0","1","0","0","0","0","0","1","0","1","0","2","2","2","0","2","2","2","0","0","0","0","0","0","0","0","0","0","0","0","0","0","0","0","0","0","0","0","0","0","0","0"
"00001016","풍암우미아파트","00000049","진월78","20221003","0","1","0","1","0","1","0","1","0","0","0","0","0","0","0","0","0","0","1","0","0","0","0","0","0","0","0","0","0","0","1","0","0","0","0","0","0","0","0","0","0","0","0","0","0","0","0","0"
"00001016","풍암우미아파트","00000100","진월75","20221003","2","3","3","3","2","2","0","2","0","0","0","0","0","1","3","1","0","1","0","1","0","0","0","0","0","1","0","1","0","0","0","0","0","0","0","0","0","0","0","0","0","0","0","0","0","0","0","0"
"00001017","운암우미아파트","00000007","매월16","20221003","2","4","1","4","2","4","0","4","0","0","0","0","0","0","1","0","1","1","3","1","1","1","3","1","0","0","0","0","0","0","0","0","0","0","0","0","0","0","0","0","0","0","0","0","0","0","0","0"
"00001017","운암우미아파트","00000014","봉선27","20221003","2","1","3","1","2","1","3","1","0","0","0","0","0","0","0","0","1","0","3","0","1","0","3","0","0","0","0","0","0","0","0","0","0","0","1","0","0","0","1","0","0","0","0","0","0","0","0","0"
"00001017","운암우미아파트","00000016","송정29","20221003","1","3","4","3","1","3","4","3","0","0","0","0","0","0","0","0","2","0","0","0","2","0","0","0","0","0","0","0","0","0","0","0","0","0","0","0","0","0","0","0","0","0","0","0","0","0","0","0"
"00001017","운암우미아파트","00000026","운림51","20221003","2","6","3","6","2","5","2","5","0","0","0","0","0","1","1","1","0","0","7","0","0","0","7","0","0","0","0","0","0","0","0","0","1","1","0","1","1","0","0","0","0","0","0","0","0","1","0","1"
"00001017","운암우미아파트","00000043","송암72","20221003","1","0","2","0","1","0","1","0","0","0","0","0","0","0","1","0","0","2","0","2","0","2","0","2","0","0","0","0","0","0","0","0","0","0","0","0","0","0","0","0","0","0","0","0","0","0","0","0"
"00001017","운암우미아파트","00000079","첨단192","20221003","0","0","0","0","0","0","0","0","0","0","0","0","0","0","0","0","1","0","0","0","1","0","0","0","0","0","0","0","0","0","0","0","0","0","0","0","0","0","0","0","0","0","0","0","0","0","0","0"
"00001017","운암우미아파트","00000102","수완12","20221003","5","3","0","3","5","3","0","3","0","0","0","0","0","0","0","0","0","0","1","0","0","0","1","0","0","0","0","0","0","0","0","0","0","1","0","1","0","1","0","1","0","0","0","0","0","0","0","0"
"00001018","운암우미아파트","00000007","매월16","20221003","10","13","9","13","10","11","9","11","0","1","0","1","0","1","0","1","2","0","1","0","2","0","1","0","0","0","0","0","0","0","0","0","0","2","1","2","0","2","1","2","0","0","0","0","0","0","0","0"
"00001018","운암우미아파트","00000014","봉선27","20221003","13","14","16","14","12","14","15","14","0","0","0","0","1","0","1","0","1","2","2","2","1","2","2","2","0","0","0","0","0","0","0","0","1","0","0","0","1","0","0","0","0","0","0","0","0","0","0","0"
"00001018","운암우미아파트","00000016","송정29","20221003","4","1","3","1","3","1","3","1","0","0","0","0","1","0","0","0","1","1","3","1","1","1","3","1","0","0","0","0","0","0","0","0","1","0","1","0","1","0","1","0","0","0","0","0","0","0","0","0"
"00001018","운암우미아파트","00000026","운림51","20221003","23","16","11","16","23","15","10","15","0","0","0","0","0","1","1","1","2","1","0","1","2","0","0","0","0","0","0","0","0","1","0","1","0","0","2","0","0","0","1","0","0","0","0","0","0","0","1","0"
"00001018","운암우미아파트","00000043","송암72","20221003","0","11","3","11","0","11","3","11","0","0","0","0","0","0","0","0","0","1","1","1","0","1","1","1","0","0","0","0","0","0","0","0","0","0","1","0","0","0","1","0","0","0","0","0","0","0","0","0"
"00001018","운암우미아파트","00000102","수완12","20221003","12","18","7","18","9","17","6","17","0","0","0","0","3","1","1","1","0","2","1","2","0","2","1","2","0","0","0","0","0","0","0","0","1","0","2","0","1","0","2","0","0","0","0","0","0","0","0","0"
"00001019","오정초교입구","00000051","문흥80","20221003","3","3","4","3","3","3","4","3","0","0","0","0","0","0","0","0","0","0","1","0","0","0","1","0","0","0","0","0","0","0","0","0","0","0","0","0","0","0","0","0","0","0","0","0","0","0","0","0"
"00001020","오정초교입구","00000051","문흥80","20221003","0","0","0","0","0","0","0","0","0","0","0","0","0","0","0","0","0","2","0","2","0","2","0","2","0","0","0","0","0","0","0","0","0","0","0","0","0","0","0","0","0","0","0","0","0","0","0","0"
"00001021","유창허니문입구","00000031","419","20221003","0","1","0","1","0","1","0","1","0","0","0","0","0","0","0","0","0","0","0","0","0","0","0","0","0","0","0","0","0","0","0","0","0","0","0","0","0","0","0","0","0","0","0","0","0","0","0","0"
"00001022","신가우미아파트","00000005","첨단09","20221003","7","5","6","5","6","2","5","2","0","2","0","2","1","1","1","1","0","6","4","6","0","5","3","5","0","0","1","0","0","1","0","1","0","1","0","1","0","1","0","1","0","0","0","0","0","0","0","0"
"00001022","신가우미아파트","00000016","송정29","20221003","7","4","5","4","6","4","5","4","0","0","0","0","1","0","0","0","0","3","2","3","0","3","1","3","0","0","1","0","0","0","0","0","0","0","0","0","0","0","0","0","0","0","0","0","0","0","0","0"
"00001022","신가우미아파트","00000064","첨단94","20221003","0","1","0","1","0","0","0","0","0","0","0","0","0","1","0","1","0","0","0","0","0","0","0","0","0","0","0","0","0","0","0","0","0","0","0","0","0","0","0","0","0","0","0","0","0","0","0","0"
"00001022","신가우미아파트","00000092","첨단40","20221003","0","1","0","1","0","0","0","0","0","1","0","1","0","0","0","0","0","0","0","0","0","0","0","0","0","0","0","0","0","0","0","0","0","0","0","0","0","0","0","0","0","0","0","0","0","0","0","0"
"00001022","신가우미아파트","00000096","일곡10","20221003","3","5","5","5","2","4","4","4","0","0","0","0","1","1","1","1","0","0","0","0","0","0","0","0","0","0","0","0","0","0","0","0","0","0","0","0","0","0","0","0","0","0","0","0","0","0","0","0"
"00001022","신가우미아파트","00000195","마을720","20221003","0","2","3","2","0","0","3","0","0","1","0","1","0","1","0","1","1","1","2","1","1","1","2","1","0","0","0","0","0","0","0","0","0","2","0","2","0","2","0","2","0","0","0","0","0","0","0","0"
"00001023","신가우미아파트","00000005","첨단09","20221003","10","27","12","27","10","19","12","19","0","1","0","1","0","7","0","7","2","2","2","2","2","1","2","1","0","0","0","0","0","1","0","1","1","1","0","1","1","1","0","1","0","0","0","0","0","0","0","0"
"00001023","신가우미아파트","00000016","송정29","20221003","12","9","20","9","12","5","17","5","0","1","1","1","0","3","2","3","0","1","0","1","0","1","0","1","0","0","0","0","0","0","0","0","0","0","1","0","0","0","1","0","0","0","0","0","0","0","0","0"
"00001023","신가우미아파트","00000064","첨단94","20221003","0","0","0","0","0","0","0","0","0","0","0","0","0","0","0","0","0","0","0","0","0","0","0","0","0","0","0","0","0","0","0","0","0","0","1","0","0","0","1","0","0","0","0","0","0","0","0","0"
"00001023","신가우미아파트","00000092","첨단40","20221003","2","4","0","4","2","4","0","4","0","0","0","0","0","0","0","0","0","0","0","0","0","0","0","0","0","0","0","0","0","0","0","0","1","1","0","1","1","1","0","1","0","0","0","0","0","0","0","0"
"00001023","신가우미아파트","00000096","일곡10","20221003","1","0","5","0","1","0","4","0","0","0","0","0","0","0","1","0","0","0","0","0","0","0","0","0","0","0","0","0","0","0","0","0","0","0","0","0","0","0","0","0","0","0","0","0","0","0","0","0"
"00001023","신가우미아파트","00000195","마을720","20221003","4","14","9","14","4","11","8","11","0","1","0","1","0","2","1","2","0","0","1","0","0","0","1","0","0","0","0","0","0","0","0","0","0","0","0","0","0","0","0","0","0","0","0","0","0","0","0","0"
"00001024","풍암우미아파트","00000023","지원45","20221003","18","23","13","23","17","17","11","17","0","0","0","0","1","6","2","6","1","1","1","1","1","1","1","1","0","0","0","0","0","0","0","0","0","0","0","0","0","0","0","0","0","0","0","0","0","0","0","0"
"00001024","풍암우미아파트","00000024","송암47","20221003","5","13","14","13","5","9","11","9","0","2","0","2","0","2","3","2","0","0","0","0","0","0","0","0","0","0","0","0","0","0","0","0","0","0","2","0","0","0","2","0","0","0","0","0","0","0","0","0"
"00001024","풍암우미아파트","00000034","금남59","20221003","8","10","6","10","8","8","4","8","0","0","0","0","0","2","2","2","0","0","0","0","0","0","0","0","0","0","0","0","0","0","0","0","0","4","1","4","0","1","1","1","0","2","0","2","0","1","0","1"
"00001024","풍암우미아파트","00000049","진월78","20221003","0","0","2","0","0","0","1","0","0","0","0","0","0","0","1","0","0","0","0","0","0","0","0","0","0","0","0","0","0","0","0","0","0","0","0","0","0","0","0","0","0","0","0","0","0","0","0","0"
"00001024","풍암우미아파트","00000100","진월75","20221003","4","5","6","5","4","4","4","4","0","0","0","0","0","1","2","1","0","0","0","0","0","0","0","0","0","0","0","0","0","0","0","0","0","1","1","1","0","1","1","1","0","0","0","0","0","0","0","0"
"00001024","풍암우미아파트","00000112","순환01(운천저수지)","20221003","13","17","23","17","13","17","15","17","0","0","1","0","0","0","7","0","0","1","0","1","0","1","0","1","0","0","0","0","0","0","0","0","1","0","0","0","1","0","0","0","0","0","0","0","0","0","0","0"
"00001025","상수도광산사업소","00000011","첨단20","20221003","0","6","0","6","0","6","0","6","0","0","0","0","0","0","0","0","1","1","1","1","1","1","1","1","0","0","0","0","0","0","0","0","0","0","0","0","0","0","0","0","0","0","0","0","0","0","0","0"
"00001025","상수도광산사업소","00000108","송정33","20221003","5","2","3","2","5","2","3","2","0","0","0","0","0","0","0","0","1","0","2","0","1","0","2","0","0","0","0","0","0","0","0","0","0","0","0","0","0","0","0","0","0","0","0","0","0","0","0","0"
"00001026","상수도광산사업소","00000011","첨단20","20221003","1","2","2","2","1","2","1","2","0","0","1","0","0","0","0","0","2","1","2","1","2","1","2","1","0","0","0","0","0","0","0","0","0","0","0","0","0","0","0","0","0","0","0","0","0","0","0","0"
"00001026","상수도광산사업소","00000108","송정33","20221003","3","1","2","1","2","1","2","1","0","0","0","0","1","0","0","0","1","1","0","1","1","1","0","1","0","0","0","0","0","0","0","0","0","1","0","1","0","1","0","1","0","0","0","0","0","0","0","0"
"00001028","서작","00000084","임곡290","20221003","0","0","0","0","0","0","0","0","0","0","0","0","0","0","0","0","0","0","0","0","0","0","0","0","0","0","0","0","0","0","0","0","0","0","0","0","0","0","0","0","0","0","0","0","0","0","0","0"
"00001029","우산리버힐아파트","00000019","봉선37","20221003","0","4","2","4","0","4","2","4","0","0","0","0","0","0","0","0","2","6","2","6","2","4","2","4","0","0","0","0","0","2","0","2","0","2","0","2","0","0","0","0","0","0","0","0","0","2","0","2"
"00001029","우산리버힐아파트","00000068","송정98","20221003","5","3","4","3","5","3","4","3","0","0","0","0","0","0","0","0","0","1","0","1","0","1","0","1","0","0","0","0","0","0","0","0","0","0","1","0","0","0","1","0","0","0","0","0","0","0","0","0"
"00001029","우산리버힐아파트","00000108","송정33","20221003","0","3","0","3","0","1","0","1","0","1","0","1","0","1","0","1","0","1","0","1","0","1","0","1","0","0","0","0","0","0","0","0","0","0","0","0","0","0","0","0","0","0","0","0","0","0","0","0"
"00001029","우산리버힐아파트","00000125","선운101","20221003","0","1","0","1","0","1","0","1","0","0","0","0","0","0","0","0","0","0","0","0","0","0","0","0","0","0","0","0","0","0","0","0","0","0","0","0","0","0","0","0","0","0","0","0","0","0","0","0"
"00001030","우산리버힐아파트","00000019","봉선37","20221003","6","2","4","2","6","2","4","2","0","0","0","0","0","0","0","0","2","0","0","0","2","0","0","0","0","0","0","0","0","0","0","0","1","0","0","0","1","0","0","0","0","0","0","0","0","0","0","0"
"00001030","우산리버힐아파트","00000068","송정98","20221003","1","3","3","3","0","3","3","3","0","0","0","0","1","0","0","0","1","3","2","3","1","3","2","3","0","0","0","0","0","0","0","0","0","0","0","0","0","0","0","0","0","0","0","0","0","0","0","0"
"00001030","우산리버힐아파트","00000108","송정33","20221003","1","1","2","1","1","1","2","1","0","0","0","0","0","0","0","0","0","1","0","1","0","1","0","1","0","0","0","0","0","0","0","0","0","0","0","0","0","0","0","0","0","0","0","0","0","0","0","0"
"00001030","우산리버힐아파트","00000125","선운101","20221003","1","0","1","0","1","0","1","0","0","0","0","0","0","0","0","0","0","0","0","0","0","0","0","0","0","0","0","0","0","0","0","0","0","0","0","0","0","0","0","0","0","0","0","0","0","0","0","0"
"00001031","우산동중흥S클래스","00000011","첨단20","20221003","9","12","8","12","8","12","8","12","0","0","0","0","1","0","0","0","2","3","0","3","1","3","0","3","1","0","0","0","0","0","0","0","0","1","0","1","0","1","0","1","0","0","0","0","0","0","0","0"
"00001031","우산동중흥S클래스","00000084","임곡290","20221003","1","1","0","1","1","1","0","1","0","0","0","0","0","0","0","0","0","0","0","0","0","0","0","0","0","0","0","0","0","0","0","0","0","0","0","0","0","0","0","0","0","0","0","0","0","0","0","0"
"00001031","우산동중흥S클래스","00000108","송정33","20221003","7","4","5","4","6","4","5","4","0","0","0","0","1","0","0","0","1","2","0","2","1","2","0","2","0","0","0","0","0","0","0","0","0","0","0","0","0","0","0","0","0","0","0","0","0","0","0","0"
"00001032","우산동중흥S클래스","00000011","첨단20","20221003","7","9","8","9","7","9","8","9","0","0","0","0","0","0","0","0","0","0","0","0","0","0","0","0","0","0","0","0","0","0","0","0","0","0","0","0","0","0","0","0","0","0","0","0","0","0","0","0"
"00001032","우산동중흥S클래스","00000084","임곡290","20221003","0","0","0","0","0","0","0","0","0","0","0","0","0","0","0","0","0","0","0","0","0","0","0","0","0","0","0","0","0","0","0","0","0","0","0","0","0","0","0","0","0","0","0","0","0","0","0","0"
"00001032","우산동중흥S클래스","00000108","송정33","20221003","4","4","4","4","3","3","4","3","0","0","0","0","1","1","0","1","0","3","1","3","0","3","1","3","0","0","0","0","0","0","0","0","0","0","0","0","0","0","0","0","0","0","0","0","0","0","0","0"
"00001034","광주자동화설비공업고","00000084","임곡290","20221003","0","0","0","0","0","0","0","0","0","0","0","0","0","0","0","0","0","0","0","0","0","0","0","0","0","0","0","0","0","0","0","0","0","0","0","0","0","0","0","0","0","0","0","0","0","0","0","0"
"00001035","우진아파트","00000027","지원52","20221003","0","1","0","1","0","1","0","1","0","0","0","0","0","0","0","0","0","0","1","0","0","0","1","0","0","0","0","0","0","0","0","0","0","0","0","0","0","0","0","0","0","0","0","0","0","0","0","0"
"00001035","우진아파트","00000041","대촌70","20221003","2","3","3","3","2","2","3","2","0","0","0","0","0","1","0","1","0","0","0","0","0","0","0","0","0","0","0","0","0","0","0","0","1","0","0","0","1","0","0","0","0","0","0","0","0","0","0","0"
"00001035","우진아파트","00000042","대촌71","20221003","3","0","0","0","2","0","0","0","0","0","0","0","1","0","0","0","0","0","0","0","0","0","0","0","0","0","0","0","0","0","0","0","0","0","0","0","0","0","0","0","0","0","0","0","0","0","0","0"
"00001035","우진아파트","00000074","진월177","20221003","0","2","3","2","0","2","3","2","0","0","0","0","0","0","0","0","0","0","0","0","0","0","0","0","0","0","0","0","0","0","0","0","0","0","0","0","0","0","0","0","0","0","0","0","0","0","0","0"
"00001035","우진아파트","00000208","마을715(대촌)","20221003","1","7","1","7","1","6","1","6","0","0","0","0","0","1","0","1","0","0","0","0","0","0","0","0","0","0","0","0","0","0","0","0","2","0","0","0","2","0","0","0","0","0","0","0","0","0","0","0"
"00001036","우진아파트","00000041","대촌70","20221003","0","1","0","1","0","1","0","1","0","0","0","0","0","0","0","0","3","0","0","0","3","0","0","0","0","0","0","0","0","0","0","0","0","0","0","0","0","0","0","0","0","0","0","0","0","0","0","0"
"00001036","우진아파트","00000042","대촌71","20221003","0","0","0","0","0","0","0","0","0","0","0","0","0","0","0","0","0","1","0","1","0","1","0","1","0","0","0","0","0","0","0","0","0","0","0","0","0","0","0","0","0","0","0","0","0","0","0","0"
"00001036","우진아파트","00000073","대촌170","20221003","0","0","0","0","0","0","0","0","0","0","0","0","0","0","0","0","2","0","0","0","2","0","0","0","0","0","0","0","0","0","0","0","0","0","0","0","0","0","0","0","0","0","0","0","0","0","0","0"
"00001036","우진아파트","00000074","진월177","20221003","0","0","0","0","0","0","0","0","0","0","0","0","0","0","0","0","0","0","0","0","0","0","0","0","0","0","0","0","0","0","0","0","0","0","0","0","0","0","0","0","0","0","0","0","0","0","0","0"
"00001036","우진아파트","00000208","마을715(대촌)","20221003","0","4","2","4","0","3","2","3","0","0","0","0","0","1","0","1","1","1","0","1","1","1","0","1","0","0","0","0","0","0","0","0","0","0","0","0","0","0","0","0","0","0","0","0","0","0","0","0"
"00001037","우치공원","00000006","지원15","20221003","0","15","15","15","0","13","12","13","0","2","1","2","0","0","2","0","0","0","0","0","0","0","0","0","0","0","0","0","0","0","0","0","1","0","1","0","1","0","1","0","0","0","0","0","0","0","0","0"
"00001037","우치공원","00000013","매월26","20221003","1","18","54","18","1","18","40","18","0","0","5","0","0","0","9","0","0","0","1","0","0","0","1","0","0","0","0","0","0","0","0","0","0","0","0","0","0","0","0","0","0","0","0","0","0","0","0","0"
"00001037","우치공원","00000032","금남57","20221003","0","3","1","3","0","3","1","3","0","0","0","0","0","0","0","0","1","0","0","0","1","0","0","0","0","0","0","0","0","0","0","0","0","0","0","0","0","0","0","0","0","0","0","0","0","0","0","0"
"00001037","우치공원","00000057","용전86","20221003","1","0","13","0","1","0","8","0","0","0","1","0","0","0","4","0","0","0","0","0","0","0","0","0","0","0","0","0","0","0","0","0","0","0","0","0","0","0","0","0","0","0","0","0","0","0","0","0"
"00001037","우치공원","00000077","용전184","20221003","0","6","2","6","0","6","2","6","0","0","0","0","0","0","0","0","0","1","0","1","0","1","0","1","0","0","0","0","0","0","0","0","0","0","0","0","0","0","0","0","0","0","0","0","0","0","0","0"
"00001037","우치공원","00000211","마을777(우치공원)","20221003","0","4","3","4","0","4","2","4","0","0","0","0","0","0","1","0","2","0","0","0","2","0","0","0","0","0","0","0","0","0","0","0","0","0","0","0","0","0","0","0","0","0","0","0","0","0","0","0"
"00001038","우치공원","00000006","지원15","20221003","0","0","0","0","0","0","0","0","0","0","0","0","0","0","0","0","0","0","0","0","0","0","0","0","0","0","0","0","0","0","0","0","0","0","0","0","0","0","0","0","0","0","0","0","0","0","0","0"
"00001038","우치공원","00000013","매월26","20221003","0","0","2","0","0","0","2","0","0","0","0","0","0","0","0","0","2","3","1","3","2","2","1","2","0","0","0","0","0","1","0","1","0","0","0","0","0","0","0","0","0","0","0","0","0","0","0","0"
"00001038","우치공원","00000032","금남57","20221003","1","3","9","3","1","2","7","2","0","1","2","1","0","0","0","0","0","1","0","1","0","1","0","1","0","0","0","0","0","0","0","0","0","0","0","0","0","0","0","0","0","0","0","0","0","0","0","0"
"00001038","우치공원","00000077","용전184","20221003","0","0","0","0","0","0","0","0","0","0","0","0","0","0","0","0","0","0","0","0","0","0","0","0","0","0","0","0","0","0","0","0","0","0","0","0","0","0","0","0","0","0","0","0","0","0","0","0"
"00001043","금구중","00000019","봉선37","20221003","6","2","1","2","6","1","1","1","0","0","0","0","0","1","0","1","0","0","0","0","0","0","0","0","0","0","0","0","0","0","0","0","0","0","0","0","0","0","0","0","0","0","0","0","0","0","0","0"
"00001043","금구중","00000092","첨단40","20221003","0","1","0","1","0","0","0","0","0","0","0","0","0","1","0","1","0","0","0","0","0","0","0","0","0","0","0","0","0","0","0","0","0","0","0","0","0","0","0","0","0","0","0","0","0","0","0","0"
"00001043","금구중","00000203","마을700","20221003","0","2","0","2","0","2","0","2","0","0","0","0","0","0","0","0","0","0","0","0","0","0","0","0","0","0","0","0","0","0","0","0","0","0","1","0","0","0","1","0","0","0","0","0","0","0","0","0"
"00001044","금구중","00000203","마을700","20221003","0","4","0","4","0","2","0","2","0","1","0","1","0","1","0","1","0","1","0","1","0","1","0","1","0","0","0","0","0","0","0","0","0","0","0","0","0","0","0","0","0","0","0","0","0","0","0","0"
"00001046","목련마을","00000009","문흥18","20221003","14","12","16","12","10","11","15","11","1","0","0","0","3","1","1","1","3","3","2","3","3","3","2","3","0","0","0","0","0","0","0","0","2","5","6","5","2","5","4","5","0","0","0","0","0","0","2","0"
"00001046","목련마을","00000016","송정29","20221003","8","0","4","0","8","0","4","0","0","0","0","0","0","0","0","0","1","5","1","5","1","5","1","5","0","0","0","0","0","0","0","0","0","1","3","1","0","1","2","1","0","0","0","0","0","0","1","0"
"00001046","목련마을","00000019","봉선37","20221003","24","18","8","18","23","17","8","17","0","1","0","1","1","0","0","0","3","1","3","1","2","1","3","1","0","0","0","0","1","0","0","0","0","1","0","1","0","1","0","1","0","0","0","0","0","0","0","0"
"00001046","목련마을","00000059","임곡89","20221003","0","0","0","0","0","0","0","0","0","0","0","0","0","0","0","0","1","0","0","0","1","0","0","0","0","0","0","0","0","0","0","0","0","0","0","0","0","0","0","0","0","0","0","0","0","0","0","0"
"00001046","목련마을","00000064","첨단94","20221003","0","0","0","0","0","0","0","0","0","0","0","0","0","0","0","0","0","1","0","1","0","1","0","1","0","0","0","0","0","0","0","0","0","0","0","0","0","0","0","0","0","0","0","0","0","0","0","0"
"00001046","목련마을","00000068","송정98","20221003","14","19","13","19","14","14","11","14","0","2","0","2","0","3","2","3","3","9","5","9","3","9","5","9","0","0","0","0","0","0","0","0","1","2","0","2","1","2","0","2","0","0","0","0","0","0","0","0"
"00001046","목련마을","00000090","문흥39","20221003","14","6","6","6","14","5","5","5","0","0","0","0","0","1","1","1","0","1","1","1","0","1","1","1","0","0","0","0","0","0","0","0","0","1","0","1","0","1","0","1","0","0","0","0","0","0","0","0"
"00001046","목련마을","00000092","첨단40","20221003","2","2","2","2","2","2","2","2","0","0","0","0","0","0","0","0","0","0","0","0","0","0","0","0","0","0","0","0","0","0","0","0","1","0","0","0","1","0","0","0","0","0","0","0","0","0","0","0"
"00001046","목련마을","00000096","일곡10","20221003","5","3","0","3","5","2","0","2","0","0","0","0","0","1","0","1","0","0","0","0","0","0","0","0","0","0","0","0","0","0","0","0","0","1","2","1","0","0","2","0","0","0","0","0","0","1","0","1"
"00001046","목련마을","00000127","상무62","20221003","1","1","0","1","1","1","0","1","0","0","0","0","0","0","0","0","0","1","0","1","0","1","0","1","0","0","0","0","0","0","0","0","0","1","0","1","0","1","0","1","0","0","0","0","0","0","0","0"
"00001046","목련마을","00000195","마을720","20221003","4","3","4","3","4","3","3","3","0","0","0","0","0","0","1","0","0","0","0","0","0","0","0","0","0","0","0","0","0","0","0","0","0","0","1","0","0","0","1","0","0","0","0","0","0","0","0","0"
"00001047","목련마을","00000009","문흥18","20221003","4","2","3","2","4","2","3","2","0","0","0","0","0","0","0","0","1","0","5","0","1","0","5","0","0","0","0","0","0","0","0","0","1","0","1","0","1","0","1","0","0","0","0","0","0","0","0","0"
"00001047","목련마을","00000016","송정29","20221003","17","6","10","6","16","6","8","6","0","0","0","0","1","0","2","0","1","0","1","0","1","0","0","0","0","0","0","0","0","0","1","0","0","1","1","1","0","1","0","1","0","0","0","0","0","0","1","0"
"00001047","목련마을","00000019","봉선37","20221003","4","4","2","4","4","4","1","4","0","0","0","0","0","0","1","0","2","2","3","2","2","2","3","2","0","0","0","0","0","0","0","0","0","0","0","0","0","0","0","0","0","0","0","0","0","0","0","0"
"00001047","목련마을","00000036","상무62(상무역행)","20221003","0","0","0","0","0","0","0","0","0","0","0","0","0","0","0","0","1","0","0","0","1","0","0","0","0","0","0","0","0","0","0","0","0","0","0","0","0","0","0","0","0","0","0","0","0","0","0","0"
"00001047","목련마을","00000059","임곡89","20221003","5","0","0","0","5","0","0","0","0","0","0","0","0","0","0","0","0","0","0","0","0","0","0","0","0","0","0","0","0","0","0","0","0","0","0","0","0","0","0","0","0","0","0","0","0","0","0","0"
"00001047","목련마을","00000064","첨단94","20221003","0","0","0","0","0","0","0","0","0","0","0","0","0","0","0","0","0","0","0","0","0","0","0","0","0","0","0","0","0","0","0","0","1","0","0","0","1","0","0","0","0","0","0","0","0","0","0","0"
"00001047","목련마을","00000068","송정98","20221003","5","7","5","7","5","7","5","7","0","0","0","0","0","0","0","0","1","1","3","1","1","1","3","1","0","0","0","0","0","0","0","0","1","1","1","1","1","1","1","1","0","0","0","0","0","0","0","0"
"00001047","목련마을","00000090","문흥39","20221003","2","4","4","4","2","4","3","4","0","0","0","0","0","0","1","0","0","0","3","0","0","0","3","0","0","0","0","0","0","0","0","0","1","0","0","0","1","0","0","0","0","0","0","0","0","0","0","0"
"00001047","목련마을","00000092","첨단40","20221003","1","4","1","4","1","4","1","4","0","0","0","0","0","0","0","0","0","0","0","0","0","0","0","0","0","0","0","0","0","0","0","0","0","0","0","0","0","0","0","0","0","0","0","0","0","0","0","0"
"00001047","목련마을","00000096","일곡10","20221003","1","1","0","1","1","1","0","1","0","0","0","0","0","0","0","0","0","1","1","1","0","1","0","1","0","0","0","0","0","0","1","0","0","0","0","0","0","0","0","0","0","0","0","0","0","0","0","0"
"00001047","목련마을","00000195","마을720","20221003","4","6","2","6","4","6","2","6","0","0","0","0","0","0","0","0","0","0","0","0","0","0","0","0","0","0","0","0","0","0","0","0","0","0","1","0","0","0","1","0","0","0","0","0","0","0","0","0"
"00001048","운남삼성아파트","00000009","문흥18","20221003","13","19","17","19","10","18","16","18","2","1","0","1","1","0","1","0","4","4","2","4","4","3","2","3","0","0","0","0","0","1","0","1","0","0","0","0","0","0","0","0","0","0","0","0","0","0","0","0"
"00001048","운남삼성아파트","00000016","송정29","20221003","7","12","14","12","6","9","13","9","0","0","0","0","1","3","1","3","4","7","8","7","4","5","8","5","0","0","0","0","0","2","0","2","1","0","0","0","1","0","0","0","0","0","0","0","0","0","0","0"
"00001048","운남삼성아파트","00000081","진곡196","20221003","7","0","2","0","4","0","2","0","0","0","0","0","3","0","0","0","0","1","2","1","0","1","2","1","0","0","0","0","0","0","0","0","1","3","1","3","1","3","1","3","0","0","0","0","0","0","0","0"
"00001048","운남삼성아파트","00000095","금호46","20221003","6","10","9","10","5","5","7","5","0","1","0","1","1","4","2","4","1","0","2","0","0","0","1","0","0","0","0","0","1","0","1","0","2","1","1","1","2","0","1","0","0","0","0","0","0","1","0","1"
"00001048","운남삼성아파트","00000096","일곡10","20221003","1","4","5","4","0","3","4","3","0","0","0","0","1","1","1","1","0","0","0","0","0","0","0","0","0","0","0","0","0","0","0","0","2","0","0","0","2","0","0","0","0","0","0","0","0","0","0","0"
"00001048","운남삼성아파트","00000114","수완03","20221003","14","22","11","22","13","13","7","13","1","3","0","3","0","6","4","6","1","11","13","11","1","11","11","11","0","0","2","0","0","0","0","0","16","8","17","8","16","6","16","6","0","0","0","0","0","2","1","2"
"00001048","운남삼성아파트","00000127","상무62","20221003","1","0","0","0","1","0","0","0","0","0","0","0","0","0","0","0","1","4","0","4","1","4","0","4","0","0","0","0","0","0","0","0","0","1","0","1","0","1","0","1","0","0","0","0","0","0","0","0"
"00001048","운남삼성아파트","00000195","마을720","20221003","2","3","1","3","1","3","1","3","0","0","0","0","1","0","0","0","2","2","0","2","2","2","0","2","0","0","0","0","0","0","0","0","0","0","1","0","0","0","1","0","0","0","0","0","0","0","0","0"
"00001048","운남삼성아파트","00000203","마을700","20221003","7","3","7","3","6","0","6","0","0","0","1","0","1","3","0","3","1","1","1","1","0","1","1","1","0","0","0","0","1","0","0","0","5","5","2","5","5","5","2","5","0","0","0","0","0","0","0","0"
"00001049","운남삼성아파트","00000009","문흥18","20221003","6","3","8","3","6","2","8","2","0","0","0","0","0","1","0","1","0","0","2","0","0","0","2","0","0","0","0","0","0","0","0","0","3","5","3","5","2","4","3","4","1","0","0","0","0","1","0","1"
"00001049","운남삼성아파트","00000016","송정29","20221003","15","6","13","6","15","6","13","6","0","0","0","0","0","0","0","0","0","3","1","3","0","2","0","2","0","0","0","0","0","1","1","1","4","1","5","1","4","1","4","1","0","0","1","0","0","0","0","0"
"00001049","운남삼성아파트","00000036","상무62(상무역행)","20221003","5","1","2","1","4","0","2","0","1","0","0","0","0","1","0","1","0","0","0","0","0","0","0","0","0","0","0","0","0","0","0","0","0","0","0","0","0","0","0","0","0","0","0","0","0","0","0","0"
"00001049","운남삼성아파트","00000081","진곡196","20221003","4","13","8","13","4","13","7","13","0","0","0","0","0","0","1","0","0","1","1","1","0","1","1","1","0","0","0","0","0","0","0","0","1","4","3","4","1","2","1","2","0","0","2","0","0","2","0","2"
"00001049","운남삼성아파트","00000095","금호46","20221003","2","2","1","2","2","1","1","1","0","0","0","0","0","1","0","1","0","2","3","2","0","2","1","2","0","0","0","0","0","0","2","0","0","0","1","0","0","0","1","0","0","0","0","0","0","0","0","0"
"00001049","운남삼성아파트","00000096","일곡10","20221003","2","0","2","0","1","0","2","0","0","0","0","0","1","0","0","0","0","0","1","0","0","0","0","0","0","0","0","0","0","0","1","0","0","1","2","1","0","0","2","0","0","0","0","0","0","1","0","1"
"00001049","운남삼성아파트","00000114","수완03","20221003","44","56","107","56","41","47","95","47","0","0","4","0","3","9","8","9","34","27","32","27","33","24","26","24","0","0","0","0","1","3","6","3","4","16","12","16","3","15","9","15","0","1","1","1","1","0","2","0"
"00001049","운남삼성아파트","00000195","마을720","20221003","5","10","5","10","5","10","1","10","0","0","0","0","0","0","4","0","0","1","0","1","0","1","0","1","0","0","0","0","0","0","0","0","2","1","5","1","2","1","5","1","0","0","0","0","0","0","0","0"
"00001050","금구초교","00000019","봉선37","20221003","14","16","8","16","14","16","7","16","0","0","0","0","0","0","1","0","0","1","6","1","0","1","5","1","0","0","0","0","0","0","1","0","0","1","1","1","0","1","1","1","0","0","0","0","0","0","0","0"
"00001050","금구초교","00000092","첨단40","20221003","2","3","1","3","2","1","1","1","0","1","0","1","0","1","0","1","0","0","0","0","0","0","0","0","0","0","0","0","0","0","0","0","0","0","2","0","0","0","2","0","0","0","0","0","0","0","0","0"
"00001053","목련마을6단지","00000009","문흥18","20221003","6","4","4","4","5","2","4","2","0","0","0","0","1","2","0","2","2","4","0","4","2","4","0","4","0","0","0","0","0","0","0","0","0","0","2","0","0","0","2","0","0","0","0","0","0","0","0","0"
"00001053","목련마을6단지","00000016","송정29","20221003","1","5","4","5","1","5","3","5","0","0","0","0","0","0","1","0","0","4","2","4","0","4","2","4","0","0","0","0","0","0","0","0","1","0","0","0","1","0","0","0","0","0","0","0","0","0","0","0"
"00001053","목련마을6단지","00000081","진곡196","20221003","3","0","0","0","3","0","0","0","0","0","0","0","0","0","0","0","0","1","5","1","0","1","2","1","0","0","2","0","0","0","1","0","0","1","0","1","0","1","0","1","0","0","0","0","0","0","0","0"
"00001053","목련마을6단지","00000095","금호46","20221003","0","4","3","4","0","2","2","2","0","0","0","0","0","2","1","2","0","1","2","1","0","1","1","1","0","0","1","0","0","0","0","0","0","0","0","0","0","0","0","0","0","0","0","0","0","0","0","0"
"00001053","목련마을6단지","00000096","일곡10","20221003","0","1","2","1","0","0","1","0","0","0","0","0","0","1","1","1","0","1","1","1","0","1","1","1","0","0","0","0","0","0","0","0","0","0","1","0","0","0","1","0","0","0","0","0","0","0","0","0"
"00001053","목련마을6단지","00000114","수완03","20221003","4","12","4","12","4","6","3","6","0","2","0","2","0","4","1","4","1","0","4","0","1","0","3","0","0","0","0","0","0","0","1","0","2","1","2","1","2","1","2","1","0","0","0","0","0","0","0","0"
"00001053","목련마을6단지","00000195","마을720","20221003","1","2","2","2","1","1","2","1","0","0","0","0","0","1","0","1","3","2","1","2","3","2","1","2","0","0","0","0","0","0","0","0","0","0","0","0","0","0","0","0","0","0","0","0","0","0","0","0"
"00001053","목련마을6단지","00000203","마을700","20221003","0","4","4","4","0","1","4","1","0","1","0","1","0","2","0","2","0","0","0","0","0","0","0","0","0","0","0","0","0","0","0","0","1","0","0","0","1","0","0","0","0","0","0","0","0","0","0","0"
"00001055","운림중","00000005","첨단09","20221003","1","0","0","0","1","0","0","0","0","0","0","0","0","0","0","0","1","3","3","3","1","3","3","3","0","0","0","0","0","0","0","0","0","0","0","0","0","0","0","0","0","0","0","0","0","0","0","0"
"00001055","운림중","00000018","운림35","20221003","5","1","0","1","1","1","0","1","0","0","0","0","4","0","0","0","1","1","0","1","1","1","0","1","0","0","0","0","0","0","0","0","0","0","0","0","0","0","0","0","0","0","0","0","0","0","0","0"
"00001055","운림중","00000025","운림50","20221003","0","1","0","1","0","1","0","1","0","0","0","0","0","0","0","0","0","0","1","0","0","0","1","0","0","0","0","0","0","0","0","0","0","0","0","0","0","0","0","0","0","0","0","0","0","0","0","0"
"00001055","운림중","00000026","운림51","20221003","1","0","0","0","1","0","0","0","0","0","0","0","0","0","0","0","0","4","0","4","0","4","0","4","0","0","0","0","0","0","0","0","0","0","0","0","0","0","0","0","0","0","0","0","0","0","0","0"
"00001055","운림중","00000029","운림54","20221003","1","0","0","0","1","0","0","0","0","0","0","0","0","0","0","0","0","4","0","4","0","4","0","4","0","0","0","0","0","0","0","0","0","0","0","0","0","0","0","0","0","0","0","0","0","0","0","0"
"00001055","운림중","00000047","봉선76","20221003","0","0","0","0","0","0","0","0","0","0","0","0","0","0","0","0","0","0","0","0","0","0","0","0","0","0","0","0","0","0","0","0","0","0","0","0","0","0","0","0","0","0","0","0","0","0","0","0"
"00001055","운림중","00000098","수완49","20221003","0","1","0","1","0","1","0","1","0","0","0","0","0","0","0","0","1","0","0","0","1","0","0","0","0","0","0","0","0","0","0","0","0","0","0","0","0","0","0","0","0","0","0","0","0","0","0","0"
"00001055","운림중","00000102","수완12","20221003","1","0","0","0","1","0","0","0","0","0","0","0","0","0","0","0","1","3","0","3","1","3","0","3","0","0","0","0","0","0","0","0","0","0","0","0","0","0","0","0","0","0","0","0","0","0","0","0"
"00001055","운림중","00000109","좌석02","20221003","1","0","0","0","1","0","0","0","0","0","0","0","0","0","0","0","1","1","0","1","1","1","0","1","0","0","0","0","0","0","0","0","0","0","0","0","0","0","0","0","0","0","0","0","0","0","0","0"
"00001056","동산마을입구","00000018","운림35","20221003","4","7","2","7","4","7","1","7","0","0","0","0","0","0","1","0","0","0","0","0","0","0","0","0","0","0","0","0","0","0","0","0","0","0","2","0","0","0","2","0","0","0","0","0","0","0","0","0"
"00001056","동산마을입구","00000025","운림50","20221003","2","8","4","8","2","8","4","8","0","0","0","0","0","0","0","0","0","0","0","0","0","0","0","0","0","0","0","0","0","0","0","0","0","0","0","0","0","0","0","0","0","0","0","0","0","0","0","0"
"00001056","동산마을입구","00000026","운림51","20221003","6","5","5","5","6","5","5","5","0","0","0","0","0","0","0","0","0","1","0","1","0","1","0","1","0","0","0","0","0","0","0","0","0","0","0","0","0","0","0","0","0","0","0","0","0","0","0","0"
"00001056","동산마을입구","00000029","운림54","20221003","8","26","5","26","8","23","5","23","0","1","0","1","0","2","0","2","0","0","0","0","0","0","0","0","0","0","0","0","0","0","0","0","0","0","0","0","0","0","0","0","0","0","0","0","0","0","0","0"
"00001056","동산마을입구","00000098","수완49","20221003","1","2","2","2","1","2","2","2","0","0","0","0","0","0","0","0","0","0","0","0","0","0","0","0","0","0","0","0","0","0","0","0","0","0","0","0","0","0","0","0","0","0","0","0","0","0","0","0"
"00001056","동산마을입구","00000102","수완12","20221003","1","7","1","7","1","6","1","6","0","0","0","0","0","1","0","1","0","0","0","0","0","0","0","0","0","0","0","0","0","0","0","0","0","0","0","0","0","0","0","0","0","0","0","0","0","0","0","0"
"00001057","운림중","00000005","첨단09","20221003","18","22","9","22","17","18","8","18","0","3","0","3","1","1","1","1","0","0","1","0","0","0","1","0","0","0","0","0","0","0","0","0","0","1","0","1","0","1","0","1","0","0","0","0","0","0","0","0"
"00001057","운림중","00000018","운림35","20221003","1","5","3","5","1","5","3","5","0","0","0","0","0","0","0","0","0","0","0","0","0","0","0","0","0","0","0","0","0","0","0","0","0","0","0","0","0","0","0","0","0","0","0","0","0","0","0","0"
"00001057","운림중","00000025","운림50","20221003","5","11","10","11","5","11","7","11","0","0","1","0","0","0","2","0","0","0","0","0","0","0","0","0","0","0","0","0","0","0","0","0","0","0","1","0","0","0","1","0","0","0","0","0","0","0","0","0"
"00001057","운림중","00000026","운림51","20221003","15","14","10","14","15","13","10","13","0","1","0","1","0","0","0","0","0","0","0","0","0","0","0","0","0","0","0","0","0","0","0","0","1","0","0","0","1","0","0","0","0","0","0","0","0","0","0","0"
"00001057","운림중","00000029","운림54","20221003","29","29","21","29","28","25","19","25","0","1","1","1","1","3","1","3","0","0","0","0","0","0","0","0","0","0","0","0","0","0","0","0","0","0","0","0","0","0","0","0","0","0","0","0","0","0","0","0"
"00001057","운림중","00000047","봉선76","20221003","0","0","0","0","0","0","0","0","0","0","0","0","0","0","0","0","0","0","0","0","0","0","0","0","0","0","0","0","0","0","0","0","0","0","1","0","0","0","1","0","0","0","0","0","0","0","0","0"
"00001057","운림중","00000098","수완49","20221003","6","2","4","2","4","2","4","2","0","0","0","0","2","0","0","0","0","0","1","0","0","0","1","0","0","0","0","0","0","0","0","0","0","0","0","0","0","0","0","0","0","0","0","0","0","0","0","0"
"00001057","운림중","00000102","수완12","20221003","5","9","4","9","5","8","1","8","0","1","0","1","0","0","3","0","0","0","0","0","0","0","0","0","0","0","0","0","0","0","0","0","0","0","0","0","0","0","0","0","0","0","0","0","0","0","0","0"
"00001057","운림중","00000109","좌석02","20221003","1","8","0","8","1","7","0","7","0","0","0","0","0","1","0","1","0","0","0","0","0","0","0","0","0","0","0","0","0","0","0","0","0","0","0","0","0","0","0","0","0","0","0","0","0","0","0","0"
"00001058","살레시오고입구","00000015","일곡28","20221003","0","0","0","0","0","0","0","0","0","0","0","0","0","0","0","0","0","0","0","0","0","0","0","0","0","0","0","0","0","0","0","0","0","1","1","1","0","1","1","1","0","0","0","0","0","0","0","0"
"00001058","살레시오고입구","00000016","송정29","20221003","0","0","1","0","0","0","1","0","0","0","0","0","0","0","0","0","0","0","0","0","0","0","0","0","0","0","0","0","0","0","0","0","0","0","0","0","0","0","0","0","0","0","0","0","0","0","0","0"
"00001058","살레시오고입구","00000020","일곡38","20221003","0","2","0","2","0","2","0","2","0","0","0","0","0","0","0","0","0","0","0","0","0","0","0","0","0","0","0","0","0","0","0","0","0","0","1","0","0","0","1","0","0","0","0","0","0","0","0","0"
"00001058","살레시오고입구","00000032","금남57","20221003","0","1","0","1","0","1","0","1","0","0","0","0","0","0","0","0","0","0","0","0","0","0","0","0","0","0","0","0","0","0","0","0","1","2","1","2","1","2","1","2","0","0","0","0","0","0","0","0"
"00001058","살레시오고입구","00000096","일곡10","20221003","1","0","1","0","1","0","1","0","0","0","0","0","0","0","0","0","0","0","0","0","0","0","0","0","0","0","0","0","0","0","0","0","0","0","0","0","0","0","0","0","0","0","0","0","0","0","0","0"
"00001059","운암벽산블루밍","00000007","매월16","20221003","3","5","5","5","1","3","3","3","1","0","0","0","1","2","2","2","0","0","0","0","0","0","0","0","0","0","0","0","0","0","0","0","0","0","0","0","0","0","0","0","0","0","0","0","0","0","0","0"
"00001059","운암벽산블루밍","00000009","문흥18","20221003","8","7","3","7","8","5","3","5","0","0","0","0","0","2","0","2","4","0","1","0","4","0","1","0","0","0","0","0","0","0","0","0","0","1","0","1","0","1","0","1","0","0","0","0","0","0","0","0"
"00001059","운암벽산블루밍","00000014","봉선27","20221003","1","4","7","4","1","2","7","2","0","0","0","0","0","2","0","2","1","0","1","0","1","0","1","0","0","0","0","0","0","0","0","0","0","0","0","0","0","0","0","0","0","0","0","0","0","0","0","0"
"00001059","운암벽산블루밍","00000026","운림51","20221003","9","6","6","6","9","5","5","5","0","0","0","0","0","1","1","1","1","1","0","1","0","1","0","1","0","0","0","0","1","0","0","0","0","0","1","0","0","0","1","0","0","0","0","0","0","0","0","0"
"00001059","운암벽산블루밍","00000033","금남58","20221003","0","3","6","3","0","3","6","3","0","0","0","0","0","0","0","0","0","0","1","0","0","0","1","0","0","0","0","0","0","0","0","0","0","0","1","0","0","0","1","0","0","0","0","0","0","0","0","0"
"00001059","운암벽산블루밍","00000043","송암72","20221003","0","4","2","4","0","4","1","4","0","0","0","0","0","0","1","0","1","2","0","2","1","2","0","2","0","0","0","0","0","0","0","0","0","0","0","0","0","0","0","0","0","0","0","0","0","0","0","0"
"00001059","운암벽산블루밍","00000098","수완49","20221003","0","0","2","0","0","0","1","0","0","0","0","0","0","0","1","0","0","0","0","0","0","0","0","0","0","0","0","0","0","0","0","0","0","0","0","0","0","0","0","0","0","0","0","0","0","0","0","0"
"00001059","운암벽산블루밍","00000102","수완12","20221003","4","8","6","8","2","7","6","7","0","0","0","0","2","1","0","1","0","1","2","1","0","1","2","1","0","0","0","0","0","0","0","0","0","0","1","0","0","0","0","0","0","0","0","0","0","0","1","0"
"00001060","운암3단지","00000007","매월16","20221003","4","4","4","4","4","4","3","4","0","0","1","0","0","0","0","0","2","2","3","2","2","1","2","1","0","0","0","0","0","1","1","1","6","5","1","5","6","4","1","4","0","0","0","0","0","1","0","1"
"00001060","운암3단지","00000009","문흥18","20221003","2","12","3","12","2","10","2","10","0","1","0","1","0","1","1","1","6","14","15","14","6","12","15","12","0","0","0","0","0","2","0","2","3","8","11","8","3","8","9","8","0","0","0","0","0","0","2","0"
"00001060","운암3단지","00000014","봉선27","20221003","2","3","7","3","2","1","4","1","0","0","1","0","0","2","2","2","5","2","4","2","5","2","4","2","0","0","0","0","0","0","0","0","2","4","12","4","2","2","11","2","0","1","0","1","0","1","1","1"
"00001060","운암3단지","00000016","송정29","20221003","0","10","15","10","0","9","12","9","0","0","0","0","0","1","3","1","5","5","5","5","5","5","3","5","0","0","0","0","0","0","2","0","3","3","9","3","3","3","9","3","0","0","0","0","0","0","0","0"
"00001060","운암3단지","00000026","운림51","20221003","3","9","10","9","3","8","7","8","0","0","0","0","0","1","3","1","1","4","6","4","1","4","6","4","0","0","0","0","0","0","0","0","4","7","18","7","4","7","18","7","0","0","0","0","0","0","0","0"
"00001060","운암3단지","00000033","금남58","20221003","1","5","10","5","1","5","2","5","0","0","3","0","0","0","5","0","1","0","8","0","1","0","7","0","0","0","0","0","0","0","1","0","2","4","4","4","2","3","4","3","0","0","0","0","0","1","0","1"
"00001060","운암3단지","00000037","상무63","20221003","0","3","1","3","0","3","1","3","0","0","0","0","0","0","0","0","0","0","1","0","0","0","1","0","0","0","0","0","0","0","0","0","2","0","0","0","1","0","0","0","0","0","0","0","1","0","0","0"
"00001060","운암3단지","00000043","송암72","20221003","2","5","2","5","2","5","2","5","0","0","0","0","0","0","0","0","0","0","0","0","0","0","0","0","0","0","0","0","0","0","0","0","7","3","6","3","7","3","6","3","0","0","0","0","0","0","0","0"
"00001060","운암3단지","00000098","수완49","20221003","2","0","4","0","2","0","1","0","0","0","0","0","0","0","3","0","1","0","5","0","1","0","5","0","0","0","0","0","0","0","0","0","1","3","1","3","1","2","1","2","0","0","0","0","0","1","0","1"
"00001060","운암3단지","00000102","수완12","20221003","2","10","8","10","2","8","6","8","0","1","0","1","0","1","2","1","1","5","9","5","1","5","9","5","0","0","0","0","0","0","0","0","7","12","13","12","7","10","13","10","0","0","0","0","0","2","0","2"
"00001060","운암3단지","00000211","마을777(우치공원)","20221003","0","1","4","1","0","0","4","0","0","1","0","1","0","0","0","0","1","1","0","1","1","1","0","1","0","0","0","0","0","0","0","0","1","0","2","0","1","0","2","0","0","0","0","0","0","0","0","0"
"00001061","운암3단지","00000007","매월16","20221003","8","11","14","11","8","9","10","9","0","0","0","0","0","2","4","2","3","1","1","1","3","1","1","1","0","0","0","0","0","0","0","0","0","2","2","2","0","2","1","2","0","0","0","0","0","0","1","0"
"00001061","운암3단지","00000009","문흥18","20221003","8","16","16","16","8","14","14","14","0","0","0","0","0","2","2","2","2","3","2","3","2","2","2","2","0","0","0","0","0","1","0","1","17","23","19","23","17","19","18","19","0","0","0","0","0","4","1","4"
"00001061","운암3단지","00000014","봉선27","20221003","9","6","19","6","9","5","17","5","0","0","0","0","0","1","2","1","1","3","4","3","1","3","4","3","0","0","0","0","0","0","0","0","7","6","4","6","7","6","4","6","0","0","0","0","0","0","0","0"
"00001061","운암3단지","00000016","송정29","20221003","6","12","17","12","6","9","12","9","0","0","1","0","0","3","4","3","8","12","6","12","8","9","5","9","0","0","0","0","0","3","1","3","9","3","8","3","8","2","8","2","0","0","0","0","1","1","0","1"
"00001061","운암3단지","00000026","운림51","20221003","9","34","12","34","9","26","10","26","0","2","0","2","0","6","2","6","5","5","1","5","5","5","1","5","0","0","0","0","0","0","0","0","2","4","3","4","2","3","2","3","0","0","0","0","0","1","1","1"
"00001061","운암3단지","00000033","금남58","20221003","8","14","6","14","7","11","6","11","0","0","0","0","1","3","0","3","0","4","0","4","0","4","0","4","0","0","0","0","0","0","0","0","3","10","4","10","3","10","3","10","0","0","0","0","0","0","1","0"
"00001061","운암3단지","00000037","상무63","20221003","1","2","1","2","1","2","0","2","0","0","1","0","0","0","0","0","0","0","0","0","0","0","0","0","0","0","0","0","0","0","0","0","3","0","2","0","2","0","2","0","0","0","0","0","1","0","0","0"
"00001061","운암3단지","00000043","송암72","20221003","1","6","7","6","1","6","7","6","0","0","0","0","0","0","0","0","2","6","4","6","2","6","4","6","0","0","0","0","0","0","0","0","1","1","3","1","1","1","3","1","0","0","0","0","0","0","0","0"
"00001061","운암3단지","00000098","수완49","20221003","2","4","8","4","2","4","7","4","0","0","0","0","0","0","1","0","2","1","0","1","2","0","0","0","0","0","0","0","0","1","0","1","0","0","1","0","0","0","1","0","0","0","0","0","0","0","0","0"
"00001061","운암3단지","00000102","수완12","20221003","8","17","12","17","8","16","10","16","0","0","0","0","0","1","2","1","0","5","4","5","0","5","4","5","0","0","0","0","0","0","0","0","2","2","3","2","2","2","2","2","0","0","0","0","0","0","1","0"
"00001061","운암3단지","00000211","마을777(우치공원)","20221003","2","4","7","4","1","1","6","1","0","0","0","0","1","3","1","3","0","0","2","0","0","0","2","0","0","0","0","0","0","0","0","0","4","2","4","2","4","2","4","2","0","0","0","0","0","0","0","0"
"00001063","운암중","00000007","매월16","20221003","4","3","0","3","4","2","0","2","0","0","0","0","0","1","0","1","1","0","3","0","1","0","3","0","0","0","0","0","0","0","0","0","1","1","0","1","1","1","0","1","0","0","0","0","0","0","0","0"
"00001063","운암중","00000014","봉선27","20221003","2","4","5","4","2","4","3","4","0","0","1","0","0","0","1","0","3","1","5","1","3","1","5","1","0","0","0","0","0","0","0","0","2","2","6","2","2","2","6","2","0","0","0","0","0","0","0","0"
"00001063","운암중","00000016","송정29","20221003","5","8","7","8","5","6","6","6","0","0","0","0","0","2","1","2","0","0","5","0","0","0","4","0","0","0","0","0","0","0","1","0","3","1","1","1","3","1","0","1","0","0","0","0","0","0","1","0"
"00001063","운암중","00000026","운림51","20221003","2","3","3","3","2","2","1","2","0","0","1","0","0","1","1","1","1","3","6","3","1","3","5","3","0","0","0","0","0","0","1","0","1","0","1","0","1","0","1","0","0","0","0","0","0","0","0","0"
"00001063","운암중","00000043","송암72","20221003","3","2","3","2","3","2","2","2","0","0","0","0","0","0","1","0","2","1","3","1","2","1","3","1","0","0","0","0","0","0","0","0","0","2","1","2","0","2","1","2","0","0","0","0","0","0","0","0"
"00001063","운암중","00000102","수완12","20221003","0","2","7","2","0","0","6","0","0","1","0","1","0","1","1","1","1","0","9","0","1","0","9","0","0","0","0","0","0","0","0","0","0","1","0","1","0","1","0","1","0","0","0","0","0","0","0","0"
"00001064","운암중","00000007","매월16","20221003","9","7","5","7","8","6","4","6","0","0","0","0","1","1","1","1","4","1","3","1","4","1","3","1","0","0","0","0","0","0","0","0","0","1","0","1","0","1","0","1","0","0","0","0","0","0","0","0"
"00001064","운암중","00000014","봉선27","20221003","8","14","8","14","7","13","4","13","0","0","0","0","1","1","4","1","7","6","6","6","7","6","5","6","0","0","0","0","0","0","1","0","0","3","1","3","0","3","1","3","0","0","0","0","0","0","0","0"
"00001064","운암중","00000016","송정29","20221003","4","10","10","10","4","9","8","9","0","1","0","1","0","0","2","0","6","5","5","5","6","5","5","5","0","0","0","0","0","0","0","0","0","0","1","0","0","0","1","0","0","0","0","0","0","0","0","0"
"00001064","운암중","00000026","운림51","20221003","26","25","9","25","26","23","8","23","0","0","0","0","0","2","1","2","3","5","6","5","3","4","4","4","0","0","1","0","0","1","1","1","0","1","2","1","0","1","2","1","0","0","0","0","0","0","0","0"
"00001064","운암중","00000043","송암72","20221003","5","4","2","4","5","4","2","4","0","0","0","0","0","0","0","0","1","3","4","3","0","3","3","3","0","0","0","0","1","0","1","0","0","1","0","1","0","1","0","1","0","0","0","0","0","0","0","0"
"00001064","운암중","00000102","수완12","20221003","5","10","7","10","3","10","7","10","0","0","0","0","2","0","0","0","3","4","5","4","3","4","5","4","0","0","0","0","0","0","0","0","0","1","1","1","0","1","1","1","0","0","0","0","0","0","0","0"
"00001065","운천역","00000007","매월16","20221003","0","0","0","0","0","0","0","0","0","0","0","0","0","0","0","0","1","2","2","2","1","2","2","2","0","0","0","0","0","0","0","0","0","0","0","0","0","0","0","0","0","0","0","0","0","0","0","0"
"00001065","운천역","00000010","송정19","20221003","0","0","0","0","0","0","0","0","0","0","0","0","0","0","0","0","4","2","0","2","4","2","0","2","0","0","0","0","0","0","0","0","0","0","0","0","0","0","0","0","0","0","0","0","0","0","0","0"
"00001067","운천역","00000007","매월16","20221003","3","4","7","4","3","4","7","4","0","0","0","0","0","0","0","0","0","0","2","0","0","0","2","0","0","0","0","0","0","0","0","0","0","2","6","2","0","2","6","2","0","0","0","0","0","0","0","0"
"00001067","운천역","00000010","송정19","20221003","12","8","9","8","11","6","8","6","0","0","0","0","1","2","1","2","2","1","1","1","2","1","1","1","0","0","0","0","0","0","0","0","3","3","3","3","2","3","3","3","0","0","0","0","1","0","0","0"
"00001067","운천역","00000040","대촌69","20221003","0","1","0","1","0","1","0","1","0","0","0","0","0","0","0","0","0","0","0","0","0","0","0","0","0","0","0","0","0","0","0","0","0","0","0","0","0","0","0","0","0","0","0","0","0","0","0","0"
"00001067","운천역","00000043","송암72","20221003","2","4","6","4","2","4","6","4","0","0","0","0","0","0","0","0","6","4","3","4","6","3","3","3","0","0","0","0","0","1","0","1","0","1","3","1","0","1","3","1","0","0","0","0","0","0","0","0"
"00001067","운천역","00000201","마을760","20221003","5","3","11","3","5","3","11","3","0","0","0","0","0","0","0","0","13","7","6","7","13","7","5","7","0","0","0","0","0","0","1","0","0","0","0","0","0","0","0","0","0","0","0","0","0","0","0","0"
"00001068","운천저수지","00000001","순환01(시청행)","20221003","0","0","1","0","0","0","1","0","0","0","0","0","0","0","0","0","11","12","5","12","11","12","5","12","0","0","0","0","0","0","0","0","0","0","0","0","0","0","0","0","0","0","0","0","0","0","0","0"
"00001068","운천저수지","00000011","첨단20","20221003","5","1","3","1","5","1","3","1","0","0","0","0","0","0","0","0","1","0","0","0","1","0","0","0","0","0","0","0","0","0","0","0","0","2","1","2","0","2","1","2","0","0","0","0","0","0","0","0"
"00001068","운천저수지","00000023","지원45","20221003","1","0","1","0","1","0","1","0","0","0","0","0","0","0","0","0","3","8","5","8","2","8","5","8","0","0","0","0","1","0","0","0","0","1","0","1","0","1","0","1","0","0","0","0","0","0","0","0"
"00001068","운천저수지","00000025","운림50","20221003","1","0","0","0","1","0","0","0","0","0","0","0","0","0","0","0","2","3","0","3","2","3","0","3","0","0","0","0","0","0","0","0","1","0","0","0","1","0","0","0","0","0","0","0","0","0","0","0"
"00001068","운천저수지","00000043","송암72","20221003","1","0","1","0","1","0","1","0","0","0","0","0","0","0","0","0","5","4","3","4","5","3","3","3","0","0","0","0","0","1","0","1","0","0","0","0","0","0","0","0","0","0","0","0","0","0","0","0"
"00001068","운천저수지","00000044","송암73","20221003","0","6","14","6","0","4","12","4","0","1","1","1","0","1","1","1","7","5","8","5","7","3","8","3","0","1","0","1","0","1","0","1","1","0","0","0","1","0","0","0","0","0","0","0","0","0","0","0"
"00001068","운천저수지","00000083","대촌270","20221003","0","0","0","0","0","0","0","0","0","0","0","0","0","0","0","0","0","1","0","1","0","1","0","1","0","0","0","0","0","0","0","0","0","0","0","0","0","0","0","0","0","0","0","0","0","0","0","0"
"00001068","운천저수지","00000095","금호46","20221003","3","5","3","5","2","5","3","5","0","0","0","0","1","0","0","0","6","0","3","0","6","0","3","0","0","0","0","0","0","0","0","0","0","0","0","0","0","0","0","0","0","0","0","0","0","0","0","0"
"00001068","운천저수지","00000201","마을760","20221003","2","2","0","2","2","2","0","2","0","0","0","0","0","0","0","0","6","2","7","2","5","2","6","2","0","0","0","0","1","0","1","0","1","0","1","0","1","0","1","0","0","0","0","0","0","0","0","0"
"00001069","운천저수지","00000011","첨단20","20221003","2","4","3","4","2","3","3","3","0","0","0","0","0","1","0","1","3","7","10","7","3","7","10","7","0","0","0","0","0","0","0","0","0","2","3","2","0","2","3","2","0","0","0","0","0","0","0","0"
"00001069","운천저수지","00000023","지원45","20221003","6","8","22","8","6","8","19","8","0","0","1","0","0","0","2","0","0","1","2","1","0","1","2","1","0","0","0","0","0","0","0","0","2","4","20","4","2","4","20","4","0","0","0","0","0","0","0","0"
"00001069","운천저수지","00000025","운림50","20221003","8","7","7","7","7","7","7","7","0","0","0","0","1","0","0","0","0","0","2","0","0","0","2","0","0","0","0","0","0","0","0","0","0","3","3","3","0","3","3","3","0","0","0","0","0","0","0","0"
"00001069","운천저수지","00000043","송암72","20221003","2","2","12","2","2","1","12","1","0","0","0","0","0","1","0","1","0","1","2","1","0","1","2","1","0","0","0","0","0","0","0","0","3","4","9","4","3","4","8","4","0","0","0","0","0","0","1","0"
"00001069","운천저수지","00000044","송암73","20221003","3","3","8","3","2","2","7","2","0","0","0","0","1","1","1","1","1","3","1","3","1","3","1","3","0","0","0","0","0","0","0","0","0","3","3","3","0","3","3","3","0","0","0","0","0","0","0","0"
"00001069","운천저수지","00000083","대촌270","20221003","1","0","0","0","1","0","0","0","0","0","0","0","0","0","0","0","0","0","0","0","0","0","0","0","0","0","0","0","0","0","0","0","0","0","3","0","0","0","3","0","0","0","0","0","0","0","0","0"
"00001069","운천저수지","00000095","금호46","20221003","1","2","1","2","1","2","1","2","0","0","0","0","0","0","0","0","2","0","0","0","2","0","0","0","0","0","0","0","0","0","0","0","0","2","3","2","0","2","3","2","0","0","0","0","0","0","0","0"
"00001069","운천저수지","00000112","순환01(운천저수지)","20221003","3","6","8","6","3","5","8","5","0","0","0","0","0","1","0","1","0","3","0","3","0","3","0","3","0","0","0","0","0","0","0","0","4","3","10","3","4","2","10","2","0","0","0","0","0","1","0","1"
"00001069","운천저수지","00000201","마을760","20221003","2","4","5","4","2","4","5","4","0","0","0","0","0","0","0","0","0","0","1","0","0","0","1","0","0","0","0","0","0","0","0","0","4","2","4","2","4","2","4","2","0","0","0","0","0","0","0","0"
"00001071","운천초교","00000007","매월16","20221003","4","2","5","2","4","0","5","0","0","2","0","2","0","0","0","0","1","1","1","1","1","1","1","1","0","0","0","0","0","0","0","0","0","0","0","0","0","0","0","0","0","0","0","0","0","0","0","0"
"00001071","운천초교","00000020","일곡38","20221003","9","11","7","11","9","9","6","9","0","0","1","0","0","2","0","2","0","0","0","0","0","0","0","0","0","0","0","0","0","0","0","0","0","0","0","0","0","0","0","0","0","0","0","0","0","0","0","0"
"00001071","운천초교","00000038","상무64","20221003","3","4","5","4","2","4","3","4","0","0","0","0","1","0","2","0","0","0","0","0","0","0","0","0","0","0","0","0","0","0","0","0","0","0","0","0","0","0","0","0","0","0","0","0","0","0","0","0"
"00001071","운천초교","00000086","518","20221003","1","3","1","3","1","0","1","0","0","1","0","1","0","2","0","2","0","0","0","0","0","0","0","0","0","0","0","0","0","0","0","0","0","0","0","0","0","0","0","0","0","0","0","0","0","0","0","0"
"00001071","운천초교","00000214","마을799","20221003","0","0","1","0","0","0","1","0","0","0","0","0","0","0","0","0","0","0","0","0","0","0","0","0","0","0","0","0","0","0","0","0","0","0","0","0","0","0","0","0","0","0","0","0","0","0","0","0"
"00001072","첨단라인8차아파트","00000014","봉선27","20221003","6","16","4","16","5","15","4","15","0","0","0","0","1","1","0","1","1","0","0","0","1","0","0","0","0","0","0","0","0","0","0","0","0","1","1","1","0","0","1","0","0","0","0","0","0","1","0","1"
"00001072","첨단라인8차아파트","00000062","첨단92","20221003","0","1","0","1","0","1","0","1","0","0","0","0","0","0","0","0","0","1","0","1","0","1","0","1","0","0","0","0","0","0","0","0","0","0","0","0","0","0","0","0","0","0","0","0","0","0","0","0"
"00001072","첨단라인8차아파트","00000079","첨단192","20221003","0","0","0","0","0","0","0","0","0","0","0","0","0","0","0","0","0","0","0","0","0","0","0","0","0","0","0","0","0","0","0","0","0","0","1","0","0","0","1","0","0","0","0","0","0","0","0","0"
"00001072","첨단라인8차아파트","00000092","첨단40","20221003","2","0","0","0","2","0","0","0","0","0","0","0","0","0","0","0","0","0","0","0","0","0","0","0","0","0","0","0","0","0","0","0","0","1","0","1","0","1","0","1","0","0","0","0","0","0","0","0"
"00001073","원광대한방병원","00000023","지원45","20221003","3","3","5","3","3","3","5","3","0","0","0","0","0","0","0","0","0","0","2","0","0","0","1","0","0","0","1","0","0","0","0","0","0","0","0","0","0","0","0","0","0","0","0","0","0","0","0","0"
"00001073","원광대한방병원","00000024","송암47","20221003","1","1","1","1","1","1","1","1","0","0","0","0","0","0","0","0","0","0","0","0","0","0","0","0","0","0","0","0","0","0","0","0","0","0","0","0","0","0","0","0","0","0","0","0","0","0","0","0"
"00001073","원광대한방병원","00000100","진월75","20221003","0","0","2","0","0","0","0","0","0","0","1","0","0","0","1","0","0","0","1","0","0","0","1","0","0","0","0","0","0","0","0","0","0","0","0","0","0","0","0","0","0","0","0","0","0","0","0","0"
"00001073","원광대한방병원","00000112","순환01(운천저수지)","20221003","1","3","3","3","1","3","3","3","0","0","0","0","0","0","0","0","1","1","1","1","1","1","1","1","0","0","0","0","0","0","0","0","0","0","0","0","0","0","0","0","0","0","0","0","0","0","0","0"
"00001075","원광대한방병원","00000001","순환01(시청행)","20221003","3","2","0","2","2","2","0","2","0","0","0","0","1","0","0","0","0","1","3","1","0","1","2","1","0","0","0","0","0","0","1","0","0","0","0","0","0","0","0","0","0","0","0","0","0","0","0","0"
"00001075","원광대한방병원","00000023","지원45","20221003","1","1","1","1","1","1","0","1","0","0","0","0","0","0","1","0","1","4","1","4","1","4","1","4","0","0","0","0","0","0","0","0","0","0","0","0","0","0","0","0","0","0","0","0","0","0","0","0"
"00001075","원광대한방병원","00000024","송암47","20221003","0","1","0","1","0","1","0","1","0","0","0","0","0","0","0","0","0","2","2","2","0","2","2","2","0","0","0","0","0","0","0","0","0","0","0","0","0","0","0","0","0","0","0","0","0","0","0","0"
"00001075","원광대한방병원","00000100","진월75","20221003","1","0","0","0","1","0","0","0","0","0","0","0","0","0","0","0","0","4","0","4","0","1","0","1","0","2","0","2","0","1","0","1","0","0","0","0","0","0","0","0","0","0","0","0","0","0","0","0"
"00001076","금당중","00000023","지원45","20221003","3","7","0","7","3","7","0","7","0","0","0","0","0","0","0","0","0","0","0","0","0","0","0","0","0","0","0","0","0","0","0","0","0","0","0","0","0","0","0","0","0","0","0","0","0","0","0","0"
"00001076","금당중","00000024","송암47","20221003","2","3","3","3","2","3","3","3","0","0","0","0","0","0","0","0","0","0","0","0","0","0","0","0","0","0","0","0","0","0","0","0","0","0","0","0","0","0","0","0","0","0","0","0","0","0","0","0"
"00001076","금당중","00000042","대촌71","20221003","0","1","0","1","0","1","0","1","0","0","0","0","0","0","0","0","0","0","0","0","0","0","0","0","0","0","0","0","0","0","0","0","0","0","0","0","0","0","0","0","0","0","0","0","0","0","0","0"
"00001076","금당중","00000049","진월78","20221003","0","0","0","0","0","0","0","0","0","0","0","0","0","0","0","0","0","0","0","0","0","0","0","0","0","0","0","0","0","0","0","0","0","0","0","0","0","0","0","0","0","0","0","0","0","0","0","0"
"00001076","금당중","00000100","진월75","20221003","2","0","0","0","2","0","0","0","0","0","0","0","0","0","0","0","0","0","1","0","0","0","0","0","0","0","1","0","0","0","0","0","0","0","0","0","0","0","0","0","0","0","0","0","0","0","0","0"
"00001077","금당중","00000023","지원45","20221003","0","1","0","1","0","1","0","1","0","0","0","0","0","0","0","0","0","1","0","1","0","1","0","1","0","0","0","0","0","0","0","0","0","0","0","0","0","0","0","0","0","0","0","0","0","0","0","0"
"00001077","금당중","00000024","송암47","20221003","0","1","0","1","0","1","0","1","0","0","0","0","0","0","0","0","0","0","0","0","0","0","0","0","0","0","0","0","0","0","0","0","0","0","0","0","0","0","0","0","0","0","0","0","0","0","0","0"
"00001077","금당중","00000100","진월75","20221003","0","0","1","0","0","0","1","0","0","0","0","0","0","0","0","0","0","0","0","0","0","0","0","0","0","0","0","0","0","0","0","0","0","0","0","0","0","0","0","0","0","0","0","0","0","0","0","0"
"00001079","산막","00000059","임곡89","20221003","2","0","1","0","2","0","1","0","0","0","0","0","0","0","0","0","0","0","0","0","0","0","0","0","0","0","0","0","0","0","0","0","0","0","0","0","0","0","0","0","0","0","0","0","0","0","0","0"
"00001080","평동역(서)","00000066","송정96","20221003","4","0","0","0","4","0","0","0","0","0","0","0","0","0","0","0","0","0","0","0","0","0","0","0","0","0","0","0","0","0","0","0","0","0","0","0","0","0","0","0","0","0","0","0","0","0","0","0"
"00001080","평동역(서)","00000093","송정97","20221003","1","0","0","0","1","0","0","0","0","0","0","0","0","0","0","0","0","0","0","0","0","0","0","0","0","0","0","0","0","0","0","0","0","0","0","0","0","0","0","0","0","0","0","0","0","0","0","0"
"00001080","평동역(서)","00000094","송정93","20221003","1","1","0","1","1","1","0","1","0","0","0","0","0","0","0","0","1","0","0","0","1","0","0","0","0","0","0","0","0","0","0","0","0","0","0","0","0","0","0","0","0","0","0","0","0","0","0","0"
"00001081","원지리","00000072","지원152(능주역)","20221003","0","0","0","0","0","0","0","0","0","0","0","0","0","0","0","0","0","0","0","0","0","0","0","0","0","0","0","0","0","0","0","0","0","0","0","0","0","0","0","0","0","0","0","0","0","0","0","0"
"00001082","무등산국립공원(원효사)","00000087","1187","20221003","0","0","1","0","0","0","1","0","0","0","0","0","0","0","0","0","1","1","1","1","1","1","1","1","0","0","0","0","0","0","0","0","0","0","0","0","0","0","0","0","0","0","0","0","0","0","0","0"
"00001082","무등산국립공원(원효사)","00000097","1187-1","20221003","4","23","13","23","4","23","13","23","0","0","0","0","0","0","0","0","0","2","0","2","0","2","0","2","0","0","0","0","0","0","0","0","0","0","0","0","0","0","0","0","0","0","0","0","0","0","0","0"
"00001083","무등산국립공원(원효사)","00000087","1187","20221003","0","14","0","14","0","14","0","14","0","0","0","0","0","0","0","0","3","4","0","4","3","4","0","4","0","0","0","0","0","0","0","0","0","0","0","0","0","0","0","0","0","0","0","0","0","0","0","0"
"00001084","월계중","00000005","첨단09","20221003","1","0","1","0","1","0","0","0","0","0","0","0","0","0","1","0","1","1","1","1","1","0","1","0","0","0","0","0","0","1","0","1","0","0","0","0","0","0","0","0","0","0","0","0","0","0","0","0"
"00001084","월계중","00000014","봉선27","20221003","1","1","0","1","1","1","0","1","0","0","0","0","0","0","0","0","0","0","2","0","0","0","2","0","0","0","0","0","0","0","0","0","0","0","2","0","0","0","1","0","0","0","1","0","0","0","0","0"
"00001084","월계중","00000062","첨단92","20221003","0","0","0","0","0","0","0","0","0","0","0","0","0","0","0","0","0","0","0","0","0","0","0","0","0","0","0","0","0","0","0","0","0","0","0","0","0","0","0","0","0","0","0","0","0","0","0","0"
"00001084","월계중","00000064","첨단94","20221003","0","3","2","3","0","1","2","1","0","0","0","0","0","2","0","2","0","0","0","0","0","0","0","0","0","0","0","0","0","0","0","0","0","0","0","0","0","0","0","0","0","0","0","0","0","0","0","0"
"00001085","장성월곡","00000079","첨단192","20221003","0","0","0","0","0","0","0","0","0","0","0","0","0","0","0","0","0","0","0","0","0","0","0","0","0","0","0","0","0","0","0","0","0","0","0","0","0","0","0","0","0","0","0","0","0","0","0","0"
"00001086","영천초교","00000009","문흥18","20221003","1","7","7","7","1","7","6","7","0","0","0","0","0","0","1","0","0","0","0","0","0","0","0","0","0","0","0","0","0","0","0","0","0","0","0","0","0","0","0","0","0","0","0","0","0","0","0","0"
"00001086","영천초교","00000016","송정29","20221003","2","0","4","0","2","0","4","0","0","0","0","0","0","0","0","0","0","0","1","0","0","0","1","0","0","0","0","0","0","0","0","0","0","0","0","0","0","0","0","0","0","0","0","0","0","0","0","0"
"00001086","영천초교","00000081","진곡196","20221003","1","3","0","3","1","3","0","3","0","0","0","0","0","0","0","0","0","1","0","1","0","1","0","1","0","0","0","0","0","0","0","0","0","0","0","0","0","0","0","0","0","0","0","0","0","0","0","0"
"00001086","영천초교","00000095","금호46","20221003","8","6","3","6","7","6","1","6","0","0","0","0","1","0","2","0","0","0","0","0","0","0","0","0","0","0","0","0","0","0","0","0","0","0","1","0","0","0","1","0","0","0","0","0","0","0","0","0"
"00001086","영천초교","00000096","일곡10","20221003","1","2","4","2","1","2","3","2","0","0","0","0","0","0","1","0","0","0","0","0","0","0","0","0","0","0","0","0","0","0","0","0","0","0","0","0","0","0","0","0","0","0","0","0","0","0","0","0"
"00001086","영천초교","00000127","상무62","20221003","1","1","0","1","1","1","0","1","0","0","0","0","0","0","0","0","0","0","0","0","0","0","0","0","0","0","0","0","0","0","0","0","0","0","0","0","0","0","0","0","0","0","0","0","0","0","0","0"
"00001086","영천초교","00000195","마을720","20221003","0","2","1","2","0","2","1","2","0","0","0","0","0","0","0","0","1","0","0","0","1","0","0","0","0","0","0","0","0","0","0","0","0","2","0","2","0","2","0","2","0","0","0","0","0","0","0","0"
"00001087","월곡2동행정복지센터","00000036","상무62(상무역행)","20221003","0","0","0","0","0","0","0","0","0","0","0","0","0","0","0","0","0","0","0","0","0","0","0","0","0","0","0","0","0","0","0","0","0","0","0","0","0","0","0","0","0","0","0","0","0","0","0","0"
"00001087","월곡2동행정복지센터","00000096","일곡10","20221003","0","0","0","0","0","0","0","0","0","0","0","0","0","0","0","0","0","0","0","0","0","0","0","0","0","0","0","0","0","0","0","0","0","0","0","0","0","0","0","0","0","0","0","0","0","0","0","0"
"00001088","월곡2동행정복지센터","00000096","일곡10","20221003","1","1","3","1","1","1","3","1","0","0","0","0","0","0","0","0","0","1","0","1","0","1","0","1","0","0","0","0","0","0","0","0","0","0","0","0","0","0","0","0","0","0","0","0","0","0","0","0"
"00001088","월곡2동행정복지센터","00000127","상무62","20221003","1","1","0","1","1","1","0","1","0","0","0","0","0","0","0","0","0","0","0","0","0","0","0","0","0","0","0","0","0","0","0","0","0","0","0","0","0","0","0","0","0","0","0","0","0","0","0","0"
"00001089","월곡일신아파트","00000009","문흥18","20221003","17","19","18","19","17","17","16","17","0","1","0","1","0","1","2","1","1","8","4","8","1","6","4","6","0","0","0","0","0","2","0","2","6","7","6","7","5","7","6","7","0","0","0","0","1","0","0","0"
"00001089","월곡일신아파트","00000011","첨단20","20221003","2","5","6","5","2","4","5","4","0","0","1","0","0","1","0","1","3","3","7","3","3","3","6","3","0","0","1","0","0","0","0","0","3","0","1","0","3","0","1","0","0","0","0","0","0","0","0","0"
"00001089","월곡일신아파트","00000016","송정29","20221003","6","11","10","11","6","8","9","8","0","0","1","0","0","3","0","3","2","4","6","4","2","4","5","4","0","0","0","0","0","0","1","0","5","2","2","2","5","2","2","2","0","0","0","0","0","0","0","0"
"00001089","월곡일신아파트","00000019","봉선37","20221003","20","13","8","13","20","12","7","12","0","0","0","0","0","1","1","1","2","10","12","10","1","9","10","9","0","0","0","0","1","1","2","1","1","2","3","2","1","2","3","2","0","0","0","0","0","0","0","0"
"00001089","월곡일신아파트","00000068","송정98","20221003","14","38","12","38","14","35","11","35","0","1","0","1","0","2","1","2","1","6","2","6","1","6","2","6","0","0","0","0","0","0","0","0","0","3","1","3","0","2","1","2","0","0","0","0","0","1","0","1"
"00001089","월곡일신아파트","00000081","진곡196","20221003","8","6","1","6","8","4","1","4","0","0","0","0","0","2","0","2","2","1","1","1","2","1","1","1","0","0","0","0","0","0","0","0","1","3","0","3","1","3","0","3","0","0","0","0","0","0","0","0"
"00001089","월곡일신아파트","00000092","첨단40","20221003","2","0","0","0","1","0","0","0","0","0","0","0","1","0","0","0","1","0","0","0","1","0","0","0","0","0","0","0","0","0","0","0","0","0","0","0","0","0","0","0","0","0","0","0","0","0","0","0"
"00001089","월곡일신아파트","00000095","금호46","20221003","11","16","7","16","10","10","6","10","0","1","0","1","1","5","1","5","1","0","0","0","1","0","0","0","0","0","0","0","0","0","0","0","1","5","7","5","1","4","6","4","0","0","0","0","0","1","1","1"
"00001089","월곡일신아파트","00000195","마을720","20221003","3","1","3","1","3","1","3","1","0","0","0","0","0","0","0","0","0","1","3","1","0","1","3","1","0","0","0","0","0","0","0","0","5","3","0","3","5","3","0","3","0","0","0","0","0","0","0","0"
"00001089","월곡일신아파트","00000203","마을700","20221003","5","8","0","8","5","5","0","5","0","0","0","0","0","3","0","3","0","5","1","5","0","5","1","5","0","0","0","0","0","0","0","0","1","0","1","0","1","0","1","0","0","0","0","0","0","0","0","0"
"00001090","월곡일신아파트","00000009","문흥18","20221003","4","3","5","3","4","1","5","1","0","0","0","0","0","2","0","2","4","2","3","2","4","2","3","2","0","0","0","0","0","0","0","0","1","1","2","1","1","1","2","1","0","0","0","0","0","0","0","0"
"00001090","월곡일신아파트","00000011","첨단20","20221003","8","10","7","10","7","10","5","10","0","0","1","0","1","0","1","0","2","0","1","0","2","0","1","0","0","0","0","0","0","0","0","0","3","6","4","6","3","6","4","6","0","0","0","0","0","0","0","0"
"00001090","월곡일신아파트","00000016","송정29","20221003","14","6","11","6","14","6","10","6","0","0","0","0","0","0","1","0","2","4","4","4","2","4","4","4","0","0","0","0","0","0","0","0","2","4","3","4","2","4","2","4","0","0","0","0","0","0","1","0"
"00001090","월곡일신아파트","00000019","봉선37","20221003","4","10","13","10","4","10","13","10","0","0","0","0","0","0","0","0","1","2","1","2","1","2","1","2","0","0","0","0","0","0","0","0","1","2","6","2","1","2","6","2","0","0","0","0","0","0","0","0"
"00001090","월곡일신아파트","00000068","송정98","20221003","6","10","7","10","6","7","6","7","0","1","0","1","0","2","1","2","4","0","6","0","4","0","5","0","0","0","1","0","0","0","0","0","1","2","3","2","1","1","3","1","0","0","0","0","0","1","0","1"
"00001090","월곡일신아파트","00000081","진곡196","20221003","12","6","4","6","11","5","3","5","0","0","0","0","1","1","1","1","0","0","0","0","0","0","0","0","0","0","0","0","0","0","0","0","0","3","2","3","0","3","2","3","0","0","0","0","0","0","0","0"
"00001090","월곡일신아파트","00000092","첨단40","20221003","1","4","2","4","1","4","2","4","0","0","0","0","0","0","0","0","1","2","0","2","1","2","0","2","0","0","0","0","0","0","0","0","1","0","0","0","1","0","0","0","0","0","0","0","0","0","0","0"
"00001090","월곡일신아파트","00000095","금호46","20221003","11","8","6","8","11","8","5","8","0","0","0","0","0","0","1","0","1","2","3","2","1","1","3","1","0","0","0","0","0","1","0","1","0","2","2","2","0","2","2","2","0","0","0","0","0","0","0","0"
"00001090","월곡일신아파트","00000195","마을720","20221003","8","3","4","3","7","3","4","3","0","0","0","0","1","0","0","0","2","1","3","1","2","1","3","1","0","0","0","0","0","0","0","0","4","1","2","1","4","0","2","0","0","0","0","0","0","1","0","1"
"00001090","월곡일신아파트","00000203","마을700","20221003","4","1","1","1","4","1","1","1","0","0","0","0","0","0","0","0","1","1","6","1","1","1","6","1","0","0","0","0","0","0","0","0","1","1","1","1","1","1","0","1","0","0","0","0","0","0","1","0"
"00001091","월곡시장","00000009","문흥18","20221003","12","9","17","9","12","9","16","9","0","0","1","0","0","0","0","0","1","2","0","2","1","2","0","2","0","0","0","0","0","0","0","0","0","3","3","3","0","3","3","3","0","0","0","0","0","0","0","0"
"00001091","월곡시장","00000011","첨단20","20221003","5","4","6","4","5","4","5","4","0","0","1","0","0","0","0","0","1","2","0","2","1","2","0","2","0","0","0","0","0","0","0","0","0","0","2","0","0","0","2","0","0","0","0","0","0","0","0","0"
"00001091","월곡시장","00000016","송정29","20221003","10","9","10","9","10","9","10","9","0","0","0","0","0","0","0","0","0","3","1","3","0","3","1","3","0","0","0","0","0","0","0","0","0","2","5","2","0","2","5","2","0","0","0","0","0","0","0","0"
"00001091","월곡시장","00000019","봉선37","20221003","4","11","9","11","4","10","9","10","0","0","0","0","0","1","0","1","3","1","8","1","3","1","8","1","0","0","0","0","0","0","0","0","2","2","1","2","1","2","1","2","0","0","0","0","1","0","0","0"
"00001091","월곡시장","00000068","송정98","20221003","5","17","10","17","5","14","8","14","0","0","0","0","0","3","2","3","2","7","4","7","1","7","4","7","0","0","0","0","1","0","0","0","1","2","3","2","1","2","3","2","0","0","0","0","0","0","0","0"
"00001091","월곡시장","00000081","진곡196","20221003","1","3","3","3","1","3","3","3","0","0","0","0","0","0","0","0","2","0","1","0","2","0","0","0","0","0","0","0","0","0","1","0","0","3","0","3","0","3","0","3","0","0","0","0","0","0","0","0"
"00001091","월곡시장","00000092","첨단40","20221003","0","0","10","0","0","0","8","0","0","0","2","0","0","0","0","0","0","0","2","0","0","0","2","0","0","0","0","0","0","0","0","0","1","0","0","0","1","0","0","0","0","0","0","0","0","0","0","0"
"00001091","월곡시장","00000095","금호46","20221003","3","5","9","5","3","4","8","4","0","0","0","0","0","1","1","1","0","3","0","3","0","3","0","3","0","0","0","0","0","0","0","0","0","2","2","2","0","2","2","2","0","0","0","0","0","0","0","0"
"00001091","월곡시장","00000195","마을720","20221003","1","4","5","4","1","4","5","4","0","0","0","0","0","0","0","0","0","0","0","0","0","0","0","0","0","0","0","0","0","0","0","0","2","2","2","2","2","2","1","2","0","0","0","0","0","0","1","0"
"00001091","월곡시장","00000203","마을700","20221003","4","4","2","4","4","4","2","4","0","0","0","0","0","0","0","0","0","0","3","0","0","0","2","0","0","0","0","0","0","0","1","0","0","0","0","0","0","0","0","0","0","0","0","0","0","0","0","0"
"00001092","월곡시장","00000009","문흥18","20221003","4","2","5","2","4","2","5","2","0","0","0","0","0","0","0","0","4","6","5","6","4","6","5","6","0","0","0","0","0","0","0","0","1","1","3","1","1","1","3","1","0","0","0","0","0","0","0","0"
"00001092","월곡시장","00000011","첨단20","20221003","5","8","8","8","5","8","8","8","0","0","0","0","0","0","0","0","3","4","6","4","3","4","6","4","0","0","0","0","0","0","0","0","2","0","2","0","2","0","2","0","0","0","0","0","0","0","0","0"
"00001092","월곡시장","00000016","송정29","20221003","8","4","13","4","8","4","13","4","0","0","0","0","0","0","0","0","5","1","3","1","5","0","2","0","0","0","0","0","0","1","1","1","5","2","3","2","5","2","3","2","0","0","0","0","0","0","0","0"
"00001092","월곡시장","00000019","봉선37","20221003","3","2","21","2","3","1","17","1","0","1","1","1","0","0","3","0","2","6","8","6","2","5","7","5","0","0","0","0","0","1","1","1","2","0","5","0","2","0","4","0","0","0","1","0","0","0","0","0"
"00001092","월곡시장","00000068","송정98","20221003","8","8","4","8","7","7","4","7","0","0","0","0","1","1","0","1","0","2","6","2","0","2","5","2","0","0","1","0","0","0","0","0","0","2","1","2","0","2","1","2","0","0","0","0","0","0","0","0"
"00001092","월곡시장","00000081","진곡196","20221003","4","5","1","5","4","5","1","5","0","0","0","0","0","0","0","0","2","0","0","0","2","0","0","0","0","0","0","0","0","0","0","0","2","0","1","0","2","0","1","0","0","0","0","0","0","0","0","0"
"00001092","월곡시장","00000092","첨단40","20221003","0","1","4","1","0","1","4","1","0","0","0","0","0","0","0","0","1","1","1","1","1","1","1","1","0","0","0","0","0","0","0","0","1","0","1","0","1","0","1","0","0","0","0","0","0","0","0","0"
"00001092","월곡시장","00000095","금호46","20221003","1","7","3","7","1","7","3","7","0","0","0","0","0","0","0","0","1","1","5","1","1","1","5","1","0","0","0","0","0","0","0","0","2","0","1","0","2","0","1","0","0","0","0","0","0","0","0","0"
"00001092","월곡시장","00000195","마을720","20221003","4","7","1","7","4","6","1","6","0","0","0","0","0","1","0","1","0","7","1","7","0","7","1","7","0","0","0","0","0","0","0","0","1","0","1","0","1","0","1","0","0","0","0","0","0","0","0","0"
"00001092","월곡시장","00000203","마을700","20221003","3","8","9","8","3","8","9","8","0","0","0","0","0","0","0","0","1","0","2","0","1","0","2","0","0","0","0","0","0","0","0","0","1","2","3","2","1","2","3","2","0","0","0","0","0","0","0","0"
"00001094","월드컵경기장","00000003","매월06","20221003","8","26","33","26","8","21","25","21","0","0","0","0","0","5","8","5","0","2","3","2","0","2","3","2","0","0","0","0","0","0","0","0","1","1","2","1","1","1","1","1","0","0","0","0","0","0","1","0"
"00001094","월드컵경기장","00000007","매월16","20221003","7","6","13","6","7","6","13","6","0","0","0","0","0","0","0","0","0","0","0","0","0","0","0","0","0","0","0","0","0","0","0","0","0","0","0","0","0","0","0","0","0","0","0","0","0","0","0","0"
"00001094","월드컵경기장","00000011","첨단20","20221003","0","5","11","5","0","5","8","5","0","0","0","0","0","0","3","0","0","0","0","0","0","0","0","0","0","0","0","0","0","0","0","0","3","2","1","2","3","1","1","1","0","0","0","0","0","1","0","1"
"00001094","월드컵경기장","00000013","매월26","20221003","11","18","19","18","9","18","16","18","0","0","3","0","2","0","0","0","0","1","0","1","0","1","0","1","0","0","0","0","0","0","0","0","0","2","0","2","0","2","0","2","0","0","0","0","0","0","0","0"
"00001094","월드컵경기장","00000091","송암74","20221003","0","5","5","5","0","5","5","5","0","0","0","0","0","0","0","0","0","1","3","1","0","1","3","1","0","0","0","0","0","0","0","0","0","0","2","0","0","0","2","0","0","0","0","0","0","0","0","0"
"00001095","월드컵경기장","00000003","매월06","20221003","3","11","2","11","3","11","2","11","0","0","0","0","0","0","0","0","0","5","5","5","0","5","5","5","0","0","0","0","0","0","0","0","3","0","0","0","3","0","0","0","0","0","0","0","0","0","0","0"
"00001095","월드컵경기장","00000007","매월16","20221003","2","7","5","7","2","6","4","6","0","1","0","1","0","0","1","0","1","2","1","2","1","2","0","2","0","0","0","0","0","0","1","0","0","0","0","0","0","0","0","0","0","0","0","0","0","0","0","0"
"00001095","월드컵경기장","00000011","첨단20","20221003","1","0","0","0","1","0","0","0","0","0","0","0","0","0","0","0","2","2","2","2","2","2","2","2","0","0","0","0","0","0","0","0","0","0","0","0","0","0","0","0","0","0","0","0","0","0","0","0"
"00001095","월드컵경기장","00000013","매월26","20221003","5","5","10","5","5","4","7","4","0","0","0","0","0","1","3","1","0","7","1","7","0","7","1","7","0","0","0","0","0","0","0","0","0","0","0","0","0","0","0","0","0","0","0","0","0","0","0","0"
"00001095","월드컵경기장","00000091","송암74","20221003","1","5","5","5","1","5","4","5","0","0","1","0","0","0","0","0","0","0","3","0","0","0","3","0","0","0","0","0","0","0","0","0","0","0","0","0","0","0","0","0","0","0","0","0","0","0","0","0"
"00001096","월봉서원입구","00000059","임곡89","20221003","0","0","0","0","0","0","0","0","0","0","0","0","0","0","0","0","0","0","0","0","0","0","0","0","0","0","0","0","0","0","0","0","0","0","0","0","0","0","0","0","0","0","0","0","0","0","0","0"
"00001097","월산(석곡)","00000058","석곡87","20221003","0","2","0","2","0","2","0","2","0","0","0","0","0","0","0","0","0","0","0","0","0","0","0","0","0","0","0","0","0","0","0","0","0","0","0","0","0","0","0","0","0","0","0","0","0","0","0","0"
"00001098","월산(석곡)","00000058","석곡87","20221003","0","1","0","1","0","1","0","1","0","0","0","0","0","0","0","0","0","0","0","0","0","0","0","0","0","0","0","0","0","0","0","0","0","0","0","0","0","0","0","0","0","0","0","0","0","0","0","0"
"00001099","월산(삼각동)","00000015","일곡28","20221003","1","0","0","0","1","0","0","0","0","0","0","0","0","0","0","0","0","0","3","0","0","0","3","0","0","0","0","0","0","0","0","0","0","0","0","0","0","0","0","0","0","0","0","0","0","0","0","0"
"00001099","월산(삼각동)","00000077","용전184","20221003","2","1","3","1","2","0","2","0","0","0","0","0","0","1","1","1","0","0","0","0","0","0","0","0","0","0","0","0","0","0","0","0","0","0","0","0","0","0","0","0","0","0","0","0","0","0","0","0"
"00001101","월산4동","00000012","지원25","20221003","4","7","6","7","4","7","6","7","0","0","0","0","0","0","0","0","1","0","2","0","1","0","1","0","0","0","1","0","0","0","0","0","0","0","1","0","0","0","1","0","0","0","0","0","0","0","0","0"
"00001101","월산4동","00000044","송암73","20221003","9","3","3","3","9","1","3","1","0","0","0","0","0","2","0","2","2","3","2","3","2","3","2","3","0","0","0","0","0","0","0","0","0","3","2","3","0","2","2","2","0","0","0","0","0","1","0","1"
"00001101","월산4동","00000102","수완12","20221003","7","4","8","4","7","4","8","4","0","0","0","0","0","0","0","0","0","1","0","1","0","1","0","1","0","0","0","0","0","0","0","0","1","0","0","0","1","0","0","0","0","0","0","0","0","0","0","0"
"00001101","월산4동","00000119","지원56","20221003","2","4","1","4","2","4","1","4","0","0","0","0","0","0","0","0","0","2","1","2","0","2","1","2","0","0","0","0","0","0","0","0","0","0","1","0","0","0","1","0","0","0","0","0","0","0","0","0"
"00001102","월산4동","00000012","지원25","20221003","5","6","5","6","5","6","4","6","0","0","1","0","0","0","0","0","1","1","6","1","1","1","6","1","0","0","0","0","0","0","0","0","0","2","0","2","0","2","0","2","0","0","0","0","0","0","0","0"
"00001102","월산4동","00000044","송암73","20221003","1","7","2","7","1","6","2","6","0","0","0","0","0","1","0","1","1","3","3","3","1","3","3","3","0","0","0","0","0","0","0","0","0","0","1","0","0","0","1","0","0","0","0","0","0","0","0","0"
"00001102","월산4동","00000102","수완12","20221003","3","6","6","6","3","5","5","5","0","0","0","0","0","1","1","1","1","1","5","1","1","1","5","1","0","0","0","0","0","0","0","0","0","0","2","0","0","0","2","0","0","0","0","0","0","0","0","0"
"00001102","월산4동","00000119","지원56","20221003","2","2","4","2","2","2","2","2","0","0","0","0","0","0","2","0","2","0","0","0","2","0","0","0","0","0","0","0","0","0","0","0","0","0","0","0","0","0","0","0","0","0","0","0","0","0","0","0"
"00001103","월산5동","00000003","매월06","20221003","6","10","8","10","5","10","6","10","0","0","1","0","1","0","1","0","3","3","5","3","3","3","5","3","0","0","0","0","0","0","0","0","0","4","2","4","0","4","1","4","0","0","1","0","0","0","0","0"
"00001103","월산5동","00000012","지원25","20221003","4","4","4","4","4","4","4","4","0","0","0","0","0","0","0","0","3","1","4","1","3","1","4","1","0","0","0","0","0","0","0","0","0","0","2","0","0","0","2","0","0","0","0","0","0","0","0","0"
"00001103","월산5동","00000044","송암73","20221003","1","7","3","7","1","7","3","7","0","0","0","0","0","0","0","0","1","2","1","2","1","2","1","2","0","0","0","0","0","0","0","0","0","1","0","1","0","1","0","1","0","0","0","0","0","0","0","0"
"00001103","월산5동","00000101","송암31","20221003","2","1","0","1","2","1","0","1","0","0","0","0","0","0","0","0","0","1","0","1","0","1","0","1","0","0","0","0","0","0","0","0","0","2","0","2","0","2","0","2","0","0","0","0","0","0","0","0"
"00001103","월산5동","00000102","수완12","20221003","4","5","4","5","4","5","3","5","0","0","0","0","0","0","1","0","0","3","2","3","0","2","1","2","0","0","1","0","0","1","0","1","0","2","1","2","0","2","1","2","0","0","0","0","0","0","0","0"
"00001103","월산5동","00000119","지원56","20221003","4","1","0","1","4","1","0","1","0","0","0","0","0","0","0","0","0","0","3","0","0","0","3","0","0","0","0","0","0","0","0","0","0","0","2","0","0","0","2","0","0","0","0","0","0","0","0","0"
"00001104","월산5동","00000003","매월06","20221003","10","20","16","20","10","19","16","19","0","0","0","0","0","1","0","1","3","3","3","3","3","3","3","3","0","0","0","0","0","0","0","0","0","1","0","1","0","1","0","1","0","0","0","0","0","0","0","0"
"00001104","월산5동","00000012","지원25","20221003","6","3","4","3","6","3","4","3","0","0","0","0","0","0","0","0","1","1","4","1","1","1","4","1","0","0","0","0","0","0","0","0","0","0","3","0","0","0","2","0","0","0","1","0","0","0","0","0"
"00001104","월산5동","00000044","송암73","20221003","5","2","3","2","4","2","3","2","0","0","0","0","1","0","0","0","2","1","2","1","2","1","2","1","0","0","0","0","0","0","0","0","2","1","4","1","2","1","4","1","0","0","0","0","0","0","0","0"
"00001104","월산5동","00000101","송암31","20221003","2","0","0","0","2","0","0","0","0","0","0","0","0","0","0","0","1","1","0","1","1","1","0","1","0","0","0","0","0","0","0","0","1","1","1","1","1","1","1","1","0","0","0","0","0","0","0","0"
"00001104","월산5동","00000102","수완12","20221003","6","10","4","10","6","10","4","10","0","0","0","0","0","0","0","0","1","1","4","1","1","1","3","1","0","0","1","0","0","0","0","0","1","1","2","1","1","1","2","1","0","0","0","0","0","0","0","0"
"00001104","월산5동","00000119","지원56","20221003","2","2","2","2","2","2","2","2","0","0","0","0","0","0","0","0","1","4","0","4","0","4","0","4","0","0","0","0","1","0","0","0","1","0","0","0","1","0","0","0","0","0","0","0","0","0","0","0"
"00001105","월산마을","00000003","매월06","20221003","14","9","16","9","14","9","15","9","0","0","0","0","0","0","1","0","5","4","2","4","5","4","2","4","0","0","0","0","0","0","0","0","1","1","4","1","1","1","4","1","0","0","0","0","0","0","0","0"
"00001105","월산마을","00000025","운림50","20221003","3","9","1","9","3","9","1","9","0","0","0","0","0","0","0","0","1","3","5","3","1","3","5","3","0","0","0","0","0","0","0","0","0","0","1","0","0","0","1","0","0","0","0","0","0","0","0","0"
"00001105","월산마을","00000048","진월77","20221003","3","1","1","1","3","1","1","1","0","0","0","0","0","0","0","0","1","0","1","0","1","0","1","0","0","0","0","0","0","0","0","0","1","0","0","0","1","0","0","0","0","0","0","0","0","0","0","0"
"00001105","월산마을","00000101","송암31","20221003","6","3","3","3","5","3","2","3","0","0","1","0","1","0","0","0","2","1","2","1","2","0","2","0","0","0","0","0","0","1","0","1","0","1","0","1","0","1","0","1","0","0","0","0","0","0","0","0"
"00001106","월산마을","00000003","매월06","20221003","10","21","11","21","10","19","9","19","0","0","0","0","0","2","2","2","1","5","5","5","1","5","4","5","0","0","1","0","0","0","0","0","0","0","1","0","0","0","1","0","0","0","0","0","0","0","0","0"
"00001106","월산마을","00000025","운림50","20221003","3","10","3","10","3","6","3","6","0","2","0","2","0","2","0","2","0","0","1","0","0","0","1","0","0","0","0","0","0","0","0","0","0","1","0","1","0","1","0","1","0","0","0","0","0","0","0","0"
"00001106","월산마을","00000048","진월77","20221003","1","2","2","2","1","1","1","1","0","0","0","0","0","1","1","1","0","0","0","0","0","0","0","0","0","0","0","0","0","0","0","0","0","0","0","0","0","0","0","0","0","0","0","0","0","0","0","0"
"00001106","월산마을","00000101","송암31","20221003","4","2","6","2","3","2","6","2","0","0","0","0","1","0","0","0","0","0","0","0","0","0","0","0","0","0","0","0","0","0","0","0","0","0","0","0","0","0","0","0","0","0","0","0","0","0","0","0"
"00001107","월산(삼각동)","00000015","일곡28","20221003","8","3","12","3","8","3","12","3","0","0","0","0","0","0","0","0","0","0","0","0","0","0","0","0","0","0","0","0","0","0","0","0","0","0","0","0","0","0","0","0","0","0","0","0","0","0","0","0"
"00001107","월산(삼각동)","00000077","용전184","20221003","0","0","0","0","0","0","0","0","0","0","0","0","0","0","0","0","0","1","0","1","0","1","0","1","0","0","0","0","0","0","0","0","0","0","0","0","0","0","0","0","0","0","0","0","0","0","0","0"
"00001108","월산마을입구","00000101","송암31","20221003","0","0","0","0","0","0","0","0","0","0","0","0","0","0","0","0","0","1","0","1","0","1","0","1","0","0","0","0","0","0","0","0","0","0","0","0","0","0","0","0","0","0","0","0","0","0","0","0"
"00001109","월산마을입구","00000101","송암31","20221003","0","0","3","0","0","0","3","0","0","0","0","0","0","0","0","0","0","2","1","2","0","2","1","2","0","0","0","0","0","0","0","0","0","0","0","0","0","0","0","0","0","0","0","0","0","0","0","0"
"00001110","용호(북구)","00000058","석곡87","20221003","2","0","0","0","2","0","0","0","0","0","0","0","0","0","0","0","0","0","0","0","0","0","0","0","0","0","0","0","0","0","0","0","0","0","0","0","0","0","0","0","0","0","0","0","0","0","0","0"
"00001110","용호(북구)","00000076","두암181","20221003","0","0","1","0","0","0","1","0","0","0","0","0","0","0","0","0","0","0","0","0","0","0","0","0","0","0","0","0","0","0","0","0","0","0","0","0","0","0","0","0","0","0","0","0","0","0","0","0"
"00001110","용호(북구)","00000086","518","20221003","0","0","1","0","0","0","1","0","0","0","0","0","0","0","0","0","0","0","0","0","0","0","0","0","0","0","0","0","0","0","0","0","0","0","0","0","0","0","0","0","0","0","0","0","0","0","0","0"
"00001111","용호(북구)","00000058","석곡87","20221003","0","0","0","0","0","0","0","0","0","0","0","0","0","0","0","0","0","0","0","0","0","0","0","0","0","0","0","0","0","0","0","0","0","0","0","0","0","0","0","0","0","0","0","0","0","0","0","0"
"00001111","용호(북구)","00000076","두암181","20221003","0","0","0","0","0","0","0","0","0","0","0","0","0","0","0","0","1","0","0","0","1","0","0","0","0","0","0","0","0","0","0","0","0","0","0","0","0","0","0","0","0","0","0","0","0","0","0","0"
"00001111","용호(북구)","00000086","518","20221003","0","0","0","0","0","0","0","0","0","0","0","0","0","0","0","0","1","0","0","0","1","0","0","0","0","0","0","0","0","0","0","0","0","0","0","0","0","0","0","0","0","0","0","0","0","0","0","0"
"00001112","월산초교","00000050","진월79","20221003","0","0","0","0","0","0","0","0","0","0","0","0","0","0","0","0","1","1","2","1","1","1","2","1","0","0","0","0","0","0","0","0","0","0","0","0","0","0","0","0","0","0","0","0","0","0","0","0"
"00001112","월산초교","00000091","송암74","20221003","1","1","0","1","1","1","0","1","0","0","0","0","0","0","0","0","1","2","0","2","1","2","0","2","0","0","0","0","0","0","0","0","0","0","0","0","0","0","0","0","0","0","0","0","0","0","0","0"
"00001112","월산초교","00000111","송암68","20221003","4","0","2","0","4","0","2","0","0","0","0","0","0","0","0","0","0","0","1","0","0","0","1","0","0","0","0","0","0","0","0","0","0","0","0","0","0","0","0","0","0","0","0","0","0","0","0","0"
"00001113","월산초교","00000050","진월79","20221003","1","1","0","1","1","1","0","1","0","0","0","0","0","0","0","0","0","0","0","0","0","0","0","0","0","0","0","0","0","0","0","0","0","0","0","0","0","0","0","0","0","0","0","0","0","0","0","0"
"00001113","월산초교","00000091","송암74","20221003","1","0","0","0","1","0","0","0","0","0","0","0","0","0","0","0","1","0","0","0","1","0","0","0","0","0","0","0","0","0","0","0","0","0","0","0","0","0","0","0","0","0","0","0","0","0","0","0"
"00001113","월산초교","00000111","송암68","20221003","0","1","1","1","0","1","1","1","0","0","0","0","0","0","0","0","0","0","1","0","0","0","1","0","0","0","0","0","0","0","0","0","0","0","0","0","0","0","0","0","0","0","0","0","0","0","0","0"
"00001114","월암","00000010","송정19","20221003","0","0","0","0","0","0","0","0","0","0","0","0","0","0","0","0","0","0","0","0","0","0","0","0","0","0","0","0","0","0","0","0","0","0","0","0","0","0","0","0","0","0","0","0","0","0","0","0"
"00001114","월암","00000011","첨단20","20221003","1","0","3","0","1","0","3","0","0","0","0","0","0","0","0","0","0","0","0","0","0","0","0","0","0","0","0","0","0","0","0","0","0","0","0","0","0","0","0","0","0","0","0","0","0","0","0","0"
"00001114","월암","00000020","일곡38","20221003","0","0","1","0","0","0","1","0","0","0","0","0","0","0","0","0","0","0","0","0","0","0","0","0","0","0","0","0","0","0","0","0","0","0","0","0","0","0","0","0","0","0","0","0","0","0","0","0"
"00001114","월암","00000025","운림50","20221003","0","0","1","0","0","0","1","0","0","0","0","0","0","0","0","0","0","0","1","0","0","0","1","0","0","0","0","0","0","0","0","0","0","0","0","0","0","0","0","0","0","0","0","0","0","0","0","0"
"00001114","월암","00000038","상무64","20221003","0","0","1","0","0","0","1","0","0","0","0","0","0","0","0","0","0","0","1","0","0","0","1","0","0","0","0","0","0","0","0","0","0","0","0","0","0","0","0","0","0","0","0","0","0","0","0","0"
"00001114","월암","00000040","대촌69","20221003","0","0","0","0","0","0","0","0","0","0","0","0","0","0","0","0","1","1","0","1","1","0","0","0","0","0","0","0","0","1","0","1","0","0","0","0","0","0","0","0","0","0","0","0","0","0","0","0"
"00001114","월암","00000044","송암73","20221003","0","0","2","0","0","0","2","0","0","0","0","0","0","0","0","0","0","1","0","1","0","1","0","1","0","0","0","0","0","0","0","0","0","0","0","0","0","0","0","0","0","0","0","0","0","0","0","0"
"00001114","월암","00000083","대촌270","20221003","0","0","0","0","0","0","0","0","0","0","0","0","0","0","0","0","0","0","0","0","0","0","0","0","0","0","0","0","0","0","0","0","0","0","0","0","0","0","0","0","0","0","0","0","0","0","0","0"
"00001116","월정","00000080","첨단193","20221003","0","0","0","0","0","0","0","0","0","0","0","0","0","0","0","0","0","0","0","0","0","0","0","0","0","0","0","0","0","0","0","0","0","0","0","0","0","0","0","0","0","0","0","0","0","0","0","0"
"00001119","일곡현대3차아파트","00000015","일곡28","20221003","9","11","7","11","9","11","6","11","0","0","0","0","0","0","1","0","0","0","0","0","0","0","0","0","0","0","0","0","0","0","0","0","0","0","0","0","0","0","0","0","0","0","0","0","0","0","0","0"
"00001119","일곡현대3차아파트","00000077","용전184","20221003","0","1","0","1","0","1","0","1","0","0","0","0","0","0","0","0","0","0","0","0","0","0","0","0","0","0","0","0","0","0","0","0","0","0","0","0","0","0","0","0","0","0","0","0","0","0","0","0"
"00001120","유격훈련장","00000015","일곡28","20221003","0","0","0","0","0","0","0","0","0","0","0","0","0","0","0","0","2","0","2","0","2","0","2","0","0","0","0","0","0","0","0","0","0","0","0","0","0","0","0","0","0","0","0","0","0","0","0","0"
"00001120","유격훈련장","00000077","용전184","20221003","0","1","0","1","0","1","0","1","0","0","0","0","0","0","0","0","0","0","0","0","0","0","0","0","0","0","0","0","0","0","0","0","0","0","0","0","0","0","0","0","0","0","0","0","0","0","0","0"
"00001121","유덕초교","00000005","첨단09","20221003","8","8","8","8","8","5","7","5","0","2","1","2","0","1","0","1","3","5","19","5","3","4","18","4","0","1","0","1","0","0","1","0","5","8","2","8","4","8","2","8","0","0","0","0","1","0","0","0"
"00001121","유덕초교","00000036","상무62(상무역행)","20221003","0","0","1","0","0","0","0","0","0","0","0","0","0","0","1","0","1","0","0","0","1","0","0","0","0","0","0","0","0","0","0","0","0","0","0","0","0","0","0","0","0","0","0","0","0","0","0","0"
"00001121","유덕초교","00000037","상무63","20221003","1","0","0","0","1","0","0","0","0","0","0","0","0","0","0","0","0","0","0","0","0","0","0","0","0","0","0","0","0","0","0","0","0","0","0","0","0","0","0","0","0","0","0","0","0","0","0","0"
"00001121","유덕초교","00000090","문흥39","20221003","4","3","4","3","4","3","3","3","0","0","1","0","0","0","0","0","0","5","1","5","0","5","1","5","0","0","0","0","0","0","0","0","2","0","1","0","2","0","1","0","0","0","0","0","0","0","0","0"
"00001121","유덕초교","00000116","첨단22","20221003","0","2","2","2","0","2","2","2","0","0","0","0","0","0","0","0","0","0","0","0","0","0","0","0","0","0","0","0","0","0","0","0","0","4","7","4","0","4","5","4","0","0","1","0","0","0","1","0"
"00001121","유덕초교","00000214","마을799","20221003","0","1","0","1","0","1","0","1","0","0","0","0","0","0","0","0","0","0","0","0","0","0","0","0","0","0","0","0","0","0","0","0","0","0","0","0","0","0","0","0","0","0","0","0","0","0","0","0"
"00001122","유안초교","00000047","봉선76","20221003","2","0","0","0","2","0","0","0","0","0","0","0","0","0","0","0","0","0","0","0","0","0","0","0","0","0","0","0","0","0","0","0","0","0","0","0","0","0","0","0","0","0","0","0","0","0","0","0"
"00001123","유안초교","00000047","봉선76","20221003","1","0","0","0","1","0","0","0","0","0","0","0","0","0","0","0","0","0","0","0","0","0","0","0","0","0","0","0","0","0","0","0","0","0","0","0","0","0","0","0","0","0","0","0","0","0","0","0"
"00001124","유창아파트","00000013","매월26","20221003","6","6","18","6","6","6","15","6","0","0","1","0","0","0","2","0","3","5","2","5","3","5","2","5","0","0","0","0","0","0","0","0","1","0","1","0","1","0","1","0","0","0","0","0","0","0","0","0"
"00001124","유창아파트","00000017","첨단30","20221003","5","7","13","7","5","6","13","6","0","0","0","0","0","1","0","1","2","2","3","2","2","2","3","2","0","0","0","0","0","0","0","0","0","0","0","0","0","0","0","0","0","0","0","0","0","0","0","0"
"00001124","유창아파트","00000031","419","20221003","2","0","1","0","2","0","0","0","0","0","1","0","0","0","0","0","0","0","0","0","0","0","0","0","0","0","0","0","0","0","0","0","0","2","0","2","0","2","0","2","0","0","0","0","0","0","0","0"
"00001124","유창아파트","00000032","금남57","20221003","2","1","2","1","2","1","1","1","0","0","0","0","0","0","1","0","0","2","2","2","0","2","2","2","0","0","0","0","0","0","0","0","0","0","0","0","0","0","0","0","0","0","0","0","0","0","0","0"
"00001124","유창아파트","00000038","상무64","20221003","1","0","0","0","1","0","0","0","0","0","0","0","0","0","0","0","0","2","7","2","0","2","7","2","0","0","0","0","0","0","0","0","0","0","0","0","0","0","0","0","0","0","0","0","0","0","0","0"
"00001124","유창아파트","00000054","용봉83","20221003","1","5","5","5","1","4","5","4","0","0","0","0","0","1","0","1","0","0","0","0","0","0","0","0","0","0","0","0","0","0","0","0","0","1","5","1","0","1","5","1","0","0","0","0","0","0","0","0"
"00001125","유창아파트","00000013","매월26","20221003","24","50","38","50","23","50","35","50","0","0","2","0","1","0","1","0","0","2","1","2","0","2","1","2","0","0","0","0","0","0","0","0","0","1","1","1","0","1","1","1","0","0","0","0","0","0","0","0"
"00001125","유창아파트","00000017","첨단30","20221003","7","13","11","13","7","13","11","13","0","0","0","0","0","0","0","0","1","1","2","1","1","1","2","1","0","0","0","0","0","0","0","0","0","0","1","0","0","0","1","0","0","0","0","0","0","0","0","0"
"00001125","유창아파트","00000032","금남57","20221003","10","18","26","18","10","17","23","17","0","0","0","0","0","1","3","1","0","0","1","0","0","0","1","0","0","0","0","0","0","0","0","0","0","0","0","0","0","0","0","0","0","0","0","0","0","0","0","0"
"00001125","유창아파트","00000038","상무64","20221003","3","11","13","11","3","10","12","10","0","0","0","0","0","1","1","1","0","0","0","0","0","0","0","0","0","0","0","0","0","0","0","0","0","0","1","0","0","0","1","0","0","0","0","0","0","0","0","0"
"00001125","유창아파트","00000054","용봉83","20221003","0","0","0","0","0","0","0","0","0","0","0","0","0","0","0","0","1","0","1","0","1","0","0","0","0","0","1","0","0","0","0","0","0","0","1","0","0","0","1","0","0","0","0","0","0","0","0","0"
"00001126","극락초교","00000012","지원25","20221003","4","2","3","2","4","2","3","2","0","0","0","0","0","0","0","0","1","1","1","1","1","1","1","1","0","0","0","0","0","0","0","0","0","0","0","0","0","0","0","0","0","0","0","0","0","0","0","0"
"00001126","극락초교","00000087","1187","20221003","3","5","0","5","2","4","0","4","1","0","0","0","0","1","0","1","1","0","0","0","1","0","0","0","0","0","0","0","0","0","0","0","0","0","0","0","0","0","0","0","0","0","0","0","0","0","0","0"
"00001127","극락초교","00000039","유덕65","20221003","0","0","0","0","0","0","0","0","0","0","0","0","0","0","0","0","0","0","0","0","0","0","0","0","0","0","0","0","0","0","0","0","0","0","0","0","0","0","0","0","0","0","0","0","0","0","0","0"
"00001127","극락초교","00000087","1187","20221003","0","1","0","1","0","1","0","1","0","0","0","0","0","0","0","0","0","0","0","0","0","0","0","0","0","0","0","0","0","0","0","0","0","0","0","0","0","0","0","0","0","0","0","0","0","0","0","0"
"00001128","은혜학교","00000026","운림51","20221003","0","0","0","0","0","0","0","0","0","0","0","0","0","0","0","0","0","0","0","0","0","0","0","0","0","0","0","0","0","0","0","0","0","0","0","0","0","0","0","0","0","0","0","0","0","0","0","0"
"00001128","은혜학교","00000116","첨단22","20221003","0","0","0","0","0","0","0","0","0","0","0","0","0","0","0","0","0","0","0","0","0","0","0","0","0","0","0","0","0","0","0","0","0","0","0","0","0","0","0","0","0","0","0","0","0","0","0","0"
"00001129","은혜학교","00000011","첨단20","20221003","0","1","0","1","0","1","0","1","0","0","0","0","0","0","0","0","0","0","0","0","0","0","0","0","0","0","0","0","0","0","0","0","0","0","0","0","0","0","0","0","0","0","0","0","0","0","0","0"
"00001129","은혜학교","00000026","운림51","20221003","2","1","4","1","2","1","4","1","0","0","0","0","0","0","0","0","0","0","0","0","0","0","0","0","0","0","0","0","0","0","0","0","0","0","0","0","0","0","0","0","0","0","0","0","0","0","0","0"
"00001129","은혜학교","00000116","첨단22","20221003","2","0","3","0","2","0","3","0","0","0","0","0","0","0","0","0","0","0","0","0","0","0","0","0","0","0","0","0","0","0","0","0","0","0","0","0","0","0","0","0","0","0","0","0","0","0","0","0"
"00001132","이십곡리","00000072","지원152(능주역)","20221003","0","0","0","0","0","0","0","0","0","0","0","0","0","0","0","0","0","0","0","0","0","0","0","0","0","0","0","0","0","0","0","0","0","0","0","0","0","0","0","0","0","0","0","0","0","0","0","0"
"00001132","이십곡리","00000122","228(화순전대병원)","20221003","0","0","0","0","0","0","0","0","0","0","0","0","0","0","0","0","0","0","0","0","0","0","0","0","0","0","0","0","0","0","0","0","0","0","0","0","0","0","0","0","0","0","0","0","0","0","0","0"
"00001136","명상의집","00000006","지원15","20221003","0","0","0","0","0","0","0","0","0","0","0","0","0","0","0","0","1","0","0","0","1","0","0","0","0","0","0","0","0","0","0","0","0","0","0","0","0","0","0","0","0","0","0","0","0","0","0","0"
"00001136","명상의집","00000013","매월26","20221003","0","0","0","0","0","0","0","0","0","0","0","0","0","0","0","0","1","0","0","0","1","0","0","0","0","0","0","0","0","0","0","0","0","0","0","0","0","0","0","0","0","0","0","0","0","0","0","0"
"00001136","명상의집","00000032","금남57","20221003","0","0","3","0","0","0","3","0","0","0","0","0","0","0","0","0","0","0","0","0","0","0","0","0","0","0","0","0","0","0","0","0","0","0","0","0","0","0","0","0","0","0","0","0","0","0","0","0"
"00001136","명상의집","00000057","용전86","20221003","0","0","0","0","0","0","0","0","0","0","0","0","0","0","0","0","0","1","0","1","0","1","0","1","0","0","0","0","0","0","0","0","0","0","0","0","0","0","0","0","0","0","0","0","0","0","0","0"
"00001136","명상의집","00000077","용전184","20221003","1","0","0","0","1","0","0","0","0","0","0","0","0","0","0","0","0","0","0","0","0","0","0","0","0","0","0","0","0","0","0","0","0","0","0","0","0","0","0","0","0","0","0","0","0","0","0","0"
"00001137","일곡초교","00000006","지원15","20221003","3","1","1","1","3","1","1","1","0","0","0","0","0","0","0","0","0","1","0","1","0","1","0","1","0","0","0","0","0","0","0","0","0","1","1","1","0","1","1","1","0","0","0","0","0","0","0","0"
"00001137","일곡초교","00000013","매월26","20221003","4","3","6","3","2","2","2","2","2","1","1","1","0","0","3","0","1","5","3","5","1","5","3","5","0","0","0","0","0","0","0","0","0","0","2","0","0","0","2","0","0","0","0","0","0","0","0","0"
"00001137","일곡초교","00000016","송정29","20221003","0","1","1","1","0","1","1","1","0","0","0","0","0","0","0","0","0","0","1","0","0","0","0","0","0","0","0","0","0","0","1","0","0","0","0","0","0","0","0","0","0","0","0","0","0","0","0","0"
"00001137","일곡초교","00000020","일곡38","20221003","0","1","2","1","0","0","0","0","0","1","0","1","0","0","2","0","0","1","0","1","0","1","0","1","0","0","0","0","0","0","0","0","0","0","0","0","0","0","0","0","0","0","0","0","0","0","0","0"
"00001137","일곡초교","00000057","용전86","20221003","0","0","0","0","0","0","0","0","0","0","0","0","0","0","0","0","0","0","0","0","0","0","0","0","0","0","0","0","0","0","0","0","0","0","0","0","0","0","0","0","0","0","0","0","0","0","0","0"
"00001137","일곡초교","00000096","일곡10","20221003","0","0","0","0","0","0","0","0","0","0","0","0","0","0","0","0","0","0","0","0","0","0","0","0","0","0","0","0","0","0","0","0","0","0","0","0","0","0","0","0","0","0","0","0","0","0","0","0"
"00001137","일곡초교","00000211","마을777(우치공원)","20221003","1","1","1","1","1","0","1","0","0","0","0","0","0","1","0","1","0","0","0","0","0","0","0","0","0","0","0","0","0","0","0","0","0","0","0","0","0","0","0","0","0","0","0","0","0","0","0","0"
"00001138","일곡초교","00000006","지원15","20221003","16","10","14","10","15","10","9","10","1","0","1","0","0","0","4","0","1","2","0","2","1","2","0","2","0","0","0","0","0","0","0","0","0","0","0","0","0","0","0","0","0","0","0","0","0","0","0","0"
"00001138","일곡초교","00000013","매월26","20221003","24","32","16","32","21","26","13","26","1","1","3","1","2","5","0","5","1","2","2","2","1","2","1","2","0","0","1","0","0","0","0","0","0","0","0","0","0","0","0","0","0","0","0","0","0","0","0","0"
"00001138","일곡초교","00000016","송정29","20221003","17","18","19","18","17","14","13","14","0","1","2","1","0","3","4","3","2","3","1","3","2","3","0","3","0","0","1","0","0","0","0","0","0","2","0","2","0","2","0","2","0","0","0","0","0","0","0","0"
"00001138","일곡초교","00000020","일곡38","20221003","5","13","9","13","5","12","7","12","0","1","1","1","0","0","1","0","0","0","0","0","0","0","0","0","0","0","0","0","0","0","0","0","0","0","1","0","0","0","1","0","0","0","0","0","0","0","0","0"
"00001138","일곡초교","00000057","용전86","20221003","3","1","2","1","3","0","2","0","0","0","0","0","0","1","0","1","0","0","1","0","0","0","1","0","0","0","0","0","0","0","0","0","0","0","0","0","0","0","0","0","0","0","0","0","0","0","0","0"
"00001138","일곡초교","00000096","일곡10","20221003","11","8","12","8","10","6","10","6","0","0","1","0","1","2","1","2","1","0","0","0","1","0","0","0","0","0","0","0","0","0","0","0","0","0","0","0","0","0","0","0","0","0","0","0","0","0","0","0"
"00001138","일곡초교","00000211","마을777(우치공원)","20221003","7","7","14","7","5","6","9","6","1","0","1","0","1","1","4","1","0","0","0","0","0","0","0","0","0","0","0","0","0","0","0","0","0","0","0","0","0","0","0","0","0","0","0","0","0","0","0","0"
"00001139","월산사거리","00000041","대촌70","20221003","1","0","0","0","1","0","0","0","0","0","0","0","0","0","0","0","0","0","0","0","0","0","0","0","0","0","0","0","0","0","0","0","0","0","0","0","0","0","0","0","0","0","0","0","0","0","0","0"
"00001139","월산사거리","00000042","대촌71","20221003","1","0","0","0","1","0","0","0","0","0","0","0","0","0","0","0","0","0","0","0","0","0","0","0","0","0","0","0","0","0","0","0","0","0","0","0","0","0","0","0","0","0","0","0","0","0","0","0"
"00001139","월산사거리","00000074","진월177","20221003","0","0","0","0","0","0","0","0","0","0","0","0","0","0","0","0","0","0","0","0","0","0","0","0","0","0","0","0","0","0","0","0","0","0","0","0","0","0","0","0","0","0","0","0","0","0","0","0"
"00001139","월산사거리","00000208","마을715(대촌)","20221003","2","0","1","0","1","0","1","0","1","0","0","0","0","0","0","0","1","1","0","1","1","1","0","1","0","0","0","0","0","0","0","0","0","0","0","0","0","0","0","0","0","0","0","0","0","0","0","0"
"00001140","월산사거리","00000041","대촌70","20221003","0","1","0","1","0","1","0","1","0","0","0","0","0","0","0","0","0","1","0","1","0","1","0","1","0","0","0","0","0","0","0","0","0","0","0","0","0","0","0","0","0","0","0","0","0","0","0","0"
"00001140","월산사거리","00000074","진월177","20221003","0","0","0","0","0","0","0","0","0","0","0","0","0","0","0","0","0","1","0","1","0","1","0","1","0","0","0","0","0","0","0","0","0","0","0","0","0","0","0","0","0","0","0","0","0","0","0","0"
"00001140","월산사거리","00000208","마을715(대촌)","20221003","0","0","0","0","0","0","0","0","0","0","0","0","0","0","0","0","0","0","0","0","0","0","0","0","0","0","0","0","0","0","0","0","0","0","0","0","0","0","0","0","0","0","0","0","0","0","0","0"
"00001141","첨단금호아파트","00000011","첨단20","20221003","2","6","4","6","1","5","2","5","1","0","2","0","0","1","0","1","0","2","1","2","0","1","1","1","0","0","0","0","0","1","0","1","0","0","0","0","0","0","0","0","0","0","0","0","0","0","0","0"
"00001141","첨단금호아파트","00000117","첨단23","20221003","5","6","7","6","5","5","6","5","0","0","0","0","0","1","1","1","0","0","0","0","0","0","0","0","0","0","0","0","0","0","0","0","1","0","1","0","1","0","1","0","0","0","0","0","0","0","0","0"
"00001142","첨단초교","00000011","첨단20","20221003","2","3","0","3","2","2","0","2","0","0","0","0","0","1","0","1","0","0","0","0","0","0","0","0","0","0","0","0","0","0","0","0","0","2","0","2","0","2","0","2","0","0","0","0","0","0","0","0"
"00001142","첨단초교","00000062","첨단92","20221003","1","0","0","0","1","0","0","0","0","0","0","0","0","0","0","0","0","0","0","0","0","0","0","0","0","0","0","0","0","0","0","0","0","0","1","0","0","0","1","0","0","0","0","0","0","0","0","0"
"00001142","첨단초교","00000108","송정33","20221003","1","0","1","0","1","0","1","0","0","0","0","0","0","0","0","0","1","0","1","0","1","0","1","0","0","0","0","0","0","0","0","0","0","0","0","0","0","0","0","0","0","0","0","0","0","0","0","0"
"00001142","첨단초교","00000117","첨단23","20221003","0","0","0","0","0","0","0","0","0","0","0","0","0","0","0","0","0","0","1","0","0","0","1","0","0","0","0","0","0","0","0","0","0","0","0","0","0","0","0","0","0","0","0","0","0","0","0","0"
"00001143","임곡교","00000060","임곡90","20221003","1","0","0","0","1","0","0","0","0","0","0","0","0","0","0","0","0","0","0","0","0","0","0","0","0","0","0","0","0","0","0","0","0","0","0","0","0","0","0","0","0","0","0","0","0","0","0","0"
"00001144","광일고","00000061","임곡91","20221003","0","0","0","0","0","0","0","0","0","0","0","0","0","0","0","0","0","1","0","1","0","1","0","1","0","0","0","0","0","0","0","0","0","0","0","0","0","0","0","0","0","0","0","0","0","0","0","0"
"00001145","가정","00000059","임곡89","20221003","0","0","0","0","0","0","0","0","0","0","0","0","0","0","0","0","0","0","0","0","0","0","0","0","0","0","0","0","0","0","0","0","0","0","0","0","0","0","0","0","0","0","0","0","0","0","0","0"
"00001148","원임곡","00000060","임곡90","20221003","0","0","1","0","0","0","1","0","0","0","0","0","0","0","0","0","0","0","0","0","0","0","0","0","0","0","0","0","0","0","0","0","0","0","0","0","0","0","0","0","0","0","0","0","0","0","0","0"
"00001149","임곡정수장","00000060","임곡90","20221003","1","0","1","0","1","0","1","0","0","0","0","0","0","0","0","0","0","0","0","0","0","0","0","0","0","0","0","0","0","0","0","0","0","0","0","0","0","0","0","0","0","0","0","0","0","0","0","0"
"00001151","임동농협","00000020","일곡38","20221003","2","5","5","5","1","3","5","3","0","0","0","0","1","2","0","2","0","0","1","0","0","0","1","0","0","0","0","0","0","0","0","0","0","1","0","1","0","1","0","1","0","0","0","0","0","0","0","0"
"00001151","임동농협","00000026","운림51","20221003","15","13","9","13","15","13","9","13","0","0","0","0","0","0","0","0","2","2","1","2","2","2","1","2","0","0","0","0","0","0","0","0","0","0","0","0","0","0","0","0","0","0","0","0","0","0","0","0"
"00001151","임동농협","00000065","첨단95","20221003","5","3","9","3","5","3","9","3","0","0","0","0","0","0","0","0","1","1","0","1","0","1","0","1","0","0","0","0","1","0","0","0","0","0","0","0","0","0","0","0","0","0","0","0","0","0","0","0"
"00001152","임동농협","00000020","일곡38","20221003","5","12","9","12","5","11","9","11","0","0","0","0","0","1","0","1","0","1","0","1","0","1","0","1","0","0","0","0","0","0","0","0","0","0","0","0","0","0","0","0","0","0","0","0","0","0","0","0"
"00001152","임동농협","00000026","운림51","20221003","12","6","12","6","10","6","11","6","0","0","0","0","2","0","1","0","0","1","3","1","0","1","3","1","0","0","0","0","0","0","0","0","0","0","0","0","0","0","0","0","0","0","0","0","0","0","0","0"
"00001152","임동농협","00000065","첨단95","20221003","3","2","3","2","3","2","3","2","0","0","0","0","0","0","0","0","0","0","2","0","0","0","2","0","0","0","0","0","0","0","0","0","0","0","0","0","0","0","0","0","0","0","0","0","0","0","0","0"
"00001153","임동행정복지센터","00000020","일곡38","20221003","4","1","1","1","4","1","1","1","0","0","0","0","0","0","0","0","0","2","2","2","0","2","2","2","0","0","0","0","0","0","0","0","0","0","0","0","0","0","0","0","0","0","0","0","0","0","0","0"
"00001153","임동행정복지센터","00000026","운림51","20221003","5","4","0","4","5","1","0","1","0","3","0","3","0","0","0","0","1","0","2","0","1","0","2","0","0","0","0","0","0","0","0","0","0","1","0","1","0","1","0","1","0","0","0","0","0","0","0","0"
"00001153","임동행정복지센터","00000065","첨단95","20221003","1","0","0","0","1","0","0","0","0","0","0","0","0","0","0","0","1","0","0","0","1","0","0","0","0","0","0","0","0","0","0","0","0","0","0","0","0","0","0","0","0","0","0","0","0","0","0","0"
"00001154","임동행정복지센터","00000020","일곡38","20221003","2","0","2","0","2","0","1","0","0","0","0","0","0","0","1","0","0","1","0","1","0","1","0","1","0","0","0","0","0","0","0","0","0","0","0","0","0","0","0","0","0","0","0","0","0","0","0","0"
"00001154","임동행정복지센터","00000026","운림51","20221003","5","2","1","2","4","1","1","1","0","0","0","0","1","1","0","1","1","2","1","2","1","2","1","2","0","0","0","0","0","0","0","0","0","0","0","0","0","0","0","0","0","0","0","0","0","0","0","0"
"00001154","임동행정복지센터","00000065","첨단95","20221003","2","0","2","0","2","0","2","0","0","0","0","0","0","0","0","0","1","0","1","0","1","0","1","0","0","0","0","0","0","0","0","0","0","0","0","0","0","0","0","0","0","0","0","0","0","0","0","0"
"00001155","제2광천교","00000013","매월26","20221003","3","3","2","3","2","3","1","3","0","0","0","0","1","0","1","0","6","8","13","8","6","7","12","7","0","0","1","0","0","1","0","1","0","0","1","0","0","0","1","0","0","0","0","0","0","0","0","0"
"00001155","제2광천교","00000020","일곡38","20221003","1","3","1","3","1","3","1","3","0","0","0","0","0","0","0","0","0","0","1","0","0","0","1","0","0","0","0","0","0","0","0","0","0","0","0","0","0","0","0","0","0","0","0","0","0","0","0","0"
"00001155","제2광천교","00000024","송암47","20221003","1","1","0","1","1","1","0","1","0","0","0","0","0","0","0","0","3","3","8","3","3","3","7","3","0","0","0","0","0","0","1","0","0","0","1","0","0","0","1","0","0","0","0","0","0","0","0","0"
"00001155","제2광천교","00000038","상무64","20221003","1","0","0","0","1","0","0","0","0","0","0","0","0","0","0","0","3","0","4","0","3","0","4","0","0","0","0","0","0","0","0","0","0","0","0","0","0","0","0","0","0","0","0","0","0","0","0","0"
"00001155","제2광천교","00000071","228(구151화순사평)","20221003","0","0","0","0","0","0","0","0","0","0","0","0","0","0","0","0","0","0","0","0","0","0","0","0","0","0","0","0","0","0","0","0","0","0","0","0","0","0","0","0","0","0","0","0","0","0","0","0"
"00001155","제2광천교","00000122","228(화순전대병원)","20221003","1","0","0","0","1","0","0","0","0","0","0","0","0","0","0","0","0","0","0","0","0","0","0","0","0","0","0","0","0","0","0","0","0","0","0","0","0","0","0","0","0","0","0","0","0","0","0","0"
"00001156","임동한국아델리움1차","00000020","일곡38","20221003","2","5","0","5","2","5","0","5","0","0","0","0","0","0","0","0","0","1","0","1","0","1","0","1","0","0","0","0","0","0","0","0","0","0","0","0","0","0","0","0","0","0","0","0","0","0","0","0"
"00001156","임동한국아델리움1차","00000026","운림51","20221003","6","11","2","11","4","8","1","8","0","3","0","3","2","0","1","0","1","0","0","0","1","0","0","0","0","0","0","0","0","0","0","0","0","0","0","0","0","0","0","0","0","0","0","0","0","0","0","0"
"00001156","임동한국아델리움1차","00000065","첨단95","20221003","3","1","5","1","3","1","3","1","0","0","0","0","0","0","2","0","1","0","0","0","1","0","0","0","0","0","0","0","0","0","0","0","0","0","0","0","0","0","0","0","0","0","0","0","0","0","0","0"
"00001157","임동한국아델리움2차","00000007","매월16","20221003","2","1","0","1","2","1","0","1","0","0","0","0","0","0","0","0","0","0","0","0","0","0","0","0","0","0","0","0","0","0","0","0","0","0","0","0","0","0","0","0","0","0","0","0","0","0","0","0"
"00001158","임동한국아델리움2차","00000007","매월16","20221003","1","2","1","2","1","1","1","1","0","0","0","0","0","1","0","1","1","2","1","2","1","2","1","2","0","0","0","0","0","0","0","0","0","0","0","0","0","0","0","0","0","0","0","0","0","0","0","0"
"00001159","임동한국아델리움1차","00000020","일곡38","20221003","4","0","3","0","4","0","3","0","0","0","0","0","0","0","0","0","0","0","0","0","0","0","0","0","0","0","0","0","0","0","0","0","0","0","0","0","0","0","0","0","0","0","0","0","0","0","0","0"
"00001159","임동한국아델리움1차","00000026","운림51","20221003","3","2","1","2","2","2","1","2","0","0","0","0","1","0","0","0","1","0","0","0","1","0","0","0","0","0","0","0","0","0","0","0","0","0","1","0","0","0","0","0","0","0","0","0","0","0","1","0"
"00001159","임동한국아델리움1차","00000065","첨단95","20221003","1","3","0","3","1","2","0","2","0","1","0","1","0","0","0","0","0","0","1","0","0","0","0","0","0","0","0","0","0","0","1","0","0","0","0","0","0","0","0","0","0","0","0","0","0","0","0","0"
"00001162","자풍","00000079","첨단192","20221003","0","0","0","0","0","0","0","0","0","0","0","0","0","0","0","0","0","0","0","0","0","0","0","0","0","0","0","0","0","0","0","0","0","0","0","0","0","0","0","0","0","0","0","0","0","0","0","0"
"00001165","장등동","00000008","진월17","20221003","0","0","1","0","0","0","1","0","0","0","0","0","0","0","0","0","1","0","1","0","1","0","0","0","0","0","0","0","0","0","1","0","0","1","0","1","0","0","0","0","0","0","0","0","0","1","0","1"
"00001165","장등동","00000009","문흥18","20221003","0","2","1","2","0","2","0","2","0","0","0","0","0","0","1","0","0","0","0","0","0","0","0","0","0","0","0","0","0","0","0","0","0","0","0","0","0","0","0","0","0","0","0","0","0","0","0","0"
"00001165","장등동","00000010","송정19","20221003","0","0","0","0","0","0","0","0","0","0","0","0","0","0","0","0","0","0","0","0","0","0","0","0","0","0","0","0","0","0","0","0","0","0","0","0","0","0","0","0","0","0","0","0","0","0","0","0"
"00001165","장등동","00000024","송암47","20221003","1","0","0","0","1","0","0","0","0","0","0","0","0","0","0","0","1","0","1","0","1","0","0","0","0","0","0","0","0","0","1","0","0","0","0","0","0","0","0","0","0","0","0","0","0","0","0","0"
"00001165","장등동","00000051","문흥80","20221003","0","0","0","0","0","0","0","0","0","0","0","0","0","0","0","0","0","0","1","0","0","0","1","0","0","0","0","0","0","0","0","0","0","0","0","0","0","0","0","0","0","0","0","0","0","0","0","0"
"00001165","장등동","00000057","용전86","20221003","0","0","0","0","0","0","0","0","0","0","0","0","0","0","0","0","0","0","0","0","0","0","0","0","0","0","0","0","0","0","0","0","0","0","0","0","0","0","0","0","0","0","0","0","0","0","0","0"
"00001165","장등동","00000088","금호36","20221003","0","0","0","0","0","0","0","0","0","0","0","0","0","0","0","0","0","0","0","0","0","0","0","0","0","0","0","0","0","0","0","0","0","0","0","0","0","0","0","0","0","0","0","0","0","0","0","0"
"00001165","장등동","00000090","문흥39","20221003","1","0","2","0","1","0","2","0","0","0","0","0","0","0","0","0","1","0","0","0","1","0","0","0","0","0","0","0","0","0","0","0","0","0","0","0","0","0","0","0","0","0","0","0","0","0","0","0"
"00001165","장등동","00000091","송암74","20221003","0","1","1","1","0","1","1","1","0","0","0","0","0","0","0","0","0","0","0","0","0","0","0","0","0","0","0","0","0","0","0","0","0","0","0","0","0","0","0","0","0","0","0","0","0","0","0","0"
"00001165","장등동","00000117","첨단23","20221003","0","0","1","0","0","0","1","0","0","0","0","0","0","0","0","0","1","0","0","0","1","0","0","0","0","0","0","0","0","0","0","0","0","0","0","0","0","0","0","0","0","0","0","0","0","0","0","0"
"00001165","장등동","00000118","문흥53","20221003","0","0","1","0","0","0","1","0","0","0","0","0","0","0","0","0","0","0","0","0","0","0","0","0","0","0","0","0","0","0","0","0","0","1","0","1","0","0","0","0","0","0","0","0","0","1","0","1"
"00001165","장등동","00000130","두암81","20221003","0","0","0","0","0","0","0","0","0","0","0","0","0","0","0","0","0","2","0","2","0","1","0","1","0","0","0","0","0","1","0","1","0","0","0","0","0","0","0","0","0","0","0","0","0","0","0","0"
"00001168","검문소","00000066","송정96","20221003","0","0","0","0","0","0","0","0","0","0","0","0","0","0","0","0","0","0","0","0","0","0","0","0","0","0","0","0","0","0","0","0","0","0","0","0","0","0","0","0","0","0","0","0","0","0","0","0"
"00001171","남광주농협","00000001","순환01(시청행)","20221003","4","13","9","13","4","13","9","13","0","0","0","0","0","0","0","0","2","2","5","2","2","2","4","2","0","0","0","0","0","0","1","0","4","4","3","4","4","4","2","4","0","0","0","0","0","0","1","0"
"00001171","남광주농협","00000008","진월17","20221003","9","9","19","9","7","9","18","9","0","0","0","0","2","0","1","0","4","5","4","5","4","5","3","5","0","0","0","0","0","0","1","0","3","2","3","2","3","2","3","2","0","0","0","0","0","0","0","0"
"00001171","남광주농협","00000012","지원25","20221003","15","16","14","16","13","14","13","14","0","0","0","0","2","2","1","2","1","3","0","3","1","3","0","3","0","0","0","0","0","0","0","0","6","12","13","12","6","12","11","12","0","0","0","0","0","0","2","0"
"00001171","남광주농협","00000014","봉선27","20221003","3","5","6","5","3","5","4","5","0","0","1","0","0","0","1","0","5","1","4","1","5","1","4","1","0","0","0","0","0","0","0","0","2","0","3","0","2","0","2","0","0","0","0","0","0","0","1","0"
"00001171","남광주농협","00000065","첨단95","20221003","5","7","2","7","5","5","1","5","0","2","0","2","0","0","1","0","3","0","4","0","3","0","4","0","0","0","0","0","0","0","0","0","0","2","2","2","0","2","2","2","0","0","0","0","0","0","0","0"
"00001171","남광주농협","00000068","송정98","20221003","4","5","6","5","4","4","4","4","0","0","0","0","0","1","2","1","2","0","2","0","2","0","2","0","0","0","0","0","0","0","0","0","3","3","2","3","3","3","2","3","0","0","0","0","0","0","0","0"
"00001171","남광주농협","00000114","수완03","20221003","13","6","12","6","13","6","8","6","0","0","0","0","0","0","4","0","6","1","3","1","5","1","2","1","0","0","1","0","1","0","0","0","5","2","4","2","5","2","4","2","0","0","0","0","0","0","0","0"
"00001171","남광주농협","00000119","지원56","20221003","7","6","16","6","7","4","15","4","0","0","0","0","0","2","1","2","3","0","1","0","3","0","1","0","0","0","0","0","0","0","0","0","2","2","2","2","2","2","2","2","0","0","0","0","0","0","0","0"
"00001172","남광주농협","00000008","진월17","20221003","6","10","13","10","6","10","13","10","0","0","0","0","0","0","0","0","1","2","1","2","1","2","1","2","0","0","0","0","0","0","0","0","0","1","4","1","0","1","4","1","0","0","0","0","0","0","0","0"
"00001172","남광주농협","00000012","지원25","20221003","2","7","6","7","2","7","6","7","0","0","0","0","0","0","0","0","4","6","7","6","4","5","7","5","0","0","0","0","0","1","0","1","0","2","1","2","0","2","1","2","0","0","0","0","0","0","0","0"
"00001172","남광주농협","00000014","봉선27","20221003","6","7","8","7","6","6","8","6","0","1","0","1","0","0","0","0","4","1","4","1","3","0","3","0","0","0","0","0","1","1","1","1","1","3","2","3","1","3","2","3","0","0","0","0","0","0","0","0"
"00001172","남광주농협","00000065","첨단95","20221003","5","18","15","18","5","16","14","16","0","2","0","2","0","0","1","0","2","4","2","4","2","4","2","4","0","0","0","0","0","0","0","0","2","0","0","0","1","0","0","0","0","0","0","0","1","0","0","0"
"00001172","남광주농협","00000068","송정98","20221003","10","21","7","21","10","20","7","20","0","0","0","0","0","1","0","1","4","4","2","4","4","4","2","4","0","0","0","0","0","0","0","0","1","2","1","2","1","2","0","2","0","0","0","0","0","0","1","0"
"00001172","남광주농협","00000112","순환01(운천저수지)","20221003","8","12","11","12","8","11","11","11","0","0","0","0","0","1","0","1","5","5","6","5","5","4","6","4","0","0","0","0","0","1","0","1","0","1","1","1","0","1","1","1","0","0","0","0","0","0","0","0"
"00001172","남광주농협","00000114","수완03","20221003","12","17","18","17","12","15","18","15","0","1","0","1","0","1","0","1","25","15","15","15","25","15","13","15","0","0","1","0","0","0","1","0","2","2","4","2","2","1","4","1","0","0","0","0","0","1","0","1"
"00001172","남광주농협","00000119","지원56","20221003","0","1","0","1","0","1","0","1","0","0","0","0","0","0","0","0","0","1","2","1","0","1","1","1","0","0","0","0","0","0","1","0","1","1","1","1","1","1","1","1","0","0","0","0","0","0","0","0"
"00001174","장수동","00000096","일곡10","20221003","0","0","0","0","0","0","0","0","0","0","0","0","0","0","0","0","0","0","0","0","0","0","0","0","0","0","0","0","0","0","0","0","0","0","0","0","0","0","0","0","0","0","0","0","0","0","0","0"
"00001175","장원초교(서)","00000078","충효187","20221003","5","7","0","7","5","7","0","7","0","0","0","0","0","0","0","0","0","0","0","0","0","0","0","0","0","0","0","0","0","0","0","0","4","1","0","1","3","1","0","1","0","0","0","0","1","0","0","0"
"00001175","장원초교(서)","00000087","1187","20221003","11","5","0","5","11","5","0","5","0","0","0","0","0","0","0","0","0","0","0","0","0","0","0","0","0","0","0","0","0","0","0","0","2","7","0","7","2","7","0","7","0","0","0","0","0","0","0","0"
"00001175","장원초교(서)","00000097","1187-1","20221003","8","0","0","0","8","0","0","0","0","0","0","0","0","0","0","0","0","0","0","0","0","0","0","0","0","0","0","0","0","0","0","0","5","1","0","1","5","1","0","1","0","0","0","0","0","0","0","0"
"00001176","장원초교(동)","00000106","두암81(무등파크)","20221003","1","0","0","0","1","0","0","0","0","0","0","0","0","0","0","0","0","0","1","0","0","0","1","0","0","0","0","0","0","0","0","0","0","0","0","0","0","0","0","0","0","0","0","0","0","0","0","0"
"00001176","장원초교(동)","00000130","두암81","20221003","1","1","0","1","1","1","0","1","0","0","0","0","0","0","0","0","2","0","0","0","2","0","0","0","0","0","0","0","0","0","0","0","0","0","0","0","0","0","0","0","0","0","0","0","0","0","0","0"
"00001177","장원초교(동)","00000052","두암81(각화초교)","20221003","0","0","1","0","0","0","0","0","0","0","0","0","0","0","1","0","0","0","0","0","0","0","0","0","0","0","0","0","0","0","0","0","0","0","1","0","0","0","1","0","0","0","0","0","0","0","0","0"
"00001177","장원초교(동)","00000078","충효187","20221003","0","0","0","0","0","0","0","0","0","0","0","0","0","0","0","0","2","2","1","2","2","2","1","2","0","0","0","0","0","0","0","0","0","0","0","0","0","0","0","0","0","0","0","0","0","0","0","0"
"00001177","장원초교(동)","00000087","1187","20221003","1","1","2","1","1","0","2","0","0","0","0","0","0","1","0","1","1","8","1","8","1","8","1","8","0","0","0","0","0","0","0","0","0","0","0","0","0","0","0","0","0","0","0","0","0","0","0","0"
"00001177","장원초교(동)","00000097","1187-1","20221003","1","1","3","1","1","1","1","1","0","0","0","0","0","0","2","0","1","5","0","5","1","5","0","5","0","0","0","0","0","0","0","0","0","0","0","0","0","0","0","0","0","0","0","0","0","0","0","0"
"00001177","장원초교(동)","00000129","두암81(장등동)","20221003","0","0","0","0","0","0","0","0","0","0","0","0","0","0","0","0","0","1","1","1","0","1","1","1","0","0","0","0","0","0","0","0","0","0","0","0","0","0","0","0","0","0","0","0","0","0","0","0"
"00001178","오선동","00000011","첨단20","20221003","1","0","4","0","1","0","4","0","0","0","0","0","0","0","0","0","0","0","2","0","0","0","2","0","0","0","0","0","0","0","0","0","0","0","0","0","0","0","0","0","0","0","0","0","0","0","0","0"
"00001181","잿등","00000010","송정19","20221003","2","3","0","3","2","2","0","2","0","0","0","0","0","1","0","1","1","1","3","1","1","1","3","1","0","0","0","0","0","0","0","0","0","0","0","0","0","0","0","0","0","0","0","0","0","0","0","0"
"00001182","잿등","00000010","송정19","20221003","1","0","2","0","1","0","2","0","0","0","0","0","0","0","0","0","1","0","1","0","1","0","1","0","0","0","0","0","0","0","0","0","0","0","0","0","0","0","0","0","0","0","0","0","0","0","0","0"
"00001183","전남공고","00000026","운림51","20221003","4","0","1","0","4","0","1","0","0","0","0","0","0","0","0","0","0","0","1","0","0","0","1","0","0","0","0","0","0","0","0","0","0","0","0","0","0","0","0","0","0","0","0","0","0","0","0","0"
"00001185","전남공고","00000026","운림51","20221003","8","10","7","10","7","8","7","8","0","0","0","0","1","2","0","2","2","1","1","1","2","1","1","1","0","0","0","0","0","0","0","0","0","0","0","0","0","0","0","0","0","0","0","0","0","0","0","0"
"00001185","전남공고","00000064","첨단94","20221003","1","0","0","0","1","0","0","0","0","0","0","0","0","0","0","0","0","0","0","0","0","0","0","0","0","0","0","0","0","0","0","0","0","0","0","0","0","0","0","0","0","0","0","0","0","0","0","0"
"00001186","진흥고","00000092","첨단40","20221003","5","1","1","1","5","1","1","1","0","0","0","0","0","0","0","0","0","0","1","0","0","0","1","0","0","0","0","0","0","0","0","0","0","0","0","0","0","0","0","0","0","0","0","0","0","0","0","0"
"00001186","진흥고","00000125","선운101","20221003","0","0","0","0","0","0","0","0","0","0","0","0","0","0","0","0","1","0","0","0","1","0","0","0","0","0","0","0","0","0","0","0","0","0","0","0","0","0","0","0","0","0","0","0","0","0","0","0"
"00001187","시립민속박물관","00000016","송정29","20221003","1","0","0","0","1","0","0","0","0","0","0","0","0","0","0","0","0","3","0","3","0","3","0","3","0","0","0","0","0","0","0","0","0","0","0","0","0","0","0","0","0","0","0","0","0","0","0","0"
"00001187","시립민속박물관","00000118","문흥53","20221003","0","0","0","0","0","0","0","0","0","0","0","0","0","0","0","0","4","0","0","0","3","0","0","0","0","0","0","0","1","0","0","0","0","0","0","0","0","0","0","0","0","0","0","0","0","0","0","0"
"00001188","시립민속박물관","00000016","송정29","20221003","0","2","9","2","0","2","6","2","0","0","0","0","0","0","3","0","3","0","1","0","3","0","1","0","0","0","0","0","0","0","0","0","0","0","0","0","0","0","0","0","0","0","0","0","0","0","0","0"
"00001188","시립민속박물관","00000037","상무63","20221003","0","0","0","0","0","0","0","0","0","0","0","0","0","0","0","0","0","0","0","0","0","0","0","0","0","0","0","0","0","0","0","0","0","0","0","0","0","0","0","0","0","0","0","0","0","0","0","0"
"00001188","시립민속박물관","00000118","문흥53","20221003","0","0","0","0","0","0","0","0","0","0","0","0","0","0","0","0","0","0","0","0","0","0","0","0","0","0","0","0","0","0","0","0","0","0","0","0","0","0","0","0","0","0","0","0","0","0","0","0"
"00001189","용봉쌍용아파트","00000016","송정29","20221003","11","20","13","20","8","16","10","16","0","2","0","2","3","2","3","2","0","1","0","1","0","0","0","0","0","0","0","0","0","1","0","1","0","0","0","0","0","0","0","0","0","0","0","0","0","0","0","0"
"00001189","용봉쌍용아파트","00000037","상무63","20221003","1","3","1","3","1","3","1","3","0","0","0","0","0","0","0","0","0","0","0","0","0","0","0","0","0","0","0","0","0","0","0","0","0","0","0","0","0","0","0","0","0","0","0","0","0","0","0","0"
"00001189","용봉쌍용아파트","00000118","문흥53","20221003","10","5","6","5","10","5","5","5","0","0","0","0","0","0","1","0","0","0","2","0","0","0","2","0","0","0","0","0","0","0","0","0","0","0","0","0","0","0","0","0","0","0","0","0","0","0","0","0"
"00001190","용봉쌍용아파트","00000016","송정29","20221003","0","9","2","9","0","5","1","5","0","0","0","0","0","4","1","4","1","1","2","1","1","1","2","1","0","0","0","0","0","0","0","0","0","0","0","0","0","0","0","0","0","0","0","0","0","0","0","0"
"00001190","용봉쌍용아파트","00000037","상무63","20221003","0","0","0","0","0","0","0","0","0","0","0","0","0","0","0","0","0","0","0","0","0","0","0","0","0","0","0","0","0","0","0","0","0","0","0","0","0","0","0","0","0","0","0","0","0","0","0","0"
"00001190","용봉쌍용아파트","00000118","문흥53","20221003","0","0","0","0","0","0","0","0","0","0","0","0","0","0","0","0","0","0","1","0","0","0","1","0","0","0","0","0","0","0","0","0","0","0","0","0","0","0","0","0","0","0","0","0","0","0","0","0"
"00001191","전남대병원/남광주시장","00000005","첨단09","20221003","13","6","5","6","13","6","5","6","0","0","0","0","0","0","0","0","10","1","5","1","9","1","3","1","0","0","0","0","1","0","2","0","25","8","3","8","25","8","3","8","0","0","0","0","0","0","0","0"
"00001191","전남대병원/남광주시장","00000019","봉선37","20221003","4","2","7","2","4","2","7","2","0","0","0","0","0","0","0","0","5","9","5","9","5","9","5","9","0","0","0","0","0","0","0","0","5","15","26","15","3","15","23","15","0","0","0","0","2","0","3","0"
"00001191","전남대병원/남광주시장","00000023","지원45","20221003","2","3","2","3","2","3","2","3","0","0","0","0","0","0","0","0","15","6","9","6","15","6","7","6","0","0","0","0","0","0","2","0","2","1","3","1","2","1","3","1","0","0","0","0","0","0","0","0"
"00001191","전남대병원/남광주시장","00000026","운림51","20221003","6","5","6","5","6","5","6","5","0","0","0","0","0","0","0","0","11","11","11","11","11","11","11","11","0","0","0","0","0","0","0","0","24","3","3","3","24","3","3","3","0","0","0","0","0","0","0","0"
"00001191","전남대병원/남광주시장","00000027","지원52","20221003","3","1","0","1","3","1","0","1","0","0","0","0","0","0","0","0","4","0","0","0","4","0","0","0","0","0","0","0","0","0","0","0","3","0","0","0","3","0","0","0","0","0","0","0","0","0","0","0"
"00001191","전남대병원/남광주시장","00000029","운림54","20221003","10","5","4","5","10","5","4","5","0","0","0","0","0","0","0","0","17","15","16","15","17","14","16","14","0","0","0","0","0","1","0","1","18","12","1","12","18","12","1","12","0","0","0","0","0","0","0","0"
"00001191","전남대병원/남광주시장","00000034","금남59","20221003","3","4","2","4","3","4","2","4","0","0","0","0","0","0","0","0","5","3","6","3","5","3","5","3","0","0","0","0","0","0","1","0","3","4","7","4","3","4","7","4","0","0","0","0","0","0","0","0"
"00001191","전남대병원/남광주시장","00000065","첨단95","20221003","5","5","3","5","5","5","3","5","0","0","0","0","0","0","0","0","9","8","8","8","9","8","7","8","0","0","0","0","0","0","1","0","4","2","2","2","4","2","2","2","0","0","0","0","0","0","0","0"
"00001191","전남대병원/남광주시장","00000071","228(구151화순사평)","20221003","6","4","0","4","6","3","0","3","0","0","0","0","0","1","0","1","2","0","0","0","2","0","0","0","0","0","0","0","0","0","0","0","3","1","0","1","3","1","0","1","0","0","0","0","0","0","0","0"
"00001191","전남대병원/남광주시장","00000072","지원152(능주역)","20221003","4","0","4","0","4","0","4","0","0","0","0","0","0","0","0","0","0","0","0","0","0","0","0","0","0","0","0","0","0","0","0","0","3","0","2","0","3","0","2","0","0","0","0","0","0","0","0","0"
"00001191","전남대병원/남광주시장","00000098","수완49","20221003","3","0","1","0","3","0","1","0","0","0","0","0","0","0","0","0","0","4","2","4","0","4","2","4","0","0","0","0","0","0","0","0","3","0","3","0","3","0","3","0","0","0","0","0","0","0","0","0"
"00001191","전남대병원/남광주시장","00000102","수완12","20221003","2","6","0","6","1","6","0","6","0","0","0","0","1","0","0","0","2","3","0","3","2","3","0","3","0","0","0","0","0","0","0","0","9","2","0","2","9","2","0","2","0","0","0","0","0","0","0","0"
"00001191","전남대병원/남광주시장","00000122","228(화순전대병원)","20221003","0","5","3","5","0","5","3","5","0","0","0","0","0","0","0","0","0","2","4","2","0","2","4","2","0","0","0","0","0","0","0","0","3","2","3","2","3","2","3","2","0","0","0","0","0","0","0","0"
"00001191","전남대병원/남광주시장","00000123","지원152(도웅리)","20221003","0","4","1","4","0","4","1","4","0","0","0","0","0","0","0","0","0","0","1","0","0","0","1","0","0","0","0","0","0","0","0","0","1","5","2","5","1","5","2","5","0","0","0","0","0","0","0","0"
"00001192","전남대병원/남광주시장","00000005","첨단09","20221003","19","7","18","7","18","7","18","7","0","0","0","0","1","0","0","0","8","11","7","11","8","11","7","11","0","0","0","0","0","0","0","0","13","15","6","15","13","11","4","11","0","1","0","1","0","3","2","3"
"00001192","전남대병원/남광주시장","00000019","봉선37","20221003","7","6","8","6","7","6","7","6","0","0","0","0","0","0","1","0","9","15","4","15","9","13","3","13","0","0","0","0","0","2","1","2","7","11","6","11","7","11","6","11","0","0","0","0","0","0","0","0"
"00001192","전남대병원/남광주시장","00000023","지원45","20221003","11","3","9","3","11","3","9","3","0","0","0","0","0","0","0","0","5","1","1","1","5","1","1","1","0","0","0","0","0","0","0","0","5","9","7","9","5","9","7","9","0","0","0","0","0","0","0","0"
"00001192","전남대병원/남광주시장","00000026","운림51","20221003","16","8","22","8","16","8","21","8","0","0","0","0","0","0","1","0","7","10","4","10","7","10","4","10","0","0","0","0","0","0","0","0","5","8","5","8","4","8","5","8","0","0","0","0","1","0","0","0"
"00001192","전남대병원/남광주시장","00000027","지원52","20221003","0","0","0","0","0","0","0","0","0","0","0","0","0","0","0","0","1","2","4","2","1","2","4","2","0","0","0","0","0","0","0","0","0","0","0","0","0","0","0","0","0","0","0","0","0","0","0","0"
"00001192","전남대병원/남광주시장","00000029","운림54","20221003","37","28","42","28","37","27","41","27","0","0","0","0","0","1","1","1","5","21","6","21","5","21","6","21","0","0","0","0","0","0","0","0","18","16","11","16","18","16","11","16","0","0","0","0","0","0","0","0"
"00001192","전남대병원/남광주시장","00000034","금남59","20221003","9","3","0","3","9","3","0","3","0","0","0","0","0","0","0","0","4","2","2","2","4","2","2","2","0","0","0","0","0","0","0","0","0","2","3","2","0","2","3","2","0","0","0","0","0","0","0","0"
"00001192","전남대병원/남광주시장","00000065","첨단95","20221003","4","4","4","4","4","4","4","4","0","0","0","0","0","0","0","0","9","4","7","4","9","4","7","4","0","0","0","0","0","0","0","0","4","6","6","6","4","6","6","6","0","0","0","0","0","0","0","0"
"00001192","전남대병원/남광주시장","00000071","228(구151화순사평)","20221003","2","0","0","0","2","0","0","0","0","0","0","0","0","0","0","0","7","0","0","0","7","0","0","0","0","0","0","0","0","0","0","0","0","0","0","0","0","0","0","0","0","0","0","0","0","0","0","0"
"00001192","전남대병원/남광주시장","00000072","지원152(능주역)","20221003","2","0","0","0","2","0","0","0","0","0","0","0","0","0","0","0","6","5","0","5","6","5","0","5","0","0","0","0","0","0","0","0","1","0","0","0","1","0","0","0","0","0","0","0","0","0","0","0"
"00001192","전남대병원/남광주시장","00000098","수완49","20221003","1","1","4","1","1","1","4","1","0","0","0","0","0","0","0","0","3","4","0","4","3","4","0","4","0","0","0","0","0","0","0","0","0","1","1","1","0","1","1","1","0","0","0","0","0","0","0","0"
"00001192","전남대병원/남광주시장","00000102","수완12","20221003","5","6","3","6","5","6","3","6","0","0","0","0","0","0","0","0","2","5","0","5","2","5","0","5","0","0","0","0","0","0","0","0","3","8","1","8","3","8","1","8","0","0","0","0","0","0","0","0"
"00001192","전남대병원/남광주시장","00000122","228(화순전대병원)","20221003","0","0","1","0","0","0","1","0","0","0","0","0","0","0","0","0","0","8","1","8","0","8","1","8","0","0","0","0","0","0","0","0","0","4","1","4","0","4","1","4","0","0","0","0","0","0","0","0"
"00001192","전남대병원/남광주시장","00000123","지원152(도웅리)","20221003","0","0","1","0","0","0","1","0","0","0","0","0","0","0","0","0","0","1","3","1","0","1","3","1","0","0","0","0","0","0","0","0","0","1","0","1","0","1","0","1","0","0","0","0","0","0","0","0"
"00001192","전남대병원/남광주시장","00000208","마을715(대촌)","20221003","1","0","0","0","1","0","0","0","0","0","0","0","0","0","0","0","0","0","0","0","0","0","0","0","0","0","0","0","0","0","0","0","0","0","0","0","0","0","0","0","0","0","0","0","0","0","0","0"
"00001193","전남여고","00000019","봉선37","20221003","2","7","9","7","2","7","9","7","0","0","0","0","0","0","0","0","3","2","1","2","3","2","1","2","0","0","0","0","0","0","0","0","0","1","0","1","0","1","0","1","0","0","0","0","0","0","0","0"
"00001193","전남여고","00000027","지원52","20221003","0","1","0","1","0","1","0","1","0","0","0","0","0","0","0","0","0","0","0","0","0","0","0","0","0","0","0","0","0","0","0","0","0","0","0","0","0","0","0","0","0","0","0","0","0","0","0","0"
"00001193","전남여고","00000029","운림54","20221003","7","14","37","14","7","13","32","13","0","0","0","0","0","1","5","1","2","9","5","9","2","9","5","9","0","0","0","0","0","0","0","0","1","4","2","4","1","4","2","4","0","0","0","0","0","0","0","0"
"00001193","전남여고","00000058","석곡87","20221003","0","1","0","1","0","1","0","1","0","0","0","0","0","0","0","0","0","0","0","0","0","0","0","0","0","0","0","0","0","0","0","0","0","0","0","0","0","0","0","0","0","0","0","0","0","0","0","0"
"00001193","전남여고","00000072","지원152(능주역)","20221003","0","0","0","0","0","0","0","0","0","0","0","0","0","0","0","0","3","3","0","3","3","3","0","3","0","0","0","0","0","0","0","0","0","0","0","0","0","0","0","0","0","0","0","0","0","0","0","0"
"00001193","전남여고","00000086","518","20221003","0","0","2","0","0","0","2","0","0","0","0","0","0","0","0","0","0","2","0","2","0","2","0","2","0","0","0","0","0","0","0","0","0","2","0","2","0","2","0","2","0","0","0","0","0","0","0","0"
"00001193","전남여고","00000091","송암74","20221003","0","1","6","1","0","0","6","0","0","0","0","0","0","1","0","1","4","7","4","7","4","7","3","7","0","0","0","0","0","0","1","0","0","0","3","0","0","0","3","0","0","0","0","0","0","0","0","0"
"00001193","전남여고","00000097","1187-1","20221003","1","0","0","0","1","0","0","0","0","0","0","0","0","0","0","0","1","1","2","1","0","1","2","1","0","0","0","0","1","0","0","0","1","0","0","0","1","0","0","0","0","0","0","0","0","0","0","0"
"00001193","전남여고","00000098","수완49","20221003","0","2","3","2","0","2","2","2","0","0","0","0","0","0","1","0","0","0","0","0","0","0","0","0","0","0","0","0","0","0","0","0","0","1","0","1","0","1","0","1","0","0","0","0","0","0","0","0"
"00001193","전남여고","00000106","두암81(무등파크)","20221003","0","0","1","0","0","0","1","0","0","0","0","0","0","0","0","0","0","1","0","1","0","0","0","0","0","0","0","0","0","1","0","1","0","0","0","0","0","0","0","0","0","0","0","0","0","0","0","0"
"00001193","전남여고","00000123","지원152(도웅리)","20221003","0","0","3","0","0","0","3","0","0","0","0","0","0","0","0","0","0","2","3","2","0","2","2","2","0","0","0","0","0","0","1","0","0","1","0","1","0","1","0","1","0","0","0","0","0","0","0","0"
"00001193","전남여고","00000130","두암81","20221003","0","0","1","0","0","0","1","0","0","0","0","0","0","0","0","0","0","0","0","0","0","0","0","0","0","0","0","0","0","0","0","0","0","1","0","1","0","1","0","1","0","0","0","0","0","0","0","0"
"00001196","전남여고","00000019","봉선37","20221003","4","5","13","5","4","5","13","5","0","0","0","0","0","0","0","0","2","4","3","4","2","4","3","4","0","0","0","0","0","0","0","0","4","1","7","1","3","1","6","1","0","0","0","0","1","0","1","0"
"00001196","전남여고","00000027","지원52","20221003","0","0","0","0","0","0","0","0","0","0","0","0","0","0","0","0","0","0","0","0","0","0","0","0","0","0","0","0","0","0","0","0","0","0","0","0","0","0","0","0","0","0","0","0","0","0","0","0"
"00001196","전남여고","00000029","운림54","20221003","4","5","5","5","4","5","5","5","0","0","0","0","0","0","0","0","2","16","17","16","1","14","15","14","0","2","0","2","1","0","2","0","2","3","0","3","2","3","0","3","0","0","0","0","0","0","0","0"
"00001196","전남여고","00000031","419","20221003","0","0","0","0","0","0","0","0","0","0","0","0","0","0","0","0","2","1","5","1","2","1","5","1","0","0","0","0","0","0","0","0","2","0","0","0","1","0","0","0","0","0","0","0","1","0","0","0"
"00001196","전남여고","00000032","금남57","20221003","0","0","0","0","0","0","0","0","0","0","0","0","0","0","0","0","1","2","2","2","1","2","2","2","0","0","0","0","0","0","0","0","0","0","2","0","0","0","2","0","0","0","0","0","0","0","0","0"
"00001196","전남여고","00000033","금남58","20221003","0","0","4","0","0","0","4","0","0","0","0","0","0","0","0","0","4","3","0","3","3","3","0","3","0","0","0","0","1","0","0","0","0","0","0","0","0","0","0","0","0","0","0","0","0","0","0","0"
"00001196","전남여고","00000052","두암81(각화초교)","20221003","0","0","0","0","0","0","0","0","0","0","0","0","0","0","0","0","0","0","0","0","0","0","0","0","0","0","0","0","0","0","0","0","1","0","0","0","1","0","0","0","0","0","0","0","0","0","0","0"
"00001196","전남여고","00000072","지원152(능주역)","20221003","0","0","3","0","0","0","3","0","0","0","0","0","0","0","0","0","0","0","0","0","0","0","0","0","0","0","0","0","0","0","0","0","0","0","0","0","0","0","0","0","0","0","0","0","0","0","0","0"
"00001196","전남여고","00000086","518","20221003","0","0","3","0","0","0","2","0","0","0","0","0","0","0","1","0","1","0","0","0","1","0","0","0","0","0","0","0","0","0","0","0","0","0","0","0","0","0","0","0","0","0","0","0","0","0","0","0"
"00001196","전남여고","00000091","송암74","20221003","0","3","11","3","0","3","10","3","0","0","0","0","0","0","1","0","1","0","0","0","1","0","0","0","0","0","0","0","0","0","0","0","0","5","0","5","0","5","0","5","0","0","0","0","0","0","0","0"
"00001196","전남여고","00000098","수완49","20221003","1","1","3","1","1","1","3","1","0","0","0","0","0","0","0","0","0","0","1","0","0","0","1","0","0","0","0","0","0","0","0","0","2","0","1","0","2","0","1","0","0","0","0","0","0","0","0","0"
"00001196","전남여고","00000123","지원152(도웅리)","20221003","2","0","1","0","2","0","1","0","0","0","0","0","0","0","0","0","0","0","0","0","0","0","0","0","0","0","0","0","0","0","0","0","0","0","0","0","0","0","0","0","0","0","0","0","0","0","0","0"
"00001196","전남여고","00000129","두암81(장등동)","20221003","0","0","0","0","0","0","0","0","0","0","0","0","0","0","0","0","0","1","0","1","0","1","0","1","0","0","0","0","0","0","0","0","0","0","1","0","0","0","1","0","0","0","0","0","0","0","0","0"
"00001198","전남학숙","00000074","진월177","20221003","0","0","0","0","0","0","0","0","0","0","0","0","0","0","0","0","0","0","0","0","0","0","0","0","0","0","0","0","0","0","0","0","0","0","0","0","0","0","0","0","0","0","0","0","0","0","0","0"
"00001199","전남대스포츠센터","00000004","진월07","20221003","21","53","99","53","20","47","90","47","0","0","1","0","1","6","8","6","2","12","10","12","1","10","10","10","1","1","0","1","0","1","0","1","2","8","7","8","2","7","6","7","0","0","1","0","0","1","0","1"
"00001199","전남대스포츠센터","00000009","문흥18","20221003","7","29","56","29","7","23","49","23","0","0","0","0","0","6","7","6","2","8","6","8","2","7","5","7","0","0","0","0","0","1","1","1","2","2","4","2","2","1","4","1","0","0","0","0","0","1","0","1"
"00001199","전남대스포츠센터","00000077","용전184","20221003","0","0","0","0","0","0","0","0","0","0","0","0","0","0","0","0","0","2","0","2","0","2","0","2","0","0","0","0","0","0","0","0","0","2","1","2","0","0","1","0","0","0","0","0","0","2","0","2"
"00001200","전남대스포츠센터","00000004","진월07","20221003","11","28","74","28","11","22","55","22","0","1","3","1","0","5","16","5","10","15","37","15","10","13","34","13","0","0","0","0","0","2","3","2","1","2","2","2","1","2","1","2","0","0","0","0","0","0","1","0"
"00001200","전남대스포츠센터","00000009","문흥18","20221003","4","11","24","11","4","8","19","8","0","0","2","0","0","3","3","3","7","7","8","7","5","7","8","7","0","0","0","0","2","0","0","0","3","3","8","3","3","3","6","3","0","0","1","0","0","0","1","0"
"00001200","전남대스포츠센터","00000077","용전184","20221003","1","1","13","1","1","1","7","1","0","0","0","0","0","0","6","0","0","0","0","0","0","0","0","0","0","0","0","0","0","0","0","0","1","0","0","0","1","0","0","0","0","0","0","0","0","0","0","0"
"00001200","전남대스포츠센터","00000213","마을788","20221003","0","0","9","0","0","0","6","0","0","0","0","0","0","0","3","0","0","0","0","0","0","0","0","0","0","0","0","0","0","0","0","0","0","1","1","1","0","1","1","1","0","0","0","0","0","0","0","0"
"00001201","전남대동문","00000010","송정19","20221003","2","2","9","2","2","2","7","2","0","0","0","0","0","0","2","0","2","3","1","3","2","3","1","3","0","0","0","0","0","0","0","0","0","2","1","2","0","2","1","2","0","0","0","0","0","0","0","0"
"00001201","전남대동문","00000015","일곡28","20221003","0","2","15","2","0","2","14","2","0","0","0","0","0","0","1","0","4","3","0","3","3","3","0","3","0","0","0","0","1","0","0","0","1","0","0","0","1","0","0","0","0","0","0","0","0","0","0","0"
"00001201","전남대동문","00000020","일곡38","20221003","0","1","8","1","0","1","7","1","0","0","0","0","0","0","1","0","2","1","1","1","2","1","1","1","0","0","0","0","0","0","0","0","1","0","0","0","1","0","0","0","0","0","0","0","0","0","0","0"
"00001201","전남대동문","00000031","419","20221003","0","2","1","2","0","2","1","2","0","0","0","0","0","0","0","0","0","0","1","0","0","0","0","0","0","0","1","0","0","0","0","0","0","1","0","1","0","1","0","1","0","0","0","0","0","0","0","0"
"00001201","전남대동문","00000051","문흥80","20221003","0","3","1","3","0","2","1","2","0","0","0","0","0","1","0","1","0","2","2","2","0","2","2","2","0","0","0","0","0","0","0","0","0","0","0","0","0","0","0","0","0","0","0","0","0","0","0","0"
"00001201","전남대동문","00000054","용봉83","20221003","0","1","0","1","0","0","0","0","0","0","0","0","0","1","0","1","2","4","4","4","2","3","4","3","0","1","0","1","0","0","0","0","0","0","0","0","0","0","0","0","0","0","0","0","0","0","0","0"
"00001201","전남대동문","00000213","마을788","20221003","0","1","0","1","0","0","0","0","0","0","0","0","0","1","0","1","0","3","0","3","0","2","0","2","0","0","0","0","0","1","0","1","0","0","0","0","0","0","0","0","0","0","0","0","0","0","0","0"
"00001202","전남대동문","00000010","송정19","20221003","0","1","9","1","0","0","6","0","0","0","0","0","0","1","3","1","1","0","0","0","1","0","0","0","0","0","0","0","0","0","0","0","0","0","5","0","0","0","4","0","0","0","0","0","0","0","1","0"
"00001202","전남대동문","00000015","일곡28","20221003","1","3","14","3","1","3","10","3","0","0","0","0","0","0","4","0","2","3","3","3","2","3","3","3","0","0","0","0","0","0","0","0","0","2","0","2","0","2","0","2","0","0","0","0","0","0","0","0"
"00001202","전남대동문","00000020","일곡38","20221003","2","4","4","4","2","4","1","4","0","0","0","0","0","0","3","0","0","1","2","1","0","1","2","1","0","0","0","0","0","0","0","0","0","1","2","1","0","1","2","1","0","0","0","0","0","0","0","0"
"00001202","전남대동문","00000031","419","20221003","0","0","7","0","0","0","4","0","0","0","1","0","0","0","2","0","1","0","0","0","1","0","0","0","0","0","0","0","0","0","0","0","0","1","0","1","0","1","0","1","0","0","0","0","0","0","0","0"
"00001202","전남대동문","00000051","문흥80","20221003","0","0","4","0","0","0","4","0","0","0","0","0","0","0","0","0","0","0","0","0","0","0","0","0","0","0","0","0","0","0","0","0","0","0","0","0","0","0","0","0","0","0","0","0","0","0","0","0"
"00001202","전남대동문","00000054","용봉83","20221003","3","5","14","5","3","3","11","3","0","0","0","0","0","2","3","2","0","1","0","1","0","1","0","1","0","0","0","0","0","0","0","0","0","1","0","1","0","1","0","1","0","0","0","0","0","0","0","0"
"00001202","전남대동문","00000213","마을788","20221003","0","0","3","0","0","0","1","0","0","0","1","0","0","0","1","0","0","0","0","0","0","0","0","0","0","0","0","0","0","0","0","0","0","0","1","0","0","0","1","0","0","0","0","0","0","0","0","0"
"00001204","전남대사거리(서)","00000013","매월26","20221003","1","2","3","2","1","1","3","1","0","0","0","0","0","1","0","1","1","4","4","4","1","4","3","4","0","0","1","0","0","0","0","0","0","1","0","1","0","1","0","1","0","0","0","0","0","0","0","0"
"00001204","전남대사거리(서)","00000038","상무64","20221003","1","0","0","0","1","0","0","0","0","0","0","0","0","0","0","0","1","0","0","0","1","0","0","0","0","0","0","0","0","0","0","0","0","0","1","0","0","0","1","0","0","0","0","0","0","0","0","0"
"00001204","전남대사거리(서)","00000043","송암72","20221003","2","3","3","3","2","3","3","3","0","0","0","0","0","0","0","0","0","0","0","0","0","0","0","0","0","0","0","0","0","0","0","0","1","0","1","0","1","0","1","0","0","0","0","0","0","0","0","0"
"00001204","전남대사거리(서)","00000054","용봉83","20221003","0","0","1","0","0","0","1","0","0","0","0","0","0","0","0","0","0","1","0","1","0","1","0","1","0","0","0","0","0","0","0","0","1","0","0","0","1","0","0","0","0","0","0","0","0","0","0","0"
"00001204","전남대사거리(서)","00000098","수완49","20221003","0","0","2","0","0","0","2","0","0","0","0","0","0","0","0","0","0","0","2","0","0","0","2","0","0","0","0","0","0","0","0","0","0","1","1","1","0","1","1","1","0","0","0","0","0","0","0","0"
"00001204","전남대사거리(서)","00000109","좌석02","20221003","3","6","8","6","3","6","8","6","0","0","0","0","0","0","0","0","0","0","0","0","0","0","0","0","0","0","0","0","0","0","0","0","0","4","0","4","0","4","0","4","0","0","0","0","0","0","0","0"
"00001205","전남대사거리(서)","00000043","송암72","20221003","0","1","4","1","0","1","3","1","0","0","0","0","0","0","1","0","3","1","4","1","3","1","4","1","0","0","0","0","0","0","0","0","0","0","0","0","0","0","0","0","0","0","0","0","0","0","0","0"
"00001205","전남대사거리(서)","00000054","용봉83","20221003","0","1","0","1","0","1","0","1","0","0","0","0","0","0","0","0","2","3","1","3","2","2","1","2","0","0","0","0","0","1","0","1","0","1","0","1","0","1","0","1","0","0","0","0","0","0","0","0"
"00001205","전남대사거리(서)","00000098","수완49","20221003","1","1","2","1","1","1","2","1","0","0","0","0","0","0","0","0","2","2","0","2","2","2","0","2","0","0","0","0","0","0","0","0","0","0","0","0","0","0","0","0","0","0","0","0","0","0","0","0"
"00001205","전남대사거리(서)","00000109","좌석02","20221003","7","8","0","8","7","8","0","8","0","0","0","0","0","0","0","0","3","5","6","5","3","5","6","5","0","0","0","0","0","0","0","0","0","0","2","0","0","0","2","0","0","0","0","0","0","0","0","0"
"00001206","전남대사거리(동)","00000001","순환01(시청행)","20221003","4","7","4","7","4","7","3","7","0","0","0","0","0","0","1","0","4","2","9","2","4","2","9","2","0","0","0","0","0","0","0","0","0","1","3","1","0","1","3","1","0","0","0","0","0","0","0","0"
"00001206","전남대사거리(동)","00000004","진월07","20221003","4","8","10","8","3","7","10","7","0","0","0","0","1","1","0","1","4","2","3","2","4","2","3","2","0","0","0","0","0","0","0","0","12","24","45","24","12","21","42","21","0","1","0","1","0","2","3","2"
"00001206","전남대사거리(동)","00000009","문흥18","20221003","4","8","8","8","4","8","6","8","0","0","0","0","0","0","2","0","1","1","1","1","1","1","1","1","0","0","0","0","0","0","0","0","8","12","21","12","8","11","21","11","0","0","0","0","0","1","0","1"
"00001206","전남대사거리(동)","00000014","봉선27","20221003","3","1","1","1","3","1","1","1","0","0","0","0","0","0","0","0","1","1","3","1","1","1","3","1","0","0","0","0","0","0","0","0","3","6","20","6","3","5","18","5","0","0","0","0","0","1","2","1"
"00001206","전남대사거리(동)","00000024","송암47","20221003","1","1","3","1","1","1","3","1","0","0","0","0","0","0","0","0","1","3","2","3","1","3","2","3","0","0","0","0","0","0","0","0","2","1","3","1","2","1","3","1","0","0","0","0","0","0","0","0"
"00001206","전남대사거리(동)","00000030","금남55","20221003","0","2","2","2","0","2","2","2","0","0","0","0","0","0","0","0","0","1","3","1","0","1","3","1","0","0","0","0","0","0","0","0","0","0","6","0","0","0","6","0","0","0","0","0","0","0","0","0"
"00001206","전남대사거리(동)","00000114","수완03","20221003","2","5","11","5","2","5","10","5","0","0","0","0","0","0","1","0","5","19","36","19","5","18","32","18","0","0","1","0","0","1","3","1","3","1","3","1","3","1","3","1","0","0","0","0","0","0","0","0"
"00001207","전남대사거리(동)","00000004","진월07","20221003","14","25","20","25","14","22","19","22","0","0","0","0","0","3","1","3","14","16","18","16","14","16","18","16","0","0","0","0","0","0","0","0","3","6","1","6","3","6","1","6","0","0","0","0","0","0","0","0"
"00001207","전남대사거리(동)","00000009","문흥18","20221003","2","2","11","2","2","2","9","2","0","0","0","0","0","0","2","0","7","21","7","21","7","19","7","19","0","1","0","1","0","1","0","1","3","2","4","2","3","2","4","2","0","0","0","0","0","0","0","0"
"00001207","전남대사거리(동)","00000014","봉선27","20221003","6","6","4","6","6","5","3","5","0","0","0","0","0","1","1","1","3","6","2","6","3","5","2","5","0","0","0","0","0","1","0","1","2","4","3","4","2","4","1","4","0","0","0","0","0","0","2","0"
"00001207","전남대사거리(동)","00000024","송암47","20221003","3","1","2","1","3","0","2","0","0","0","0","0","0","1","0","1","0","0","1","0","0","0","1","0","0","0","0","0","0","0","0","0","1","4","1","4","1","4","1","4","0","0","0","0","0","0","0","0"
"00001207","전남대사거리(동)","00000030","금남55","20221003","0","0","1","0","0","0","1","0","0","0","0","0","0","0","0","0","2","1","1","1","2","1","1","1","0","0","0","0","0","0","0","0","0","1","0","1","0","1","0","1","0","0","0","0","0","0","0","0"
"00001207","전남대사거리(동)","00000112","순환01(운천저수지)","20221003","4","6","10","6","4","5","9","5","0","0","0","0","0","1","1","1","2","0","5","0","2","0","5","0","0","0","0","0","0","0","0","0","6","14","10","14","6","12","10","12","0","0","0","0","0","2","0","2"
"00001207","전남대사거리(동)","00000114","수완03","20221003","13","8","16","8","13","8","12","8","0","0","0","0","0","0","4","0","14","9","13","9","13","8","13","8","0","1","0","1","1","0","0","0","29","24","33","24","28","20","33","20","0","1","0","1","1","3","0","3"
"00001208","전대치과병원","00000013","매월26","20221003","4","4","0","4","4","4","0","4","0","0","0","0","0","0","0","0","0","2","2","2","0","2","2","2","0","0","0","0","0","0","0","0","0","0","0","0","0","0","0","0","0","0","0","0","0","0","0","0"
"00001208","전대치과병원","00000017","첨단30","20221003","1","1","2","1","1","1","1","1","0","0","0","0","0","0","1","0","0","2","1","2","0","2","1","2","0","0","0","0","0","0","0","0","0","2","0","2","0","2","0","2","0","0","0","0","0","0","0","0"
"00001208","전대치과병원","00000032","금남57","20221003","2","1","2","1","2","1","2","1","0","0","0","0","0","0","0","0","0","1","0","1","0","1","0","1","0","0","0","0","0","0","0","0","0","0","0","0","0","0","0","0","0","0","0","0","0","0","0","0"
"00001208","전대치과병원","00000038","상무64","20221003","0","0","0","0","0","0","0","0","0","0","0","0","0","0","0","0","0","0","0","0","0","0","0","0","0","0","0","0","0","0","0","0","0","0","0","0","0","0","0","0","0","0","0","0","0","0","0","0"
"00001208","전대치과병원","00000072","지원152(능주역)","20221003","0","0","0","0","0","0","0","0","0","0","0","0","0","0","0","0","0","1","0","1","0","1","0","1","0","0","0","0","0","0","0","0","0","0","0","0","0","0","0","0","0","0","0","0","0","0","0","0"
"00001209","전대치과병원","00000013","매월26","20221003","2","7","3","7","2","7","3","7","0","0","0","0","0","0","0","0","3","2","5","2","3","2","4","2","0","0","1","0","0","0","0","0","0","0","0","0","0","0","0","0","0","0","0","0","0","0","0","0"
"00001209","전대치과병원","00000017","첨단30","20221003","2","5","4","5","2","5","4","5","0","0","0","0","0","0","0","0","0","2","2","2","0","2","2","2","0","0","0","0","0","0","0","0","0","0","0","0","0","0","0","0","0","0","0","0","0","0","0","0"
"00001209","전대치과병원","00000032","금남57","20221003","0","2","2","2","0","1","2","1","0","0","0","0","0","1","0","1","0","3","0","3","0","3","0","3","0","0","0","0","0","0","0","0","0","0","0","0","0","0","0","0","0","0","0","0","0","0","0","0"
"00001209","전대치과병원","00000038","상무64","20221003","0","2","2","2","0","2","2","2","0","0","0","0","0","0","0","0","0","2","0","2","0","2","0","2","0","0","0","0","0","0","0","0","0","0","0","0","0","0","0","0","0","0","0","0","0","0","0","0"
"00001209","전대치과병원","00000072","지원152(능주역)","20221003","2","0","0","0","2","0","0","0","0","0","0","0","0","0","0","0","0","0","0","0","0","0","0","0","0","0","0","0","0","0","0","0","0","0","0","0","0","0","0","0","0","0","0","0","0","0","0","0"
"00001209","전대치과병원","00000123","지원152(도웅리)","20221003","0","0","0","0","0","0","0","0","0","0","0","0","0","0","0","0","0","0","0","0","0","0","0","0","0","0","0","0","0","0","0","0","0","0","0","0","0","0","0","0","0","0","0","0","0","0","0","0"
"00001210","전남대","00000013","매월26","20221003","12","23","13","23","12","22","13","22","0","0","0","0","0","1","0","1","2","1","0","1","2","1","0","1","0","0","0","0","0","0","0","0","0","1","0","1","0","0","0","0","0","0","0","0","0","1","0","1"
"00001210","전남대","00000017","첨단30","20221003","5","5","11","5","4","5","11","5","0","0","0","0","1","0","0","0","8","6","9","6","8","6","9","6","0","0","0","0","0","0","0","0","0","3","0","3","0","3","0","3","0","0","0","0","0","0","0","0"
"00001210","전남대","00000032","금남57","20221003","4","14","2","14","4","13","1","13","0","1","1","1","0","0","0","0","2","1","2","1","2","1","2","1","0","0","0","0","0","0","0","0","1","0","2","0","1","0","2","0","0","0","0","0","0","0","0","0"
"00001210","전남대","00000038","상무64","20221003","3","2","2","2","3","2","2","2","0","0","0","0","0","0","0","0","0","2","0","2","0","2","0","2","0","0","0","0","0","0","0","0","0","0","0","0","0","0","0","0","0","0","0","0","0","0","0","0"
"00001210","전남대","00000052","두암81(각화초교)","20221003","2","0","0","0","2","0","0","0","0","0","0","0","0","0","0","0","0","0","0","0","0","0","0","0","0","0","0","0","0","0","0","0","0","0","0","0","0","0","0","0","0","0","0","0","0","0","0","0"
"00001210","전남대","00000072","지원152(능주역)","20221003","0","0","0","0","0","0","0","0","0","0","0","0","0","0","0","0","0","0","0","0","0","0","0","0","0","0","0","0","0","0","0","0","0","0","0","0","0","0","0","0","0","0","0","0","0","0","0","0"
"00001210","전남대","00000086","518","20221003","5","2","2","2","5","2","2","2","0","0","0","0","0","0","0","0","1","3","2","3","1","3","2","3","0","0","0","0","0","0","0","0","0","0","3","0","0","0","3","0","0","0","0","0","0","0","0","0"
"00001210","전남대","00000123","지원152(도웅리)","20221003","3","5","1","5","3","5","1","5","0","0","0","0","0","0","0","0","0","0","0","0","0","0","0","0","0","0","0","0","0","0","0","0","0","0","1","0","0","0","1","0","0","0","0","0","0","0","0","0"
"00001210","전남대","00000129","두암81(장등동)","20221003","0","0","3","0","0","0","3","0","0","0","0","0","0","0","0","0","0","1","0","1","0","1","0","1","0","0","0","0","0","0","0","0","0","0","0","0","0","0","0","0","0","0","0","0","0","0","0","0"
"00001210","전남대","00000211","마을777(우치공원)","20221003","1","1","1","1","1","1","1","1","0","0","0","0","0","0","0","0","0","0","0","0","0","0","0","0","0","0","0","0","0","0","0","0","0","0","0","0","0","0","0","0","0","0","0","0","0","0","0","0"
"00001211","전남대","00000013","매월26","20221003","9","5","10","5","9","5","5","5","0","0","1","0","0","0","4","0","0","2","4","2","0","2","3","2","0","0","0","0","0","0","1","0","4","4","3","4","4","4","3","4","0","0","0","0","0","0","0","0"
"00001211","전남대","00000017","첨단30","20221003","1","4","13","4","1","3","9","3","0","0","0","0","0","1","4","1","1","2","1","2","0","2","1","2","1","0","0","0","0","0","0","0","2","1","0","1","2","1","0","1","0","0","0","0","0","0","0","0"
"00001211","전남대","00000032","금남57","20221003","5","2","0","2","5","2","0","2","0","0","0","0","0","0","0","0","0","0","1","0","0","0","1","0","0","0","0","0","0","0","0","0","1","2","1","2","1","2","1","2","0","0","0","0","0","0","0","0"
"00001211","전남대","00000038","상무64","20221003","0","1","2","1","0","1","2","1","0","0","0","0","0","0","0","0","0","0","3","0","0","0","3","0","0","0","0","0","0","0","0","0","0","0","2","0","0","0","2","0","0","0","0","0","0","0","0","0"
"00001211","전남대","00000072","지원152(능주역)","20221003","0","0","0","0","0","0","0","0","0","0","0","0","0","0","0","0","1","1","0","1","1","1","0","1","0","0","0","0","0","0","0","0","0","0","0","0","0","0","0","0","0","0","0","0","0","0","0","0"
"00001211","전남대","00000086","518","20221003","6","4","2","4","6","4","1","4","0","0","0","0","0","0","1","0","0","0","0","0","0","0","0","0","0","0","0","0","0","0","0","0","1","0","0","0","1","0","0","0","0","0","0","0","0","0","0","0"
"00001211","전남대","00000106","두암81(무등파크)","20221003","0","0","1","0","0","0","1","0","0","0","0","0","0","0","0","0","0","0","0","0","0","0","0","0","0","0","0","0","0","0","0","0","0","0","0","0","0","0","0","0","0","0","0","0","0","0","0","0"
"00001211","전남대","00000123","지원152(도웅리)","20221003","0","0","0","0","0","0","0","0","0","0","0","0","0","0","0","0","0","2","2","2","0","1","1","1","0","0","0","0","0","1","1","1","0","0","0","0","0","0","0","0","0","0","0","0","0","0","0","0"
"00001211","전남대","00000130","두암81","20221003","0","1","0","1","0","1","0","1","0","0","0","0","0","0","0","0","0","0","0","0","0","0","0","0","0","0","0","0","0","0","0","0","0","0","0","0","0","0","0","0","0","0","0","0","0","0","0","0"
"00001211","전남대","00000211","마을777(우치공원)","20221003","0","0","0","0","0","0","0","0","0","0","0","0","0","0","0","0","0","1","0","1","0","1","0","1","0","0","0","0","0","0","0","0","0","0","0","0","0","0","0","0","0","0","0","0","0","0","0","0"
"00001213","전망대","00000087","1187","20221003","0","1","2","1","0","1","2","1","0","0","0","0","0","0","0","0","0","0","0","0","0","0","0","0","0","0","0","0","0","0","0","0","0","0","0","0","0","0","0","0","0","0","0","0","0","0","0","0"
"00001214","남부대","00000005","첨단09","20221003","6","20","9","20","6","16","8","16","0","1","0","1","0","3","1","3","3","2","3","2","3","1","3","1","0","0","0","0","0","1","0","1","2","2","7","2","2","1","7","1","0","0","0","0","0","1","0","1"
"00001214","남부대","00000017","첨단30","20221003","5","1","0","1","5","1","0","1","0","0","0","0","0","0","0","0","0","0","0","0","0","0","0","0","0","0","0","0","0","0","0","0","0","0","2","0","0","0","2","0","0","0","0","0","0","0","0","0"
"00001214","남부대","00000116","첨단22","20221003","0","0","2","0","0","0","0","0","0","0","0","0","0","0","2","0","0","0","0","0","0","0","0","0","0","0","0","0","0","0","0","0","1","0","2","0","1","0","1","0","0","0","0","0","0","0","1","0"
"00001214","남부대","00000195","마을720","20221003","0","2","0","2","0","2","0","2","0","0","0","0","0","0","0","0","0","1","0","1","0","1","0","1","0","0","0","0","0","0","0","0","2","0","0","0","2","0","0","0","0","0","0","0","0","0","0","0"
"00001214","남부대","00000203","마을700","20221003","0","1","1","1","0","1","1","1","0","0","0","0","0","0","0","0","0","0","2","0","0","0","2","0","0","0","0","0","0","0","0","0","1","1","0","1","1","1","0","1","0","0","0","0","0","0","0","0"
"00001215","전자공고","00000007","매월16","20221003","3","1","1","1","1","1","1","1","0","0","0","0","2","0","0","0","0","1","0","1","0","1","0","1","0","0","0","0","0","0","0","0","0","0","0","0","0","0","0","0","0","0","0","0","0","0","0","0"
"00001215","전자공고","00000014","봉선27","20221003","4","3","2","3","3","3","2","3","0","0","0","0","1","0","0","0","1","1","0","1","1","1","0","1","0","0","0","0","0","0","0","0","1","1","1","1","1","1","1","1","0","0","0","0","0","0","0","0"
"00001215","전자공고","00000017","첨단30","20221003","0","0","0","0","0","0","0","0","0","0","0","0","0","0","0","0","1","2","3","2","1","1","3","1","0","0","0","0","0","1","0","1","0","0","1","0","0","0","1","0","0","0","0","0","0","0","0","0"
"00001215","전자공고","00000026","운림51","20221003","2","4","0","4","2","4","0","4","0","0","0","0","0","0","0","0","2","0","3","0","2","0","3","0","0","0","0","0","0","0","0","0","0","0","0","0","0","0","0","0","0","0","0","0","0","0","0","0"
"00001215","전자공고","00000092","첨단40","20221003","0","1","0","1","0","0","0","0","0","0","0","0","0","1","0","1","0","0","0","0","0","0","0","0","0","0","0","0","0","0","0","0","1","0","1","0","0","0","1","0","0","0","0","0","1","0","0","0"
"00001215","전자공고","00000116","첨단22","20221003","0","0","0","0","0","0","0","0","0","0","0","0","0","0","0","0","1","0","1","0","0","0","1","0","0","0","0","0","1","0","0","0","0","2","0","2","0","2","0","2","0","0","0","0","0","0","0","0"
"00001215","전자공고","00000203","마을700","20221003","0","0","0","0","0","0","0","0","0","0","0","0","0","0","0","0","1","0","4","0","1","0","4","0","0","0","0","0","0","0","0","0","0","0","0","0","0","0","0","0","0","0","0","0","0","0","0","0"
"00001218","전자공고","00000007","매월16","20221003","0","0","0","0","0","0","0","0","0","0","0","0","0","0","0","0","1","1","0","1","1","1","0","1","0","0","0","0","0","0","0","0","0","0","0","0","0","0","0","0","0","0","0","0","0","0","0","0"
"00001218","전자공고","00000014","봉선27","20221003","0","0","0","0","0","0","0","0","0","0","0","0","0","0","0","0","6","4","3","4","6","4","3","4","0","0","0","0","0","0","0","0","0","0","1","0","0","0","0","0","0","0","0","0","0","0","1","0"
"00001218","전자공고","00000017","첨단30","20221003","0","0","0","0","0","0","0","0","0","0","0","0","0","0","0","0","0","0","1","0","0","0","1","0","0","0","0","0","0","0","0","0","0","0","1","0","0","0","1","0","0","0","0","0","0","0","0","0"
"00001218","전자공고","00000026","운림51","20221003","0","0","0","0","0","0","0","0","0","0","0","0","0","0","0","0","2","2","2","2","2","2","2","2","0","0","0","0","0","0","0","0","0","2","0","2","0","2","0","2","0","0","0","0","0","0","0","0"
"00001218","전자공고","00000092","첨단40","20221003","0","1","0","1","0","1","0","1","0","0","0","0","0","0","0","0","0","1","0","1","0","1","0","1","0","0","0","0","0","0","0","0","0","0","0","0","0","0","0","0","0","0","0","0","0","0","0","0"
"00001218","전자공고","00000116","첨단22","20221003","1","1","0","1","1","1","0","1","0","0","0","0","0","0","0","0","0","1","0","1","0","1","0","1","0","0","0","0","0","0","0","0","0","1","0","1","0","1","0","1","0","0","0","0","0","0","0","0"
"00001218","전자공고","00000203","마을700","20221003","0","1","0","1","0","0","0","0","0","0","0","0","0","1","0","1","0","0","0","0","0","0","0","0","0","0","0","0","0","0","0","0","0","0","1","0","0","0","1","0","0","0","0","0","0","0","0","0"
"00001219","정광고입구","00000019","봉선37","20221003","1","5","12","5","1","2","11","2","0","0","1","0","0","3","0","3","1","0","2","0","1","0","2","0","0","0","0","0","0","0","0","0","0","0","0","0","0","0","0","0","0","0","0","0","0","0","0","0"
"00001219","정광고입구","00000036","상무62(상무역행)","20221003","7","2","0","2","7","1","0","1","0","0","0","0","0","1","0","1","0","0","0","0","0","0","0","0","0","0","0","0","0","0","0","0","0","0","0","0","0","0","0","0","0","0","0","0","0","0","0","0"
"00001219","정광고입구","00000195","마을720","20221003","12","9","9","9","10","6","7","6","0","1","0","1","2","2","2","2","0","0","2","0","0","0","2","0","0","0","0","0","0","0","0","0","0","0","0","0","0","0","0","0","0","0","0","0","0","0","0","0"
"00001219","정광고입구","00000203","마을700","20221003","3","4","3","4","3","3","3","3","0","0","0","0","0","1","0","1","0","1","1","1","0","1","0","1","0","0","0","0","0","0","1","0","0","0","0","0","0","0","0","0","0","0","0","0","0","0","0","0"
"00001220","정광고입구","00000019","봉선37","20221003","10","23","21","23","9","19","13","19","0","0","2","0","1","4","6","4","0","0","2","0","0","0","2","0","0","0","0","0","0","0","0","0","0","0","0","0","0","0","0","0","0","0","0","0","0","0","0","0"
"00001220","정광고입구","00000127","상무62","20221003","4","3","2","3","4","3","2","3","0","0","0","0","0","0","0","0","0","1","0","1","0","1","0","1","0","0","0","0","0","0","0","0","0","0","0","0","0","0","0","0","0","0","0","0","0","0","0","0"
"00001220","정광고입구","00000195","마을720","20221003","4","1","1","1","4","0","1","0","0","0","0","0","0","1","0","1","0","2","0","2","0","2","0","2","0","0","0","0","0","0","0","0","0","0","0","0","0","0","0","0","0","0","0","0","0","0","0","0"
"00001220","정광고입구","00000203","마을700","20221003","3","6","1","6","3","3","1","3","0","0","0","0","0","3","0","3","2","4","2","4","2","4","2","4","0","0","0","0","0","0","0","0","0","0","0","0","0","0","0","0","0","0","0","0","0","0","0","0"
"00001222","제석초교","00000025","운림50","20221003","3","3","2","3","3","3","2","3","0","0","0","0","0","0","0","0","1","4","4","4","1","4","4","4","0","0","0","0","0","0","0","0","0","0","0","0","0","0","0","0","0","0","0","0","0","0","0","0"
"00001222","제석초교","00000034","금남59","20221003","3","1","0","1","3","1","0","1","0","0","0","0","0","0","0","0","1","2","0","2","1","2","0","2","0","0","0","0","0","0","0","0","0","0","0","0","0","0","0","0","0","0","0","0","0","0","0","0"
"00001223","제석초교","00000025","운림50","20221003","0","1","3","1","0","1","3","1","0","0","0","0","0","0","0","0","1","2","0","2","1","2","0","2","0","0","0","0","0","0","0","0","0","1","0","1","0","1","0","1","0","0","0","0","0","0","0","0"
"00001223","제석초교","00000034","금남59","20221003","1","1","0","1","1","1","0","1","0","0","0","0","0","0","0","0","0","0","1","0","0","0","0","0","0","0","0","0","0","0","1","0","0","2","0","2","0","2","0","2","0","0","0","0","0","0","0","0"
"00001224","제일맨션","00000025","운림50","20221003","5","2","2","2","5","1","2","1","0","1","0","1","0","0","0","0","1","2","4","2","1","2","4","2","0","0","0","0","0","0","0","0","0","0","0","0","0","0","0","0","0","0","0","0","0","0","0","0"
"00001224","제일맨션","00000048","진월77","20221003","3","0","3","0","3","0","3","0","0","0","0","0","0","0","0","0","0","0","0","0","0","0","0","0","0","0","0","0","0","0","0","0","0","0","0","0","0","0","0","0","0","0","0","0","0","0","0","0"
"00001225","제일맨션","00000025","운림50","20221003","1","1","4","1","1","0","4","0","0","0","0","0","0","1","0","1","0","0","0","0","0","0","0","0","0","0","0","0","0","0","0","0","0","0","0","0","0","0","0","0","0","0","0","0","0","0","0","0"
"00001225","제일맨션","00000048","진월77","20221003","0","0","0","0","0","0","0","0","0","0","0","0","0","0","0","0","1","0","1","0","1","0","1","0","0","0","0","0","0","0","0","0","0","0","0","0","0","0","0","0","0","0","0","0","0","0","0","0"
"00001226","문화근린공원","00000051","문흥80","20221003","3","4","3","4","2","4","1","4","0","0","0","0","1","0","2","0","0","0","0","0","0","0","0","0","0","0","0","0","0","0","0","0","0","0","0","0","0","0","0","0","0","0","0","0","0","0","0","0"
"00001227","문화근린공원","00000051","문흥80","20221003","0","0","1","0","0","0","1","0","0","0","0","0","0","0","0","0","0","0","2","0","0","0","1","0","0","0","0","0","0","0","1","0","0","0","0","0","0","0","0","0","0","0","0","0","0","0","0","0"
"00001228","신용두","00000055","용전84","20221003","1","0","0","0","1","0","0","0","0","0","0","0","0","0","0","0","0","0","0","0","0","0","0","0","0","0","0","0","0","0","0","0","0","0","0","0","0","0","0","0","0","0","0","0","0","0","0","0"
"00001228","신용두","00000065","첨단95","20221003","3","1","0","1","3","1","0","1","0","0","0","0","0","0","0","0","0","0","0","0","0","0","0","0","0","0","0","0","0","0","0","0","0","0","0","0","0","0","0","0","0","0","0","0","0","0","0","0"
"00001228","신용두","00000203","마을700","20221003","0","0","0","0","0","0","0","0","0","0","0","0","0","0","0","0","0","0","1","0","0","0","1","0","0","0","0","0","0","0","0","0","0","0","0","0","0","0","0","0","0","0","0","0","0","0","0","0"
"00001229","신용두","00000055","용전84","20221003","5","3","2","3","5","2","2","2","0","0","0","0","0","1","0","1","1","0","1","0","1","0","1","0","0","0","0","0","0","0","0","0","0","0","0","0","0","0","0","0","0","0","0","0","0","0","0","0"
"00001229","신용두","00000065","첨단95","20221003","17","20","11","20","17","16","8","16","0","0","1","0","0","4","2","4","0","1","0","1","0","1","0","1","0","0","0","0","0","0","0","0","0","0","0","0","0","0","0","0","0","0","0","0","0","0","0","0"
"00001229","신용두","00000203","마을700","20221003","2","1","1","1","2","1","1","1","0","0","0","0","0","0","0","0","0","0","0","0","0","0","0","0","0","0","0","0","0","0","0","0","0","0","0","0","0","0","0","0","0","0","0","0","0","0","0","0"
"00001230","조선대","00000001","순환01(시청행)","20221003","1","2","9","2","1","2","9","2","0","0","0","0","0","0","0","0","7","8","4","8","7","8","4","8","0","0","0","0","0","0","0","0","1","2","5","2","1","2","4","2","0","0","0","0","0","0","1","0"
"00001230","조선대","00000006","지원15","20221003","0","2","1","2","0","2","1","2","0","0","0","0","0","0","0","0","1","0","0","0","1","0","0","0","0","0","0","0","0","0","0","0","2","1","0","1","2","1","0","1","0","0","0","0","0","0","0","0"
"00001230","조선대","00000008","진월17","20221003","1","2","8","2","1","1","8","1","0","0","0","0","0","1","0","1","3","4","3","4","3","4","3","4","0","0","0","0","0","0","0","0","0","0","0","0","0","0","0","0","0","0","0","0","0","0","0","0"
"00001230","조선대","00000014","봉선27","20221003","1","2","2","2","1","2","2","2","0","0","0","0","0","0","0","0","3","2","0","2","3","2","0","2","0","0","0","0","0","0","0","0","1","0","0","0","1","0","0","0","0","0","0","0","0","0","0","0"
"00001230","조선대","00000015","일곡28","20221003","1","2","5","2","1","2","5","2","0","0","0","0","0","0","0","0","2","1","3","1","2","1","3","1","0","0","0","0","0","0","0","0","0","2","1","2","0","2","1","2","0","0","0","0","0","0","0","0"
"00001230","조선대","00000018","운림35","20221003","1","1","0","1","1","1","0","1","0","0","0","0","0","0","0","0","0","0","0","0","0","0","0","0","0","0","0","0","0","0","0","0","0","2","0","2","0","2","0","2","0","0","0","0","0","0","0","0"
"00001230","조선대","00000030","금남55","20221003","0","0","0","0","0","0","0","0","0","0","0","0","0","0","0","0","0","2","0","2","0","2","0","2","0","0","0","0","0","0","0","0","0","0","0","0","0","0","0","0","0","0","0","0","0","0","0","0"
"00001230","조선대","00000088","금호36","20221003","0","0","0","0","0","0","0","0","0","0","0","0","0","0","0","0","0","0","0","0","0","0","0","0","0","0","0","0","0","0","0","0","0","0","0","0","0","0","0","0","0","0","0","0","0","0","0","0"
"00001230","조선대","00000114","수완03","20221003","1","6","7","6","1","6","5","6","0","0","0","0","0","0","2","0","3","11","10","11","3","10","9","10","0","1","0","1","0","0","1","0","0","4","1","4","0","4","1","4","0","0","0","0","0","0","0","0"
"00001231","조선대","00000006","지원15","20221003","0","0","0","0","0","0","0","0","0","0","0","0","0","0","0","0","1","4","2","4","1","4","2","4","0","0","0","0","0","0","0","0","0","0","0","0","0","0","0","0","0","0","0","0","0","0","0","0"
"00001231","조선대","00000008","진월17","20221003","0","0","0","0","0","0","0","0","0","0","0","0","0","0","0","0","0","0","3","0","0","0","3","0","0","0","0","0","0","0","0","0","0","0","0","0","0","0","0","0","0","0","0","0","0","0","0","0"
"00001231","조선대","00000014","봉선27","20221003","0","1","0","1","0","0","0","0","0","0","0","0","0","1","0","1","1","1","2","1","1","0","2","0","0","1","0","1","0","0","0","0","0","0","0","0","0","0","0","0","0","0","0","0","0","0","0","0"
"00001231","조선대","00000015","일곡28","20221003","0","0","0","0","0","0","0","0","0","0","0","0","0","0","0","0","1","2","5","2","1","2","2","2","0","0","1","0","0","0","2","0","0","0","0","0","0","0","0","0","0","0","0","0","0","0","0","0"
"00001231","조선대","00000018","운림35","20221003","0","0","0","0","0","0","0","0","0","0","0","0","0","0","0","0","2","0","1","0","2","0","0","0","0","0","0","0","0","0","1","0","0","0","0","0","0","0","0","0","0","0","0","0","0","0","0","0"
"00001231","조선대","00000112","순환01(운천저수지)","20221003","0","0","0","0","0","0","0","0","0","0","0","0","0","0","0","0","2","1","2","1","2","1","2","1","0","0","0","0","0","0","0","0","0","0","0","0","0","0","0","0","0","0","0","0","0","0","0","0"
"00001231","조선대","00000114","수완03","20221003","0","0","0","0","0","0","0","0","0","0","0","0","0","0","0","0","1","3","3","3","1","3","3","3","0","0","0","0","0","0","0","0","0","0","0","0","0","0","0","0","0","0","0","0","0","0","0","0"
"00001232","서남동행정복지센터","00000030","금남55","20221003","0","0","0","0","0","0","0","0","0","0","0","0","0","0","0","0","0","1","0","1","0","1","0","1","0","0","0","0","0","0","0","0","0","0","0","0","0","0","0","0","0","0","0","0","0","0","0","0"
"00001232","서남동행정복지센터","00000031","419","20221003","0","0","0","0","0","0","0","0","0","0","0","0","0","0","0","0","0","0","0","0","0","0","0","0","0","0","0","0","0","0","0","0","0","0","0","0","0","0","0","0","0","0","0","0","0","0","0","0"
"00001232","서남동행정복지센터","00000032","금남57","20221003","0","0","0","0","0","0","0","0","0","0","0","0","0","0","0","0","0","1","0","1","0","1","0","1","0","0","0","0","0","0","0","0","0","2","0","2","0","2","0","2","0","0","0","0","0","0","0","0"
"00001232","서남동행정복지센터","00000035","매월61(칠석)","20221003","0","0","0","0","0","0","0","0","0","0","0","0","0","0","0","0","0","0","0","0","0","0","0","0","0","0","0","0","0","0","0","0","0","0","0","0","0","0","0","0","0","0","0","0","0","0","0","0"
"00001232","서남동행정복지센터","00000051","문흥80","20221003","0","0","0","0","0","0","0","0","0","0","0","0","0","0","0","0","0","0","1","0","0","0","1","0","0","0","0","0","0","0","0","0","0","0","0","0","0","0","0","0","0","0","0","0","0","0","0","0"
"00001232","서남동행정복지센터","00000058","석곡87","20221003","1","0","0","0","1","0","0","0","0","0","0","0","0","0","0","0","0","1","0","1","0","1","0","1","0","0","0","0","0","0","0","0","0","0","0","0","0","0","0","0","0","0","0","0","0","0","0","0"
"00001232","서남동행정복지센터","00000068","송정98","20221003","0","0","0","0","0","0","0","0","0","0","0","0","0","0","0","0","0","2","2","2","0","2","1","2","0","0","0","0","0","0","1","0","0","0","0","0","0","0","0","0","0","0","0","0","0","0","0","0"
"00001232","서남동행정복지센터","00000088","금호36","20221003","0","0","1","0","0","0","1","0","0","0","0","0","0","0","0","0","1","8","6","8","1","8","6","8","0","0","0","0","0","0","0","0","0","0","0","0","0","0","0","0","0","0","0","0","0","0","0","0"
"00001232","서남동행정복지센터","00000109","좌석02","20221003","0","0","0","0","0","0","0","0","0","0","0","0","0","0","0","0","0","0","2","0","0","0","2","0","0","0","0","0","0","0","0","0","0","0","0","0","0","0","0","0","0","0","0","0","0","0","0","0"
"00001233","서남동행정복지센터","00000030","금남55","20221003","0","1","0","1","0","0","0","0","0","1","0","1","0","0","0","0","1","1","1","1","1","1","0","1","0","0","1","0","0","0","0","0","0","0","0","0","0","0","0","0","0","0","0","0","0","0","0","0"
"00001233","서남동행정복지센터","00000031","419","20221003","1","0","1","0","1","0","1","0","0","0","0","0","0","0","0","0","0","0","1","0","0","0","1","0","0","0","0","0","0","0","0","0","0","1","0","1","0","1","0","1","0","0","0","0","0","0","0","0"
"00001233","서남동행정복지센터","00000032","금남57","20221003","1","2","2","2","0","2","2","2","0","0","0","0","1","0","0","0","0","1","1","1","0","1","1","1","0","0","0","0","0","0","0","0","1","0","1","0","1","0","1","0","0","0","0","0","0","0","0","0"
"00001233","서남동행정복지센터","00000035","매월61(칠석)","20221003","0","0","1","0","0","0","1","0","0","0","0","0","0","0","0","0","0","1","0","1","0","1","0","1","0","0","0","0","0","0","0","0","1","1","0","1","1","1","0","1","0","0","0","0","0","0","0","0"
"00001233","서남동행정복지센터","00000051","문흥80","20221003","0","0","3","0","0","0","1","0","0","0","0","0","0","0","2","0","0","2","1","2","0","2","1","2","0","0","0","0","0","0","0","0","0","0","0","0","0","0","0","0","0","0","0","0","0","0","0","0"
"00001233","서남동행정복지센터","00000058","석곡87","20221003","0","0","0","0","0","0","0","0","0","0","0","0","0","0","0","0","0","1","0","1","0","0","0","0","0","0","0","0","0","1","0","1","0","0","1","0","0","0","1","0","0","0","0","0","0","0","0","0"
"00001233","서남동행정복지센터","00000068","송정98","20221003","2","3","11","3","2","3","9","3","0","0","0","0","0","0","2","0","1","8","3","8","1","6","3","6","0","0","0","0","0","2","0","2","1","1","0","1","1","0","0","0","0","1","0","1","0","0","0","0"
"00001233","서남동행정복지센터","00000088","금호36","20221003","0","4","6","4","0","3","5","3","0","0","0","0","0","1","1","1","11","7","8","7","11","5","7","5","0","0","0","0","0","2","1","2","0","4","0","4","0","4","0","4","0","0","0","0","0","0","0","0"
"00001233","서남동행정복지센터","00000109","좌석02","20221003","2","5","3","5","2","5","3","5","0","0","0","0","0","0","0","0","0","1","0","1","0","1","0","1","0","0","0","0","0","0","0","0","0","0","0","0","0","0","0","0","0","0","0","0","0","0","0","0"
"00001234","조선대공과대학","00000006","지원15","20221003","1","3","5","3","0","3","5","3","0","0","0","0","1","0","0","0","0","3","3","3","0","3","3","3","0","0","0","0","0","0","0","0","0","2","2","2","0","2","2","2","0","0","0","0","0","0","0","0"
"00001234","조선대공과대학","00000008","진월17","20221003","1","2","7","2","1","2","6","2","0","0","0","0","0","0","1","0","0","1","1","1","0","1","1","1","0","0","0","0","0","0","0","0","1","3","1","3","1","2","1","2","0","0","0","0","0","1","0","1"
"00001234","조선대공과대학","00000014","봉선27","20221003","1","4","12","4","1","3","12","3","0","0","0","0","0","1","0","1","1","2","4","2","1","2","4","2","0","0","0","0","0","0","0","0","1","5","3","5","1","5","2","5","0","0","0","0","0","0","1","0"
"00001234","조선대공과대학","00000015","일곡28","20221003","4","8","1","8","4","8","1","8","0","0","0","0","0","0","0","0","2","1","3","1","2","1","3","1","0","0","0","0","0","0","0","0","1","3","3","3","1","3","3","3","0","0","0","0","0","0","0","0"
"00001234","조선대공과대학","00000018","운림35","20221003","2","2","2","2","2","2","1","2","0","0","0","0","0","0","1","0","1","5","3","5","1","5","2","5","0","0","0","0","0","0","1","0","2","0","1","0","2","0","1","0","0","0","0","0","0","0","0","0"
"00001234","조선대공과대학","00000068","송정98","20221003","1","4","9","4","1","4","9","4","0","0","0","0","0","0","0","0","1","1","1","1","1","1","1","1","0","0","0","0","0","0","0","0","2","0","0","0","2","0","0","0","0","0","0","0","0","0","0","0"
"00001234","조선대공과대학","00000109","좌석02","20221003","0","0","4","0","0","0","4","0","0","0","0","0","0","0","0","0","0","1","0","1","0","1","0","1","0","0","0","0","0","0","0","0","0","0","0","0","0","0","0","0","0","0","0","0","0","0","0","0"
"00001235","자치샘삼거리","00000072","지원152(능주역)","20221003","0","0","0","0","0","0","0","0","0","0","0","0","0","0","0","0","0","0","0","0","0","0","0","0","0","0","0","0","0","0","0","0","0","0","0","0","0","0","0","0","0","0","0","0","0","0","0","0"
"00001235","자치샘삼거리","00000122","228(화순전대병원)","20221003","0","0","0","0","0","0","0","0","0","0","0","0","0","0","0","0","0","0","0","0","0","0","0","0","0","0","0","0","0","0","0","0","0","0","0","0","0","0","0","0","0","0","0","0","0","0","0","0"
"00001235","자치샘삼거리","00000123","지원152(도웅리)","20221003","0","0","0","0","0","0","0","0","0","0","0","0","0","0","0","0","0","0","0","0","0","0","0","0","0","0","0","0","0","0","0","0","0","0","0","0","0","0","0","0","0","0","0","0","0","0","0","0"
"00001238","마재종원아파트","00000007","매월16","20221003","0","0","0","0","0","0","0","0","0","0","0","0","0","0","0","0","1","0","0","0","1","0","0","0","0","0","0","0","0","0","0","0","0","0","0","0","0","0","0","0","0","0","0","0","0","0","0","0"
"00001238","마재종원아파트","00000044","송암73","20221003","1","3","2","3","1","1","1","1","0","1","0","1","0","1","1","1","0","0","0","0","0","0","0","0","0","0","0","0","0","0","0","0","0","0","0","0","0","0","0","0","0","0","0","0","0","0","0","0"
"00001238","마재종원아파트","00000048","진월77","20221003","0","2","0","2","0","2","0","2","0","0","0","0","0","0","0","0","1","0","0","0","1","0","0","0","0","0","0","0","0","0","0","0","0","0","0","0","0","0","0","0","0","0","0","0","0","0","0","0"
"00001239","마재종원아파트","00000007","매월16","20221003","2","0","3","0","2","0","2","0","0","0","1","0","0","0","0","0","0","1","0","1","0","1","0","1","0","0","0","0","0","0","0","0","0","0","0","0","0","0","0","0","0","0","0","0","0","0","0","0"
"00001239","마재종원아파트","00000044","송암73","20221003","1","0","0","0","0","0","0","0","0","0","0","0","1","0","0","0","1","0","0","0","1","0","0","0","0","0","0","0","0","0","0","0","0","0","0","0","0","0","0","0","0","0","0","0","0","0","0","0"
"00001239","마재종원아파트","00000048","진월77","20221003","0","0","1","0","0","0","0","0","0","0","0","0","0","0","1","0","0","0","0","0","0","0","0","0","0","0","0","0","0","0","0","0","0","0","0","0","0","0","0","0","0","0","0","0","0","0","0","0"
"00001241","전남고입구","00000010","송정19","20221003","0","1","4","1","0","1","4","1","0","0","0","0","0","0","0","0","0","0","0","0","0","0","0","0","0","0","0","0","0","0","0","0","0","0","0","0","0","0","0","0","0","0","0","0","0","0","0","0"
"00001241","전남고입구","00000011","첨단20","20221003","1","1","0","1","1","1","0","1","0","0","0","0","0","0","0","0","1","2","1","2","1","2","1","2","0","0","0","0","0","0","0","0","0","0","2","0","0","0","2","0","0","0","0","0","0","0","0","0"
"00001241","전남고입구","00000040","대촌69","20221003","0","0","0","0","0","0","0","0","0","0","0","0","0","0","0","0","0","0","1","0","0","0","1","0","0","0","0","0","0","0","0","0","0","0","0","0","0","0","0","0","0","0","0","0","0","0","0","0"
"00001241","전남고입구","00000044","송암73","20221003","0","2","1","2","0","2","1","2","0","0","0","0","0","0","0","0","0","0","0","0","0","0","0","0","0","0","0","0","0","0","0","0","0","0","0","0","0","0","0","0","0","0","0","0","0","0","0","0"
"00001242","염주체육관","00000007","매월16","20221003","1","3","1","3","1","3","1","3","0","0","0","0","0","0","0","0","1","2","2","2","1","2","2","2","0","0","0","0","0","0","0","0","0","1","0","1","0","1","0","1","0","0","0","0","0","0","0","0"
"00001242","염주체육관","00000011","첨단20","20221003","1","0","0","0","1","0","0","0","0","0","0","0","0","0","0","0","3","0","3","0","3","0","3","0","0","0","0","0","0","0","0","0","0","0","0","0","0","0","0","0","0","0","0","0","0","0","0","0"
"00001242","염주체육관","00000013","매월26","20221003","2","3","0","3","2","3","0","3","0","0","0","0","0","0","0","0","0","1","4","1","0","1","4","1","0","0","0","0","0","0","0","0","0","0","1","0","0","0","1","0","0","0","0","0","0","0","0","0"
"00001242","염주체육관","00000024","송암47","20221003","1","1","5","1","1","0","5","0","0","0","0","0","0","1","0","1","2","0","1","0","2","0","1","0","0","0","0","0","0","0","0","0","0","0","2","0","0","0","2","0","0","0","0","0","0","0","0","0"
"00001242","염주체육관","00000091","송암74","20221003","3","1","3","1","3","1","2","1","0","0","0","0","0","0","1","0","1","0","0","0","1","0","0","0","0","0","0","0","0","0","0","0","1","0","0","0","1","0","0","0","0","0","0","0","0","0","0","0"
"00001243","염주체육관","00000007","매월16","20221003","7","10","12","10","7","8","7","8","0","0","0","0","0","2","5","2","0","0","0","0","0","0","0","0","0","0","0","0","0","0","0","0","0","0","0","0","0","0","0","0","0","0","0","0","0","0","0","0"
"00001243","염주체육관","00000011","첨단20","20221003","9","6","9","6","9","5","9","5","0","0","0","0","0","1","0","1","0","0","0","0","0","0","0","0","0","0","0","0","0","0","0","0","0","1","0","1","0","1","0","1","0","0","0","0","0","0","0","0"
"00001243","염주체육관","00000013","매월26","20221003","14","19","5","19","13","15","5","15","1","0","0","0","0","4","0","4","0","1","0","1","0","1","0","1","0","0","0","0","0","0","0","0","1","0","0","0","1","0","0","0","0","0","0","0","0","0","0","0"
"00001243","염주체육관","00000024","송암47","20221003","8","13","6","13","8","12","5","12","0","0","0","0","0","1","1","1","0","0","0","0","0","0","0","0","0","0","0","0","0","0","0","0","0","0","0","0","0","0","0","0","0","0","0","0","0","0","0","0"
"00001243","염주체육관","00000091","송암74","20221003","5","9","7","9","5","8","7","8","0","0","0","0","0","1","0","1","0","1","0","1","0","1","0","1","0","0","0","0","0","0","0","0","0","0","0","0","0","0","0","0","0","0","0","0","0","0","0","0"
"00001245","두암주공아파트","00000008","진월17","20221003","7","13","10","13","7","13","8","13","0","0","0","0","0","0","2","0","0","0","3","0","0","0","3","0","0","0","0","0","0","0","0","0","0","0","0","0","0","0","0","0","0","0","0","0","0","0","0","0"
"00001245","두암주공아파트","00000052","두암81(각화초교)","20221003","0","0","0","0","0","0","0","0","0","0","0","0","0","0","0","0","0","0","1","0","0","0","1","0","0","0","0","0","0","0","0","0","0","0","0","0","0","0","0","0","0","0","0","0","0","0","0","0"
"00001245","두암주공아파트","00000088","금호36","20221003","2","6","4","6","2","6","3","6","0","0","0","0","0","0","1","0","0","1","5","1","0","1","5","1","0","0","0","0","0","0","0","0","0","0","0","0","0","0","0","0","0","0","0","0","0","0","0","0"
"00001245","두암주공아파트","00000129","두암81(장등동)","20221003","1","0","1","0","1","0","1","0","0","0","0","0","0","0","0","0","0","0","1","0","0","0","1","0","0","0","0","0","0","0","0","0","0","0","1","0","0","0","1","0","0","0","0","0","0","0","0","0"
"00001246","두암주공아파트","00000008","진월17","20221003","11","11","17","11","11","11","16","11","0","0","0","0","0","0","1","0","0","2","3","2","0","2","3","2","0","0","0","0","0","0","0","0","0","0","0","0","0","0","0","0","0","0","0","0","0","0","0","0"
"00001246","두암주공아파트","00000088","금호36","20221003","23","40","14","40","23","36","12","36","0","0","0","0","0","4","2","4","1","2","0","2","1","2","0","2","0","0","0","0","0","0","0","0","0","0","0","0","0","0","0","0","0","0","0","0","0","0","0","0"
"00001246","두암주공아파트","00000106","두암81(무등파크)","20221003","3","3","1","3","3","3","1","3","0","0","0","0","0","0","0","0","0","0","0","0","0","0","0","0","0","0","0","0","0","0","0","0","0","0","0","0","0","0","0","0","0","0","0","0","0","0","0","0"
"00001246","두암주공아파트","00000130","두암81","20221003","3","2","1","2","3","2","1","2","0","0","0","0","0","0","0","0","0","0","0","0","0","0","0","0","0","0","0","0","0","0","0","0","0","0","0","0","0","0","0","0","0","0","0","0","0","0","0","0"
"00001247","용두주공","00000017","첨단30","20221003","6","16","12","16","4","8","9","8","0","6","0","6","2","2","3","2","0","0","2","0","0","0","2","0","0","0","0","0","0","0","0","0","0","0","0","0","0","0","0","0","0","0","0","0","0","0","0","0"
"00001247","용두주공","00000096","일곡10","20221003","5","7","6","7","3","4","6","4","0","0","0","0","2","3","0","3","0","0","0","0","0","0","0","0","0","0","0","0","0","0","0","0","0","0","0","0","0","0","0","0","0","0","0","0","0","0","0","0"
"00001247","용두주공","00000117","첨단23","20221003","5","13","6","13","5","9","5","9","0","2","0","2","0","2","1","2","0","0","2","0","0","0","1","0","0","0","0","0","0","0","1","0","0","0","0","0","0","0","0","0","0","0","0","0","0","0","0","0"
"00001247","용두주공","00000203","마을700","20221003","2","5","4","5","2","4","3","4","0","0","0","0","0","1","1","1","0","0","0","0","0","0","0","0","0","0","0","0","0","0","0","0","0","0","1","0","0","0","1","0","0","0","0","0","0","0","0","0"
"00001247","용두주공","00000213","마을788","20221003","0","1","1","1","0","1","0","1","0","0","0","0","0","0","1","0","0","0","0","0","0","0","0","0","0","0","0","0","0","0","0","0","0","0","0","0","0","0","0","0","0","0","0","0","0","0","0","0"
"00001247","용두주공","00000214","마을799","20221003","2","0","0","0","1","0","0","0","0","0","0","0","1","0","0","0","0","1","0","1","0","1","0","1","0","0","0","0","0","0","0","0","0","0","0","0","0","0","0","0","0","0","0","0","0","0","0","0"
"00001248","용두주공","00000017","첨단30","20221003","12","8","11","8","10","6","8","6","0","0","1","0","2","2","2","2","0","3","0","3","0","2","0","2","0","0","0","0","0","1","0","1","1","0","2","0","1","0","2","0","0","0","0","0","0","0","0","0"
"00001248","용두주공","00000080","첨단193","20221003","0","0","1","0","0","0","1","0","0","0","0","0","0","0","0","0","0","0","0","0","0","0","0","0","0","0","0","0","0","0","0","0","0","0","0","0","0","0","0","0","0","0","0","0","0","0","0","0"
"00001248","용두주공","00000096","일곡10","20221003","6","3","10","3","2","2","7","2","0","0","1","0","4","1","2","1","4","1","1","1","3","0","1","0","0","0","0","0","1","1","0","1","0","0","0","0","0","0","0","0","0","0","0","0","0","0","0","0"
"00001248","용두주공","00000117","첨단23","20221003","10","19","5","19","8","13","3","13","0","1","1","1","2","5","1","5","1","0","0","0","1","0","0","0","0","0","0","0","0","0","0","0","0","1","0","1","0","0","0","0","0","0","0","0","0","1","0","1"
"00001248","용두주공","00000203","마을700","20221003","0","0","0","0","0","0","0","0","0","0","0","0","0","0","0","0","2","0","2","0","2","0","2","0","0","0","0","0","0","0","0","0","1","0","0","0","1","0","0","0","0","0","0","0","0","0","0","0"
"00001248","용두주공","00000213","마을788","20221003","3","6","7","6","3","3","5","3","0","2","0","2","0","1","2","1","0","0","0","0","0","0","0","0","0","0","0","0","0","0","0","0","1","1","1","1","1","1","1","1","0","0","0","0","0","0","0","0"
"00001248","용두주공","00000214","마을799","20221003","0","0","0","0","0","0","0","0","0","0","0","0","0","0","0","0","0","0","0","0","0","0","0","0","0","0","0","0","0","0","0","0","0","0","0","0","0","0","0","0","0","0","0","0","0","0","0","0"
"00001249","주공아파트","00000006","지원15","20221003","1","2","0","2","1","2","0","2","0","0","0","0","0","0","0","0","0","1","4","1","0","1","3","1","0","0","0","0","0","0","1","0","0","0","0","0","0","0","0","0","0","0","0","0","0","0","0","0"
"00001249","주공아파트","00000009","문흥18","20221003","2","3","2","3","2","3","2","3","0","0","0","0","0","0","0","0","2","2","5","2","2","2","5","2","0","0","0","0","0","0","0","0","1","0","4","0","1","0","4","0","0","0","0","0","0","0","0","0"
"00001249","주공아파트","00000018","운림35","20221003","3","2","2","2","3","2","2","2","0","0","0","0","0","0","0","0","0","0","0","0","0","0","0","0","0","0","0","0","0","0","0","0","0","0","0","0","0","0","0","0","0","0","0","0","0","0","0","0"
"00001249","주공아파트","00000029","운림54","20221003","19","29","37","29","18","29","36","29","0","0","0","0","1","0","1","0","3","2","5","2","3","2","5","2","0","0","0","0","0","0","0","0","1","1","2","1","1","1","2","1","0","0","0","0","0","0","0","0"
"00001250","주공아파트","00000006","지원15","20221003","2","3","2","3","2","3","1","3","0","0","0","0","0","0","1","0","0","0","1","0","0","0","1","0","0","0","0","0","0","0","0","0","0","0","0","0","0","0","0","0","0","0","0","0","0","0","0","0"
"00001250","주공아파트","00000009","문흥18","20221003","16","28","19","28","16","27","19","27","0","1","0","1","0","0","0","0","0","4","0","4","0","4","0","4","0","0","0","0","0","0","0","0","0","1","1","1","0","1","1","1","0","0","0","0","0","0","0","0"
"00001250","주공아파트","00000018","운림35","20221003","0","0","0","0","0","0","0","0","0","0","0","0","0","0","0","0","1","1","2","1","1","1","2","1","0","0","0","0","0","0","0","0","0","0","1","0","0","0","1","0","0","0","0","0","0","0","0","0"
"00001250","주공아파트","00000029","운림54","20221003","19","8","6","8","19","7","5","7","0","0","0","0","0","1","1","1","10","7","4","7","9","7","4","7","0","0","0","0","1","0","0","0","1","2","4","2","1","2","4","2","0","0","0","0","0","0","0","0"
"00001251","하남중","00000009","문흥18","20221003","20","30","15","30","18","27","13","27","1","0","0","0","1","3","2","3","7","7","5","7","6","7","5","7","0","0","0","0","1","0","0","0","4","1","3","1","4","1","3","1","0","0","0","0","0","0","0","0"
"00001251","하남중","00000068","송정98","20221003","14","36","9","36","14","36","8","36","0","0","0","0","0","0","1","0","2","4","5","4","2","4","5","4","0","0","0","0","0","0","0","0","1","2","0","2","1","1","0","1","0","0","0","0","0","1","0","1"
"00001251","하남중","00000092","첨단40","20221003","2","1","2","1","2","1","2","1","0","0","0","0","0","0","0","0","1","1","0","1","1","1","0","1","0","0","0","0","0","0","0","0","0","0","0","0","0","0","0","0","0","0","0","0","0","0","0","0"
"00001251","하남중","00000095","금호46","20221003","7","6","5","6","7","4","5","4","0","1","0","1","0","1","0","1","1","0","1","0","1","0","1","0","0","0","0","0","0","0","0","0","0","0","1","0","0","0","1","0","0","0","0","0","0","0","0","0"
"00001251","하남중","00000203","마을700","20221003","4","3","3","3","3","3","2","3","0","0","1","0","1","0","0","0","3","4","4","4","3","4","4","4","0","0","0","0","0","0","0","0","0","0","0","0","0","0","0","0","0","0","0","0","0","0","0","0"
"00001252","하남중","00000009","문흥18","20221003","5","3","2","3","5","2","1","2","0","0","0","0","0","1","1","1","3","0","1","0","3","0","1","0","0","0","0","0","0","0","0","0","1","1","0","1","1","1","0","1","0","0","0","0","0","0","0","0"
"00001252","하남중","00000068","송정98","20221003","6","8","4","8","6","8","4","8","0","0","0","0","0","0","0","0","0","4","3","4","0","4","3","4","0","0","0","0","0","0","0","0","2","1","1","1","2","1","1","1","0","0","0","0","0","0","0","0"
"00001252","하남중","00000092","첨단40","20221003","0","2","1","2","0","2","1","2","0","0","0","0","0","0","0","0","0","0","0","0","0","0","0","0","0","0","0","0","0","0","0","0","0","0","0","0","0","0","0","0","0","0","0","0","0","0","0","0"
"00001252","하남중","00000095","금호46","20221003","3","3","5","3","3","3","4","3","0","0","0","0","0","0","1","0","2","3","0","3","2","3","0","3","0","0","0","0","0","0","0","0","2","0","1","0","2","0","1","0","0","0","0","0","0","0","0","0"
"00001252","하남중","00000203","마을700","20221003","9","5","2","5","8","5","2","5","0","0","0","0","1","0","0","0","2","3","0","3","2","3","0","3","0","0","0","0","0","0","0","0","0","0","0","0","0","0","0","0","0","0","0","0","0","0","0","0"
"00001253","신가주공아파트","00000005","첨단09","20221003","24","27","14","27","23","24","11","24","0","3","0","3","1","0","3","0","2","2","3","2","2","0","2","0","0","1","1","1","0","1","0","1","0","0","1","0","0","0","1","0","0","0","0","0","0","0","0","0"
"00001253","신가주공아파트","00000016","송정29","20221003","14","10","12","10","14","9","9","9","0","1","2","1","0","0","1","0","0","2","1","2","0","2","0","2","0","0","1","0","0","0","0","0","2","0","0","0","2","0","0","0","0","0","0","0","0","0","0","0"
"00001253","신가주공아파트","00000064","첨단94","20221003","0","0","0","0","0","0","0","0","0","0","0","0","0","0","0","0","0","0","0","0","0","0","0","0","0","0","0","0","0","0","0","0","0","0","0","0","0","0","0","0","0","0","0","0","0","0","0","0"
"00001253","신가주공아파트","00000092","첨단40","20221003","3","1","2","1","3","1","1","1","0","0","1","0","0","0","0","0","1","0","2","0","1","0","0","0","0","0","1","0","0","0","1","0","0","0","0","0","0","0","0","0","0","0","0","0","0","0","0","0"
"00001253","신가주공아파트","00000096","일곡10","20221003","1","0","3","0","1","0","3","0","0","0","0","0","0","0","0","0","1","0","0","0","1","0","0","0","0","0","0","0","0","0","0","0","0","0","2","0","0","0","1","0","0","0","1","0","0","0","0","0"
"00001253","신가주공아파트","00000098","수완49","20221003","2","3","1","3","2","2","1","2","0","0","0","0","0","1","0","1","1","1","0","1","1","1","0","1","0","0","0","0","0","0","0","0","0","0","0","0","0","0","0","0","0","0","0","0","0","0","0","0"
"00001253","신가주공아파트","00000195","마을720","20221003","4","7","4","7","4","6","4","6","0","1","0","1","0","0","0","0","1","1","0","1","1","0","0","0","0","0","0","0","0","1","0","1","0","0","0","0","0","0","0","0","0","0","0","0","0","0","0","0"
"00001254","두암주공입구","00000014","봉선27","20221003","27","14","38","14","27","14","37","14","0","0","0","0","0","0","1","0","0","2","0","2","0","2","0","2","0","0","0","0","0","0","0","0","2","0","2","0","2","0","2","0","0","0","0","0","0","0","0","0"
"00001254","두암주공입구","00000015","일곡28","20221003","13","21","13","21","13","20","12","20","0","0","0","0","0","1","1","1","1","4","1","4","1","4","1","4","0","0","0","0","0","0","0","0","0","1","0","1","0","1","0","1","0","0","0","0","0","0","0","0"
"00001254","두암주공입구","00000018","운림35","20221003","3","10","6","10","3","9","5","9","0","0","1","0","0","1","0","1","0","2","0","2","0","2","0","2","0","0","0","0","0","0","0","0","0","0","0","0","0","0","0","0","0","0","0","0","0","0","0","0"
"00001254","두암주공입구","00000091","송암74","20221003","3","0","6","0","3","0","5","0","0","0","0","0","0","0","1","0","0","1","7","1","0","1","7","1","0","0","0","0","0","0","0","0","0","1","0","1","0","1","0","1","0","0","0","0","0","0","0","0"
"00001255","두암주공입구","00000014","봉선27","20221003","13","8","5","8","13","8","5","8","0","0","0","0","0","0","0","0","0","2","2","2","0","2","2","2","0","0","0","0","0","0","0","0","0","0","0","0","0","0","0","0","0","0","0","0","0","0","0","0"
"00001255","두암주공입구","00000015","일곡28","20221003","12","9","10","9","11","9","10","9","0","0","0","0","1","0","0","0","0","1","4","1","0","1","4","1","0","0","0","0","0","0","0","0","0","1","0","1","0","1","0","1","0","0","0","0","0","0","0","0"
"00001255","두암주공입구","00000018","운림35","20221003","7","2","3","2","7","2","3","2","0","0","0","0","0","0","0","0","0","0","1","0","0","0","1","0","0","0","0","0","0","0","0","0","0","0","0","0","0","0","0","0","0","0","0","0","0","0","0","0"
"00001255","두암주공입구","00000091","송암74","20221003","11","16","5","16","11","16","5","16","0","0","0","0","0","0","0","0","0","1","0","1","0","1","0","1","0","0","0","0","0","0","0","0","0","0","2","0","0","0","2","0","0","0","0","0","0","0","0","0"
"00001256","주남","00000027","지원52","20221003","0","0","0","0","0","0","0","0","0","0","0","0","0","0","0","0","0","0","0","0","0","0","0","0","0","0","0","0","0","0","0","0","0","0","0","0","0","0","0","0","0","0","0","0","0","0","0","0"
"00001256","주남","00000072","지원152(능주역)","20221003","0","0","0","0","0","0","0","0","0","0","0","0","0","0","0","0","1","0","0","0","1","0","0","0","0","0","0","0","0","0","0","0","0","0","0","0","0","0","0","0","0","0","0","0","0","0","0","0"
"00001256","주남","00000122","228(화순전대병원)","20221003","0","1","0","1","0","1","0","1","0","0","0","0","0","0","0","0","0","0","0","0","0","0","0","0","0","0","0","0","0","0","0","0","0","0","1","0","0","0","1","0","0","0","0","0","0","0","0","0"
"00001256","주남","00000123","지원152(도웅리)","20221003","0","0","1","0","0","0","1","0","0","0","0","0","0","0","0","0","0","0","0","0","0","0","0","0","0","0","0","0","0","0","0","0","0","1","0","1","0","0","0","0","0","0","0","0","0","1","0","1"
"00001260","주월주택단지","00000003","매월06","20221003","2","1","7","1","2","1","7","1","0","0","0","0","0","0","0","0","4","2","7","2","4","2","6","2","0","0","0","0","0","0","1","0","1","2","1","2","1","2","1","2","0","0","0","0","0","0","0","0"
"00001260","주월주택단지","00000012","지원25","20221003","9","5","10","5","9","5","10","5","0","0","0","0","0","0","0","0","0","2","3","2","0","2","3","2","0","0","0","0","0","0","0","0","2","1","2","1","2","1","1","1","0","0","0","0","0","0","1","0"
"00001260","주월주택단지","00000044","송암73","20221003","5","1","6","1","5","1","6","1","0","0","0","0","0","0","0","0","5","3","2","3","5","3","2","3","0","0","0","0","0","0","0","0","1","1","1","1","1","1","1","1","0","0","0","0","0","0","0","0"
"00001260","주월주택단지","00000101","송암31","20221003","3","4","3","4","3","4","3","4","0","0","0","0","0","0","0","0","3","2","1","2","3","2","1","2","0","0","0","0","0","0","0","0","3","1","1","1","3","1","1","1","0","0","0","0","0","0","0","0"
"00001260","주월주택단지","00000102","수완12","20221003","11","5","11","5","10","3","10","3","0","0","0","0","1","2","1","2","0","0","2","0","0","0","2","0","0","0","0","0","0","0","0","0","3","1","2","1","3","1","2","1","0","0","0","0","0","0","0","0"
"00001260","주월주택단지","00000119","지원56","20221003","8","9","6","9","8","9","6","9","0","0","0","0","0","0","0","0","2","1","0","1","2","1","0","1","0","0","0","0","0","0","0","0","0","3","0","3","0","3","0","3","0","0","0","0","0","0","0","0"
"00001261","주월주택단지","00000003","매월06","20221003","2","10","6","10","2","9","6","9","0","1","0","1","0","0","0","0","6","5","6","5","6","5","4","5","0","0","0","0","0","0","2","0","0","2","3","2","0","2","3","2","0","0","0","0","0","0","0","0"
"00001261","주월주택단지","00000012","지원25","20221003","1","2","8","2","1","2","8","2","0","0","0","0","0","0","0","0","3","7","17","7","3","7","16","7","0","0","0","0","0","0","1","0","0","1","1","1","0","1","0","1","0","0","0","0","0","0","1","0"
"00001261","주월주택단지","00000044","송암73","20221003","1","3","1","3","1","2","1","2","0","0","0","0","0","1","0","1","2","4","3","4","2","4","2","4","0","0","0","0","0","0","1","0","0","0","8","0","0","0","8","0","0","0","0","0","0","0","0","0"
"00001261","주월주택단지","00000101","송암31","20221003","5","0","1","0","5","0","1","0","0","0","0","0","0","0","0","0","2","1","3","1","2","0","3","0","0","0","0","0","0","1","0","1","2","1","0","1","2","1","0","1","0","0","0","0","0","0","0","0"
"00001261","주월주택단지","00000102","수완12","20221003","2","8","1","8","2","8","1","8","0","0","0","0","0","0","0","0","5","3","6","3","5","3","6","3","0","0","0","0","0","0","0","0","0","0","0","0","0","0","0","0","0","0","0","0","0","0","0","0"
"00001261","주월주택단지","00000119","지원56","20221003","0","2","0","2","0","2","0","2","0","0","0","0","0","0","0","0","1","0","2","0","1","0","2","0","0","0","0","0","0","0","0","0","0","0","1","0","0","0","1","0","0","0","0","0","0","0","0","0"
"00001262","주월중입구","00000014","봉선27","20221003","6","1","7","1","5","1","3","1","0","0","0","0","1","0","4","0","1","4","1","4","1","4","1","4","0","0","0","0","0","0","0","0","3","2","6","2","3","2","5","2","0","0","0","0","0","0","1","0"
"00001262","주월중입구","00000015","일곡28","20221003","3","2","3","2","2","2","3","2","1","0","0","0","0","0","0","0","4","0","2","0","4","0","2","0","0","0","0","0","0","0","0","0","2","1","2","1","1","1","1","1","0","0","1","0","1","0","0","0"
"00001262","주월중입구","00000025","운림50","20221003","4","2","1","2","4","2","1","2","0","0","0","0","0","0","0","0","0","3","1","3","0","2","0","2","0","0","0","0","0","1","1","1","2","1","0","1","2","1","0","1","0","0","0","0","0","0","0","0"
"00001262","주월중입구","00000030","금남55","20221003","0","2","0","2","0","2","0","2","0","0","0","0","0","0","0","0","0","2","1","2","0","2","1","2","0","0","0","0","0","0","0","0","0","1","3","1","0","1","3","1","0","0","0","0","0","0","0","0"
"00001262","주월중입구","00000068","송정98","20221003","4","2","5","2","3","1","2","1","0","0","0","0","1","1","3","1","1","1","5","1","1","1","5","1","0","0","0","0","0","0","0","0","3","4","0","4","3","1","0","1","0","1","0","1","0","2","0","2"
"00001262","주월중입구","00000111","송암68","20221003","1","3","0","3","1","2","0","2","0","1","0","1","0","0","0","0","1","2","4","2","1","2","4","2","0","0","0","0","0","0","0","0","0","2","0","2","0","2","0","2","0","0","0","0","0","0","0","0"
"00001263","주월중입구","00000014","봉선27","20221003","2","3","5","3","2","3","4","3","0","0","1","0","0","0","0","0","1","3","6","3","1","3","6","3","0","0","0","0","0","0","0","0","1","0","1","0","1","0","1","0","0","0","0","0","0","0","0","0"
"00001263","주월중입구","00000015","일곡28","20221003","4","3","4","3","4","2","2","2","0","0","0","0","0","1","2","1","1","4","5","4","1","4","3","4","0","0","2","0","0","0","0","0","0","0","0","0","0","0","0","0","0","0","0","0","0","0","0","0"
"00001263","주월중입구","00000025","운림50","20221003","8","4","4","4","7","4","4","4","0","0","0","0","1","0","0","0","0","1","0","1","0","1","0","1","0","0","0","0","0","0","0","0","0","1","1","1","0","1","0","1","0","0","1","0","0","0","0","0"
"00001263","주월중입구","00000030","금남55","20221003","0","2","0","2","0","2","0","2","0","0","0","0","0","0","0","0","0","0","0","0","0","0","0","0","0","0","0","0","0","0","0","0","0","0","1","0","0","0","1","0","0","0","0","0","0","0","0","0"
"00001263","주월중입구","00000068","송정98","20221003","1","15","5","15","1","10","5","10","0","3","0","3","0","2","0","2","0","4","3","4","0","3","3","3","0","0","0","0","0","1","0","1","0","0","0","0","0","0","0","0","0","0","0","0","0","0","0","0"
"00001263","주월중입구","00000111","송암68","20221003","7","4","4","4","5","4","4","4","1","0","0","0","1","0","0","0","1","2","2","2","1","2","2","2","0","0","0","0","0","0","0","0","0","3","2","3","0","3","1","3","0","0","1","0","0","0","0","0"
"00001264","주월초교","00000025","운림50","20221003","12","5","7","5","12","5","7","5","0","0","0","0","0","0","0","0","2","0","3","0","2","0","3","0","0","0","0","0","0","0","0","0","1","0","0","0","1","0","0","0","0","0","0","0","0","0","0","0"
"00001264","주월초교","00000048","진월77","20221003","2","2","2","2","2","2","2","2","0","0","0","0","0","0","0","0","0","0","0","0","0","0","0","0","0","0","0","0","0","0","0","0","0","0","0","0","0","0","0","0","0","0","0","0","0","0","0","0"
"00001264","주월초교","00000101","송암31","20221003","3","6","1","6","3","6","1","6","0","0","0","0","0","0","0","0","0","1","0","1","0","1","0","1","0","0","0","0","0","0","0","0","0","0","0","0","0","0","0","0","0","0","0","0","0","0","0","0"
"00001265","주월초교","00000025","운림50","20221003","5","4","5","4","5","2","5","2","0","0","0","0","0","2","0","2","2","5","2","5","2","5","2","5","0","0","0","0","0","0","0","0","0","2","0","2","0","2","0","2","0","0","0","0","0","0","0","0"
"00001265","주월초교","00000048","진월77","20221003","0","0","1","0","0","0","1","0","0","0","0","0","0","0","0","0","0","0","0","0","0","0","0","0","0","0","0","0","0","0","0","0","0","0","0","0","0","0","0","0","0","0","0","0","0","0","0","0"
"00001265","주월초교","00000101","송암31","20221003","10","9","10","9","8","8","7","8","0","0","0","0","2","1","3","1","2","1","0","1","2","1","0","1","0","0","0","0","0","0","0","0","0","2","0","2","0","2","0","2","0","0","0","0","0","0","0","0"
"00001266","금호모아아파트","00000003","매월06","20221003","1","2","0","2","1","2","0","2","0","0","0","0","0","0","0","0","8","3","10","3","8","3","10","3","0","0","0","0","0","0","0","0","0","0","0","0","0","0","0","0","0","0","0","0","0","0","0","0"
"00001266","금호모아아파트","00000007","매월16","20221003","0","0","1","0","0","0","1","0","0","0","0","0","0","0","0","0","0","0","0","0","0","0","0","0","0","0","0","0","0","0","0","0","0","0","0","0","0","0","0","0","0","0","0","0","0","0","0","0"
"00001266","금호모아아파트","00000013","매월26","20221003","0","2","1","2","0","2","1","2","0","0","0","0","0","0","0","0","0","3","1","3","0","3","1","3","0","0","0","0","0","0","0","0","0","0","0","0","0","0","0","0","0","0","0","0","0","0","0","0"
"00001266","금호모아아파트","00000091","송암74","20221003","1","0","0","0","1","0","0","0","0","0","0","0","0","0","0","0","0","0","0","0","0","0","0","0","0","0","0","0","0","0","0","0","0","0","0","0","0","0","0","0","0","0","0","0","0","0","0","0"
"00001267","금호모아아파트","00000003","매월06","20221003","18","24","7","24","17","20","7","20","1","2","0","2","0","2","0","2","0","0","2","0","0","0","2","0","0","0","0","0","0","0","0","0","0","0","0","0","0","0","0","0","0","0","0","0","0","0","0","0"
"00001267","금호모아아파트","00000007","매월16","20221003","3","6","4","6","3","6","3","6","0","0","0","0","0","0","1","0","1","0","0","0","1","0","0","0","0","0","0","0","0","0","0","0","0","1","0","1","0","1","0","1","0","0","0","0","0","0","0","0"
"00001267","금호모아아파트","00000013","매월26","20221003","9","15","8","15","8","14","6","14","0","0","1","0","1","1","1","1","0","1","2","1","0","1","2","1","0","0","0","0","0","0","0","0","0","0","0","0","0","0","0","0","0","0","0","0","0","0","0","0"
"00001267","금호모아아파트","00000091","송암74","20221003","3","4","5","4","3","3","5","3","0","0","0","0","0","1","0","1","1","1","0","1","1","0","0","0","0","0","0","0","0","1","0","1","0","0","0","0","0","0","0","0","0","0","0","0","0","0","0","0"
"00001268","죽곡(북)","00000058","석곡87","20221003","2","0","0","0","2","0","0","0","0","0","0","0","0","0","0","0","0","0","0","0","0","0","0","0","0","0","0","0","0","0","0","0","0","0","0","0","0","0","0","0","0","0","0","0","0","0","0","0"
"00001270","죽곡(남)","00000058","석곡87","20221003","1","0","0","0","1","0","0","0","0","0","0","0","0","0","0","0","0","0","0","0","0","0","0","0","0","0","0","0","0","0","0","0","0","0","0","0","0","0","0","0","0","0","0","0","0","0","0","0"
"00001271","죽곡(남)","00000058","석곡87","20221003","0","0","0","0","0","0","0","0","0","0","0","0","0","0","0","0","0","0","1","0","0","0","1","0","0","0","0","0","0","0","0","0","0","0","0","0","0","0","0","0","0","0","0","0","0","0","0","0"
"00001272","동천마을3단지","00000005","첨단09","20221003","30","46","19","46","25","28","16","28","4","11","0","11","1","7","3","7","8","18","8","18","7","16","6","16","0","0","0","0","1","2","2","2","12","21","7","21","11","15","7","15","0","2","0","2","1","4","0","4"
"00001272","동천마을3단지","00000009","문흥18","20221003","7","18","17","18","6","12","15","12","0","1","0","1","1","5","2","5","1","2","4","2","0","2","4","2","0","0","0","0","1","0","0","0","1","15","10","15","1","13","10","13","0","0","0","0","0","2","0","2"
"00001272","동천마을3단지","00000019","봉선37","20221003","3","13","6","13","3","13","5","13","0","0","0","0","0","0","1","0","3","3","7","3","3","2","7","2","0","0","0","0","0","1","0","1","0","4","3","4","0","4","3","4","0","0","0","0","0","0","0","0"
"00001272","동천마을3단지","00000059","임곡89","20221003","0","0","0","0","0","0","0","0","0","0","0","0","0","0","0","0","1","2","0","2","1","2","0","2","0","0","0","0","0","0","0","0","0","0","0","0","0","0","0","0","0","0","0","0","0","0","0","0"
"00001272","동천마을3단지","00000068","송정98","20221003","3","8","3","8","3","8","2","8","0","0","0","0","0","0","1","0","3","6","2","6","3","5","2","5","0","1","0","1","0","0","0","0","5","3","4","3","5","3","3","3","0","0","0","0","0","0","1","0"
"00001272","동천마을3단지","00000090","문흥39","20221003","1","7","1","7","1","6","0","6","0","0","0","0","0","1","1","1","2","2","6","2","2","2","4","2","0","0","2","0","0","0","0","0","5","3","2","3","5","3","2","3","0","0","0","0","0","0","0","0"
"00001272","동천마을3단지","00000098","수완49","20221003","1","3","0","3","1","1","0","1","0","0","0","0","0","2","0","2","1","2","0","2","1","2","0","2","0","0","0","0","0","0","0","0","1","1","0","1","0","1","0","1","0","0","0","0","1","0","0","0"
"00001272","동천마을3단지","00000116","첨단22","20221003","1","5","5","5","1","5","4","5","0","0","0","0","0","0","1","0","3","10","7","10","2","7","7","7","0","1","0","1","1","2","0","2","0","2","4","2","0","2","4","2","0","0","0","0","0","0","0","0"
"00001272","동천마을3단지","00000127","상무62","20221003","1","1","0","1","1","0","0","0","0","0","0","0","0","1","0","1","0","0","0","0","0","0","0","0","0","0","0","0","0","0","0","0","0","0","0","0","0","0","0","0","0","0","0","0","0","0","0","0"
"00001273","동천마을3단지","00000005","첨단09","20221003","15","20","21","20","15","14","19","14","0","0","0","0","0","6","2","6","4","7","15","7","4","7","14","7","0","0","0","0","0","0","1","0","5","9","7","9","5","8","7","8","0","0","0","0","0","1","0","1"
"00001273","동천마을3단지","00000009","문흥18","20221003","0","0","3","0","0","0","3","0","0","0","0","0","0","0","0","0","3","7","7","7","3","7","6","7","0","0","0","0","0","0","1","0","1","3","6","3","1","3","5","3","0","0","0","0","0","0","1","0"
"00001273","동천마을3단지","00000019","봉선37","20221003","3","7","7","7","3","7","6","7","0","0","0","0","0","0","1","0","2","1","2","1","2","1","2","1","0","0","0","0","0","0","0","0","2","3","4","3","2","3","4","3","0","0","0","0","0","0","0","0"
"00001273","동천마을3단지","00000036","상무62(상무역행)","20221003","0","1","0","1","0","1","0","1","0","0","0","0","0","0","0","0","0","1","1","1","0","1","1","1","0","0","0","0","0","0","0","0","0","1","0","1","0","1","0","1","0","0","0","0","0","0","0","0"
"00001273","동천마을3단지","00000059","임곡89","20221003","0","0","1","0","0","0","1","0","0","0","0","0","0","0","0","0","1","0","0","0","1","0","0","0","0","0","0","0","0","0","0","0","0","0","0","0","0","0","0","0","0","0","0","0","0","0","0","0"
"00001273","동천마을3단지","00000068","송정98","20221003","5","10","6","10","5","9","6","9","0","1","0","1","0","0","0","0","1","5","9","5","1","4","7","4","0","0","1","0","0","1","1","1","4","1","2","1","4","1","2","1","0","0","0","0","0","0","0","0"
"00001273","동천마을3단지","00000090","문흥39","20221003","3","1","3","1","3","1","3","1","0","0","0","0","0","0","0","0","0","0","0","0","0","0","0","0","0","0","0","0","0","0","0","0","0","3","4","3","0","3","4","3","0","0","0","0","0","0","0","0"
"00001273","동천마을3단지","00000098","수완49","20221003","1","3","3","3","1","2","2","2","0","0","0","0","0","1","1","1","0","0","0","0","0","0","0","0","0","0","0","0","0","0","0","0","2","4","1","4","2","4","1","4","0","0","0","0","0","0","0","0"
"00001273","동천마을3단지","00000116","첨단22","20221003","1","4","5","4","1","4","5","4","0","0","0","0","0","0","0","0","1","0","1","0","1","0","1","0","0","0","0","0","0","0","0","0","5","6","17","6","5","6","17","6","0","0","0","0","0","0","0","0"
"00001276","중앙대교(서)","00000023","지원45","20221003","0","0","2","0","0","0","2","0","0","0","0","0","0","0","0","0","8","8","2","8","8","8","2","8","0","0","0","0","0","0","0","0","0","0","0","0","0","0","0","0","0","0","0","0","0","0","0","0"
"00001276","중앙대교(서)","00000091","송암74","20221003","0","0","0","0","0","0","0","0","0","0","0","0","0","0","0","0","1","4","3","4","1","3","3","3","0","0","0","0","0","1","0","1","0","0","0","0","0","0","0","0","0","0","0","0","0","0","0","0"
"00001276","중앙대교(서)","00000102","수완12","20221003","2","0","0","0","2","0","0","0","0","0","0","0","0","0","0","0","2","2","0","2","2","2","0","2","0","0","0","0","0","0","0","0","0","0","0","0","0","0","0","0","0","0","0","0","0","0","0","0"
"00001278","장성남중","00000079","첨단192","20221003","0","0","0","0","0","0","0","0","0","0","0","0","0","0","0","0","0","0","0","0","0","0","0","0","0","0","0","0","0","0","0","0","0","0","0","0","0","0","0","0","0","0","0","0","0","0","0","0"
"00001279","문화예술회관","00000026","운림51","20221003","5","3","4","3","5","3","4","3","0","0","0","0","0","0","0","0","2","4","7","4","2","4","7","4","0","0","0","0","0","0","0","0","0","0","1","0","0","0","1","0","0","0","0","0","0","0","0","0"
"00001279","문화예술회관","00000033","금남58","20221003","0","0","1","0","0","0","0","0","0","0","0","0","0","0","1","0","2","5","5","5","2","5","4","5","0","0","1","0","0","0","0","0","0","0","1","0","0","0","0","0","0","0","0","0","0","0","1","0"
"00001279","문화예술회관","00000054","용봉83","20221003","0","1","0","1","0","1","0","1","0","0","0","0","0","0","0","0","1","2","0","2","1","2","0","2","0","0","0","0","0","0","0","0","0","0","0","0","0","0","0","0","0","0","0","0","0","0","0","0"
"00001279","문화예술회관","00000056","용전85","20221003","1","1","0","1","1","1","0","1","0","0","0","0","0","0","0","0","0","0","0","0","0","0","0","0","0","0","0","0","0","0","0","0","0","0","1","0","0","0","1","0","0","0","0","0","0","0","0","0"
"00001279","문화예술회관","00000211","마을777(우치공원)","20221003","1","0","0","0","1","0","0","0","0","0","0","0","0","0","0","0","3","2","5","2","3","2","4","2","0","0","0","0","0","0","1","0","0","0","0","0","0","0","0","0","0","0","0","0","0","0","0","0"
"00001280","중앙초교","00000019","봉선37","20221003","0","6","2","6","0","2","2","2","0","1","0","1","0","3","0","3","0","3","0","3","0","2","0","2","0","0","0","0","0","1","0","1","0","1","0","1","0","0","0","0","0","0","0","0","0","1","0","1"
"00001280","중앙초교","00000127","상무62","20221003","0","0","0","0","0","0","0","0","0","0","0","0","0","0","0","0","0","0","0","0","0","0","0","0","0","0","0","0","0","0","0","0","0","0","0","0","0","0","0","0","0","0","0","0","0","0","0","0"
"00001280","중앙초교","00000195","마을720","20221003","0","0","0","0","0","0","0","0","0","0","0","0","0","0","0","0","0","0","0","0","0","0","0","0","0","0","0","0","0","0","0","0","0","0","0","0","0","0","0","0","0","0","0","0","0","0","0","0"
"00001280","중앙초교","00000203","마을700","20221003","0","0","0","0","0","0","0","0","0","0","0","0","0","0","0","0","0","0","1","0","0","0","1","0","0","0","0","0","0","0","0","0","0","0","0","0","0","0","0","0","0","0","0","0","0","0","0","0"
"00001281","중앙초교","00000019","봉선37","20221003","2","0","1","0","1","0","1","0","0","0","0","0","1","0","0","0","0","1","4","1","0","1","4","1","0","0","0","0","0","0","0","0","0","0","0","0","0","0","0","0","0","0","0","0","0","0","0","0"
"00001281","중앙초교","00000036","상무62(상무역행)","20221003","0","0","1","0","0","0","1","0","0","0","0","0","0","0","0","0","0","0","1","0","0","0","1","0","0","0","0","0","0","0","0","0","0","0","0","0","0","0","0","0","0","0","0","0","0","0","0","0"
"00001281","중앙초교","00000195","마을720","20221003","1","0","1","0","1","0","1","0","0","0","0","0","0","0","0","0","1","1","0","1","0","0","0","0","0","1","0","1","1","0","0","0","0","0","0","0","0","0","0","0","0","0","0","0","0","0","0","0"
"00001281","중앙초교","00000203","마을700","20221003","2","0","1","0","2","0","0","0","0","0","0","0","0","0","1","0","0","0","0","0","0","0","0","0","0","0","0","0","0","0","0","0","0","0","0","0","0","0","0","0","0","0","0","0","0","0","0","0"
"00001282","중외마을","00000016","송정29","20221003","16","11","9","11","15","10","5","10","1","0","3","0","0","1","1","1","1","0","1","0","1","0","1","0","0","0","0","0","0","0","0","0","2","1","4","1","2","1","4","1","0","0","0","0","0","0","0","0"
"00001282","중외마을","00000118","문흥53","20221003","7","7","8","7","7","7","5","7","0","0","2","0","0","0","1","0","1","0","0","0","1","0","0","0","0","0","0","0","0","0","0","0","0","1","1","1","0","1","1","1","0","0","0","0","0","0","0","0"
"00001283","중외마을","00000016","송정29","20221003","6","10","6","10","3","4","5","4","0","2","0","2","3","4","1","4","3","5","5","5","3","5","5","5","0","0","0","0","0","0","0","0","0","1","0","1","0","1","0","1","0","0","0","0","0","0","0","0"
"00001283","중외마을","00000118","문흥53","20221003","3","2","2","2","3","2","1","2","0","0","0","0","0","0","1","0","0","0","2","0","0","0","2","0","0","0","0","0","0","0","0","0","0","0","0","0","0","0","0","0","0","0","0","0","0","0","0","0"
"00001284","중흥1동행정복지센터","00000020","일곡38","20221003","1","2","2","2","1","2","2","2","0","0","0","0","0","0","0","0","0","1","1","1","0","1","1","1","0","0","0","0","0","0","0","0","0","0","0","0","0","0","0","0","0","0","0","0","0","0","0","0"
"00001284","중흥1동행정복지센터","00000032","금남57","20221003","0","3","1","3","0","2","1","2","0","0","0","0","0","1","0","1","1","0","1","0","1","0","1","0","0","0","0","0","0","0","0","0","0","0","0","0","0","0","0","0","0","0","0","0","0","0","0","0"
"00001284","중흥1동행정복지센터","00000087","1187","20221003","0","3","1","3","0","3","1","3","0","0","0","0","0","0","0","0","0","0","0","0","0","0","0","0","0","0","0","0","0","0","0","0","0","0","0","0","0","0","0","0","0","0","0","0","0","0","0","0"
"00001285","중흥1동행정복지센터","00000020","일곡38","20221003","0","0","0","0","0","0","0","0","0","0","0","0","0","0","0","0","0","0","1","0","0","0","1","0","0","0","0","0","0","0","0","0","0","0","0","0","0","0","0","0","0","0","0","0","0","0","0","0"
"00001285","중흥1동행정복지센터","00000032","금남57","20221003","0","0","1","0","0","0","1","0","0","0","0","0","0","0","0","0","0","1","0","1","0","1","0","1","0","0","0","0","0","0","0","0","0","0","0","0","0","0","0","0","0","0","0","0","0","0","0","0"
"00001286","문흥명지아파트","00000008","진월17","20221003","27","20","22","20","26","17","19","17","1","3","0","3","0","0","3","0","0","0","1","0","0","0","1","0","0","0","0","0","0","0","0","0","0","0","1","0","0","0","0","0","0","0","0","0","0","0","1","0"
"00001286","문흥명지아파트","00000009","문흥18","20221003","36","21","12","21","34","18","11","18","1","0","0","0","1","3","1","3","0","0","0","0","0","0","0","0","0","0","0","0","0","0","0","0","0","0","0","0","0","0","0","0","0","0","0","0","0","0","0","0"
"00001286","문흥명지아파트","00000090","문흥39","20221003","33","34","12","34","30","25","10","25","0","3","0","3","3","6","2","6","0","0","0","0","0","0","0","0","0","0","0","0","0","0","0","0","1","0","0","0","1","0","0","0","0","0","0","0","0","0","0","0"
"00001288","중흥시장","00000010","송정19","20221003","0","2","1","2","0","2","1","2","0","0","0","0","0","0","0","0","0","2","0","2","0","2","0","2","0","0","0","0","0","0","0","0","0","0","0","0","0","0","0","0","0","0","0","0","0","0","0","0"
"00001288","중흥시장","00000072","지원152(능주역)","20221003","1","0","0","0","1","0","0","0","0","0","0","0","0","0","0","0","0","0","0","0","0","0","0","0","0","0","0","0","0","0","0","0","0","0","0","0","0","0","0","0","0","0","0","0","0","0","0","0"
"00001289","중흥시장","00000010","송정19","20221003","0","2","1","2","0","2","1","2","0","0","0","0","0","0","0","0","0","1","2","1","0","1","1","1","0","0","1","0","0","0","0","0","0","0","0","0","0","0","0","0","0","0","0","0","0","0","0","0"
"00001289","중흥시장","00000072","지원152(능주역)","20221003","0","1","0","1","0","1","0","1","0","0","0","0","0","0","0","0","2","2","0","2","1","2","0","2","0","0","0","0","1","0","0","0","0","0","0","0","0","0","0","0","0","0","0","0","0","0","0","0"
"00001289","중흥시장","00000123","지원152(도웅리)","20221003","0","0","0","0","0","0","0","0","0","0","0","0","0","0","0","0","0","1","0","1","0","0","0","0","0","0","0","0","0","1","0","1","0","0","0","0","0","0","0","0","0","0","0","0","0","0","0","0"
"00001290","효동초교입구","00000004","진월07","20221003","16","20","21","20","16","17","17","17","0","1","1","1","0","2","3","2","15","13","30","13","14","11","28","11","0","0","0","0","1","2","2","2","2","1","0","1","2","1","0","1","0","0","0","0","0","0","0","0"
"00001290","효동초교입구","00000009","문흥18","20221003","8","13","9","13","8","13","8","13","0","0","0","0","0","0","1","0","1","0","1","0","1","0","1","0","0","0","0","0","0","0","0","0","1","0","0","0","1","0","0","0","0","0","0","0","0","0","0","0"
"00001290","효동초교입구","00000014","봉선27","20221003","9","4","11","4","9","2","10","2","0","1","0","1","0","1","1","1","1","0","3","0","1","0","3","0","0","0","0","0","0","0","0","0","0","0","2","0","0","0","1","0","0","0","0","0","0","0","1","0"
"00001290","효동초교입구","00000030","금남55","20221003","1","0","6","0","1","0","6","0","0","0","0","0","0","0","0","0","1","0","0","0","1","0","0","0","0","0","0","0","0","0","0","0","0","0","1","0","0","0","1","0","0","0","0","0","0","0","0","0"
"00001290","효동초교입구","00000077","용전184","20221003","0","0","0","0","0","0","0","0","0","0","0","0","0","0","0","0","0","1","0","1","0","1","0","1","0","0","0","0","0","0","0","0","0","0","0","0","0","0","0","0","0","0","0","0","0","0","0","0"
"00001291","비아중흥아파트","00000011","첨단20","20221003","9","6","12","6","9","5","12","5","0","0","0","0","0","1","0","1","0","0","1","0","0","0","1","0","0","0","0","0","0","0","0","0","0","0","0","0","0","0","0","0","0","0","0","0","0","0","0","0"
"00001291","비아중흥아파트","00000062","첨단92","20221003","1","0","1","0","1","0","1","0","0","0","0","0","0","0","0","0","0","0","0","0","0","0","0","0","0","0","0","0","0","0","0","0","0","0","0","0","0","0","0","0","0","0","0","0","0","0","0","0"
"00001291","비아중흥아파트","00000064","첨단94","20221003","0","0","1","0","0","0","1","0","0","0","0","0","0","0","0","0","0","0","0","0","0","0","0","0","0","0","0","0","0","0","0","0","0","0","0","0","0","0","0","0","0","0","0","0","0","0","0","0"
"00001291","비아중흥아파트","00000203","마을700","20221003","2","5","2","5","2","4","2","4","0","0","0","0","0","1","0","1","0","2","2","2","0","2","2","2","0","0","0","0","0","0","0","0","0","0","0","0","0","0","0","0","0","0","0","0","0","0","0","0"
"00001292","비아중흥아파트","00000011","첨단20","20221003","4","9","11","9","4","4","10","4","0","0","1","0","0","5","0","5","2","2","2","2","2","2","2","2","0","0","0","0","0","0","0","0","0","3","0","3","0","3","0","3","0","0","0","0","0","0","0","0"
"00001292","비아중흥아파트","00000061","임곡91","20221003","1","2","0","2","1","1","0","1","0","0","0","0","0","1","0","1","0","0","0","0","0","0","0","0","0","0","0","0","0","0","0","0","0","0","0","0","0","0","0","0","0","0","0","0","0","0","0","0"
"00001292","비아중흥아파트","00000062","첨단92","20221003","1","0","1","0","1","0","1","0","0","0","0","0","0","0","0","0","0","0","0","0","0","0","0","0","0","0","0","0","0","0","0","0","0","0","0","0","0","0","0","0","0","0","0","0","0","0","0","0"
"00001292","비아중흥아파트","00000064","첨단94","20221003","3","6","1","6","2","3","1","3","0","2","0","2","1","1","0","1","0","0","0","0","0","0","0","0","0","0","0","0","0","0","0","0","0","0","0","0","0","0","0","0","0","0","0","0","0","0","0","0"
"00001292","비아중흥아파트","00000203","마을700","20221003","4","8","9","8","4","5","7","5","0","1","0","1","0","2","2","2","0","4","0","4","0","4","0","4","0","0","0","0","0","0","0","0","0","0","0","0","0","0","0","0","0","0","0","0","0","0","0","0"
"00001293","쌍촌시영아파트","00000011","첨단20","20221003","11","8","4","8","11","7","4","7","0","0","0","0","0","1","0","1","0","0","0","0","0","0","0","0","0","0","0","0","0","0","0","0","2","1","0","1","2","1","0","1","0","0","0","0","0","0","0","0"
"00001293","쌍촌시영아파트","00000025","운림50","20221003","10","7","3","7","9","7","3","7","0","0","0","0","1","0","0","0","0","2","2","2","0","2","2","2","0","0","0","0","0","0","0","0","1","1","1","1","0","1","1","1","0","0","0","0","1","0","0","0"
"00001293","쌍촌시영아파트","00000035","매월61(칠석)","20221003","8","8","7","8","7","7","7","7","0","0","0","0","1","1","0","1","1","0","1","0","1","0","1","0","0","0","0","0","0","0","0","0","0","0","0","0","0","0","0","0","0","0","0","0","0","0","0","0"
"00001293","쌍촌시영아파트","00000044","송암73","20221003","9","7","2","7","9","6","1","6","0","0","0","0","0","1","1","1","0","1","1","1","0","1","1","1","0","0","0","0","0","0","0","0","2","1","0","1","2","1","0","1","0","0","0","0","0","0","0","0"
"00001293","쌍촌시영아파트","00000048","진월77","20221003","6","1","2","1","6","1","1","1","0","0","0","0","0","0","1","0","0","0","0","0","0","0","0","0","0","0","0","0","0","0","0","0","1","1","0","1","0","1","0","1","0","0","0","0","1","0","0","0"
"00001293","쌍촌시영아파트","00000088","금호36","20221003","7","8","15","8","7","6","15","6","0","0","0","0","0","2","0","2","1","0","2","0","0","0","2","0","0","0","0","0","1","0","0","0","0","1","2","1","0","1","2","1","0","0","0","0","0","0","0","0"
"00001294","풍암모아아파트","00000023","지원45","20221003","14","25","10","25","13","23","10","23","0","2","0","2","1","0","0","0","0","0","1","0","0","0","1","0","0","0","0","0","0","0","0","0","1","0","0","0","1","0","0","0","0","0","0","0","0","0","0","0"
"00001294","풍암모아아파트","00000024","송암47","20221003","8","10","7","10","8","7","5","7","0","0","0","0","0","3","2","3","1","1","0","1","1","1","0","1","0","0","0","0","0","0","0","0","0","0","0","0","0","0","0","0","0","0","0","0","0","0","0","0"
"00001294","풍암모아아파트","00000034","금남59","20221003","9","3","0","3","9","3","0","3","0","0","0","0","0","0","0","0","0","0","0","0","0","0","0","0","0","0","0","0","0","0","0","0","0","0","0","0","0","0","0","0","0","0","0","0","0","0","0","0"
"00001294","풍암모아아파트","00000049","진월78","20221003","0","1","0","1","0","1","0","1","0","0","0","0","0","0","0","0","0","0","0","0","0","0","0","0","0","0","0","0","0","0","0","0","0","0","0","0","0","0","0","0","0","0","0","0","0","0","0","0"
"00001294","풍암모아아파트","00000100","진월75","20221003","5","4","1","4","3","3","1","3","0","0","0","0","2","1","0","1","0","1","0","1","0","1","0","1","0","0","0","0","0","0","0","0","0","0","0","0","0","0","0","0","0","0","0","0","0","0","0","0"
"00001294","풍암모아아파트","00000112","순환01(운천저수지)","20221003","6","7","7","7","6","6","6","6","0","0","0","0","0","1","1","1","0","0","0","0","0","0","0","0","0","0","0","0","0","0","0","0","0","0","0","0","0","0","0","0","0","0","0","0","0","0","0","0"
"00001295","쌍촌시영아파트","00000011","첨단20","20221003","1","3","0","3","1","3","0","3","0","0","0","0","0","0","0","0","0","1","2","1","0","1","2","1","0","0","0","0","0","0","0","0","0","1","0","1","0","1","0","1","0","0","0","0","0","0","0","0"
"00001295","쌍촌시영아파트","00000025","운림50","20221003","14","10","5","10","14","10","5","10","0","0","0","0","0","0","0","0","0","0","0","0","0","0","0","0","0","0","0","0","0","0","0","0","0","1","1","1","0","1","1","1","0","0","0","0","0","0","0","0"
"00001295","쌍촌시영아파트","00000035","매월61(칠석)","20221003","8","11","8","11","8","11","7","11","0","0","0","0","0","0","1","0","0","1","4","1","0","1","4","1","0","0","0","0","0","0","0","0","0","0","2","0","0","0","2","0","0","0","0","0","0","0","0","0"
"00001295","쌍촌시영아파트","00000044","송암73","20221003","11","0","2","0","9","0","2","0","1","0","0","0","1","0","0","0","0","1","1","1","0","1","1","1","0","0","0","0","0","0","0","0","1","0","2","0","1","0","2","0","0","0","0","0","0","0","0","0"
"00001295","쌍촌시영아파트","00000048","진월77","20221003","4","3","2","3","4","2","2","2","0","0","0","0","0","1","0","1","1","0","0","0","1","0","0","0","0","0","0","0","0","0","0","0","0","0","0","0","0","0","0","0","0","0","0","0","0","0","0","0"
"00001295","쌍촌시영아파트","00000088","금호36","20221003","22","45","14","45","21","40","11","40","1","1","0","1","0","4","3","4","2","1","3","1","2","0","3","0","0","0","0","0","0","1","0","1","0","0","0","0","0","0","0","0","0","0","0","0","0","0","0","0"
"00001296","향토문화거리입구","00000031","419","20221003","0","0","0","0","0","0","0","0","0","0","0","0","0","0","0","0","0","0","0","0","0","0","0","0","0","0","0","0","0","0","0","0","0","0","0","0","0","0","0","0","0","0","0","0","0","0","0","0"
"00001296","향토문화거리입구","00000077","용전184","20221003","0","0","0","0","0","0","0","0","0","0","0","0","0","0","0","0","0","1","0","1","0","1","0","1","0","0","0","0","0","0","0","0","0","0","0","0","0","0","0","0","0","0","0","0","0","0","0","0"
"00001297","향토문화거리입구","00000031","419","20221003","0","0","0","0","0","0","0","0","0","0","0","0","0","0","0","0","0","0","0","0","0","0","0","0","0","0","0","0","0","0","0","0","0","0","0","0","0","0","0","0","0","0","0","0","0","0","0","0"
"00001297","향토문화거리입구","00000077","용전184","20221003","0","0","0","0","0","0","0","0","0","0","0","0","0","0","0","0","0","0","0","0","0","0","0","0","0","0","0","0","0","0","0","0","0","0","0","0","0","0","0","0","0","0","0","0","0","0","0","0"
"00001299","광주지방기상청","00000009","문흥18","20221003","2","0","0","0","2","0","0","0","0","0","0","0","0","0","0","0","8","6","12","6","8","6","11","6","0","0","0","0","0","0","1","0","0","0","0","0","0","0","0","0","0","0","0","0","0","0","0","0"
"00001299","광주지방기상청","00000013","매월26","20221003","0","2","1","2","0","1","1","1","0","0","0","0","0","1","0","1","4","7","1","7","4","6","1","6","0","0","0","0","0","1","0","1","0","0","0","0","0","0","0","0","0","0","0","0","0","0","0","0"
"00001299","광주지방기상청","00000014","봉선27","20221003","0","1","0","1","0","1","0","1","0","0","0","0","0","0","0","0","10","2","10","2","9","2","9","2","0","0","0","0","1","0","1","0","0","1","5","1","0","1","5","1","0","0","0","0","0","0","0","0"
"00001299","광주지방기상청","00000024","송암47","20221003","0","0","1","0","0","0","1","0","0","0","0","0","0","0","0","0","2","2","1","2","2","2","1","2","0","0","0","0","0","0","0","0","0","0","2","0","0","0","2","0","0","0","0","0","0","0","0","0"
"00001299","광주지방기상청","00000038","상무64","20221003","0","0","0","0","0","0","0","0","0","0","0","0","0","0","0","0","1","1","1","1","1","1","1","1","0","0","0","0","0","0","0","0","0","0","1","0","0","0","1","0","0","0","0","0","0","0","0","0"
"00001299","광주지방기상청","00000043","송암72","20221003","0","1","0","1","0","0","0","0","0","0","0","0","0","1","0","1","2","2","3","2","2","2","2","2","0","0","0","0","0","0","1","0","0","0","0","0","0","0","0","0","0","0","0","0","0","0","0","0"
"00001299","광주지방기상청","00000054","용봉83","20221003","0","0","0","0","0","0","0","0","0","0","0","0","0","0","0","0","3","2","0","2","3","2","0","2","0","0","0","0","0","0","0","0","0","1","1","1","0","1","1","1","0","0","0","0","0","0","0","0"
"00001299","광주지방기상청","00000098","수완49","20221003","0","0","0","0","0","0","0","0","0","0","0","0","0","0","0","0","0","1","1","1","0","1","1","1","0","0","0","0","0","0","0","0","0","0","0","0","0","0","0","0","0","0","0","0","0","0","0","0"
"00001300","광주지방기상청","00000009","문흥18","20221003","0","3","1","3","0","3","1","3","0","0","0","0","0","0","0","0","0","3","5","3","0","2","5","2","0","0","0","0","0","1","0","1","0","0","0","0","0","0","0","0","0","0","0","0","0","0","0","0"
"00001300","광주지방기상청","00000013","매월26","20221003","4","1","0","1","4","1","0","1","0","0","0","0","0","0","0","0","0","1","2","1","0","1","2","1","0","0","0","0","0","0","0","0","0","0","0","0","0","0","0","0","0","0","0","0","0","0","0","0"
"00001300","광주지방기상청","00000014","봉선27","20221003","2","4","2","4","2","4","2","4","0","0","0","0","0","0","0","0","0","1","1","1","0","1","1","1","0","0","0","0","0","0","0","0","0","0","0","0","0","0","0","0","0","0","0","0","0","0","0","0"
"00001300","광주지방기상청","00000024","송암47","20221003","0","0","0","0","0","0","0","0","0","0","0","0","0","0","0","0","1","0","0","0","1","0","0","0","0","0","0","0","0","0","0","0","0","0","0","0","0","0","0","0","0","0","0","0","0","0","0","0"
"00001300","광주지방기상청","00000038","상무64","20221003","0","1","0","1","0","1","0","1","0","0","0","0","0","0","0","0","1","0","2","0","1","0","2","0","0","0","0","0","0","0","0","0","0","0","0","0","0","0","0","0","0","0","0","0","0","0","0","0"
"00001300","광주지방기상청","00000043","송암72","20221003","2","3","0","3","2","3","0","3","0","0","0","0","0","0","0","0","2","4","1","4","2","4","1","4","0","0","0","0","0","0","0","0","0","0","0","0","0","0","0","0","0","0","0","0","0","0","0","0"
"00001300","광주지방기상청","00000054","용봉83","20221003","0","0","0","0","0","0","0","0","0","0","0","0","0","0","0","0","0","0","0","0","0","0","0","0","0","0","0","0","0","0","0","0","0","0","0","0","0","0","0","0","0","0","0","0","0","0","0","0"
"00001300","광주지방기상청","00000098","수완49","20221003","0","3","0","3","0","3","0","3","0","0","0","0","0","0","0","0","0","0","1","0","0","0","1","0","0","0","0","0","0","0","0","0","0","0","0","0","0","0","0","0","0","0","0","0","0","0","0","0"
"00001301","농성1동주민센터","00000017","첨단30","20221003","4","7","1","7","4","5","1","5","0","2","0","2","0","0","0","0","1","0","0","0","1","0","0","0","0","0","0","0","0","0","0","0","0","0","0","0","0","0","0","0","0","0","0","0","0","0","0","0"
"00001301","농성1동주민센터","00000059","임곡89","20221003","0","2","0","2","0","2","0","2","0","0","0","0","0","0","0","0","0","0","0","0","0","0","0","0","0","0","0","0","0","0","0","0","0","0","0","0","0","0","0","0","0","0","0","0","0","0","0","0"
"00001301","농성1동주민센터","00000101","송암31","20221003","3","3","0","3","3","3","0","3","0","0","0","0","0","0","0","0","0","1","2","1","0","1","2","1","0","0","0","0","0","0","0","0","0","0","0","0","0","0","0","0","0","0","0","0","0","0","0","0"
"00001301","농성1동주민센터","00000119","지원56","20221003","3","4","0","4","2","4","0","4","0","0","0","0","1","0","0","0","0","3","3","3","0","1","3","1","0","1","0","1","0","1","0","1","0","0","0","0","0","0","0","0","0","0","0","0","0","0","0","0"
"00001302","상무중흥아파트","00000020","일곡38","20221003","6","5","4","5","6","5","2","5","0","0","0","0","0","0","2","0","0","0","0","0","0","0","0","0","0","0","0","0","0","0","0","0","0","0","0","0","0","0","0","0","0","0","0","0","0","0","0","0"
"00001302","상무중흥아파트","00000025","운림50","20221003","1","0","0","0","1","0","0","0","0","0","0","0","0","0","0","0","1","1","0","1","1","1","0","1","0","0","0","0","0","0","0","0","0","0","0","0","0","0","0","0","0","0","0","0","0","0","0","0"
"00001302","상무중흥아파트","00000038","상무64","20221003","0","0","0","0","0","0","0","0","0","0","0","0","0","0","0","0","0","0","1","0","0","0","1","0","0","0","0","0","0","0","0","0","0","0","0","0","0","0","0","0","0","0","0","0","0","0","0","0"
"00001303","상무중흥아파트","00000020","일곡38","20221003","1","4","1","4","1","4","1","4","0","0","0","0","0","0","0","0","0","1","0","1","0","1","0","1","0","0","0","0","0","0","0","0","0","0","0","0","0","0","0","0","0","0","0","0","0","0","0","0"
"00001303","상무중흥아파트","00000025","운림50","20221003","1","2","0","2","0","2","0","2","0","0","0","0","1","0","0","0","0","0","0","0","0","0","0","0","0","0","0","0","0","0","0","0","0","0","0","0","0","0","0","0","0","0","0","0","0","0","0","0"
"00001303","상무중흥아파트","00000038","상무64","20221003","0","3","1","3","0","2","1","2","0","1","0","1","0","0","0","0","0","0","0","0","0","0","0","0","0","0","0","0","0","0","0","0","0","0","0","0","0","0","0","0","0","0","0","0","0","0","0","0"
"00001304","무등산국립공원(증심사)","00000005","첨단09","20221003","0","1","3","1","0","1","3","1","0","0","0","0","0","0","0","0","11","14","0","14","10","14","0","14","1","0","0","0","0","0","0","0","0","0","0","0","0","0","0","0","0","0","0","0","0","0","0","0"
"00001304","무등산국립공원(증심사)","00000018","운림35","20221003","0","0","0","0","0","0","0","0","0","0","0","0","0","0","0","0","0","2","1","2","0","2","1","2","0","0","0","0","0","0","0","0","0","0","0","0","0","0","0","0","0","0","0","0","0","0","0","0"
"00001304","무등산국립공원(증심사)","00000025","운림50","20221003","0","0","0","0","0","0","0","0","0","0","0","0","0","0","0","0","2","3","0","3","2","3","0","3","0","0","0","0","0","0","0","0","0","0","0","0","0","0","0","0","0","0","0","0","0","0","0","0"
"00001304","무등산국립공원(증심사)","00000026","운림51","20221003","1","1","0","1","1","1","0","1","0","0","0","0","0","0","0","0","5","4","0","4","5","4","0","4","0","0","0","0","0","0","0","0","0","0","0","0","0","0","0","0","0","0","0","0","0","0","0","0"
"00001304","무등산국립공원(증심사)","00000029","운림54","20221003","7","163","69","163","7","160","69","160","0","2","0","2","0","1","0","1","10","6","2","6","10","6","2","6","0","0","0","0","0","0","0","0","0","2","1","2","0","2","1","2","0","0","0","0","0","0","0","0"
"00001304","무등산국립공원(증심사)","00000098","수완49","20221003","0","25","7","25","0","22","6","22","0","0","0","0","0","3","1","3","2","0","0","0","2","0","0","0","0","0","0","0","0","0","0","0","0","1","0","1","0","1","0","1","0","0","0","0","0","0","0","0"
"00001304","무등산국립공원(증심사)","00000102","수완12","20221003","0","35","29","35","0","35","28","35","0","0","0","0","0","0","1","0","3","2","0","2","3","2","0","2","0","0","0","0","0","0","0","0","0","1","0","1","0","1","0","1","0","0","0","0","0","0","0","0"
"00001304","무등산국립공원(증심사)","00000109","좌석02","20221003","1","9","7","9","1","9","7","9","0","0","0","0","0","0","0","0","5","3","0","3","5","2","0","2","0","1","0","1","0","0","0","0","0","1","0","1","0","1","0","1","0","0","0","0","0","0","0","0"
"00001305","매동","00000060","임곡90","20221003","0","1","0","1","0","1","0","1","0","0","0","0","0","0","0","0","0","0","0","0","0","0","0","0","0","0","0","0","0","0","0","0","0","0","0","0","0","0","0","0","0","0","0","0","0","0","0","0"
"00001306","건국동파출소","00000032","금남57","20221003","5","2","0","2","4","2","0","2","1","0","0","0","0","0","0","0","0","1","1","1","0","1","1","1","0","0","0","0","0","0","0","0","0","0","0","0","0","0","0","0","0","0","0","0","0","0","0","0"
"00001306","건국동파출소","00000055","용전84","20221003","1","0","0","0","1","0","0","0","0","0","0","0","0","0","0","0","0","1","0","1","0","1","0","1","0","0","0","0","0","0","0","0","0","0","0","0","0","0","0","0","0","0","0","0","0","0","0","0"
"00001306","건국동파출소","00000056","용전85","20221003","0","0","0","0","0","0","0","0","0","0","0","0","0","0","0","0","0","0","0","0","0","0","0","0","0","0","0","0","0","0","0","0","0","0","1","0","0","0","1","0","0","0","0","0","0","0","0","0"
"00001306","건국동파출소","00000065","첨단95","20221003","0","0","1","0","0","0","1","0","0","0","0","0","0","0","0","0","0","1","0","1","0","1","0","1","0","0","0","0","0","0","0","0","0","1","0","1","0","1","0","1","0","0","0","0","0","0","0","0"
"00001306","건국동파출소","00000120","양산60","20221003","0","1","0","1","0","1","0","1","0","0","0","0","0","0","0","0","0","0","0","0","0","0","0","0","0","0","0","0","0","0","0","0","2","0","0","0","2","0","0","0","0","0","0","0","0","0","0","0"
"00001306","건국동파출소","00000203","마을700","20221003","0","0","0","0","0","0","0","0","0","0","0","0","0","0","0","0","0","0","0","0","0","0","0","0","0","0","0","0","0","0","0","0","0","0","0","0","0","0","0","0","0","0","0","0","0","0","0","0"
"00001306","건국동파출소","00000214","마을799","20221003","1","0","0","0","0","0","0","0","0","0","0","0","1","0","0","0","0","0","0","0","0","0","0","0","0","0","0","0","0","0","0","0","0","0","0","0","0","0","0","0","0","0","0","0","0","0","0","0"
"00001307","건국동파출소","00000032","금남57","20221003","8","16","5","16","8","11","4","11","0","2","1","2","0","3","0","3","0","0","0","0","0","0","0","0","0","0","0","0","0","0","0","0","0","0","0","0","0","0","0","0","0","0","0","0","0","0","0","0"
"00001307","건국동파출소","00000055","용전84","20221003","3","4","6","4","2","4","6","4","0","0","0","0","1","0","0","0","0","0","3","0","0","0","3","0","0","0","0","0","0","0","0","0","1","0","0","0","1","0","0","0","0","0","0","0","0","0","0","0"
"00001307","건국동파출소","00000056","용전85","20221003","0","2","1","2","0","1","1","1","0","0","0","0","0","1","0","1","0","0","0","0","0","0","0","0","0","0","0","0","0","0","0","0","0","0","0","0","0","0","0","0","0","0","0","0","0","0","0","0"
"00001307","건국동파출소","00000065","첨단95","20221003","10","19","11","19","8","16","9","16","0","1","0","1","2","2","2","2","0","0","0","0","0","0","0","0","0","0","0","0","0","0","0","0","0","0","0","0","0","0","0","0","0","0","0","0","0","0","0","0"
"00001307","건국동파출소","00000120","양산60","20221003","4","2","3","2","4","2","3","2","0","0","0","0","0","0","0","0","1","1","0","1","1","1","0","1","0","0","0","0","0","0","0","0","0","0","0","0","0","0","0","0","0","0","0","0","0","0","0","0"
"00001307","건국동파출소","00000203","마을700","20221003","0","2","1","2","0","1","1","1","0","0","0","0","0","1","0","1","2","0","0","0","2","0","0","0","0","0","0","0","0","0","0","0","0","0","2","0","0","0","2","0","0","0","0","0","0","0","0","0"
"00001308","산음","00000060","임곡90","20221003","1","1","1","1","1","1","1","1","0","0","0","0","0","0","0","0","0","0","0","0","0","0","0","0","0","0","0","0","0","0","0","0","0","0","0","0","0","0","0","0","0","0","0","0","0","0","0","0"
"00001309","법원입구","00000001","순환01(시청행)","20221003","3","6","4","6","3","6","4","6","0","0","0","0","0","0","0","0","2","7","4","7","2","6","4","6","0","0","0","0","0","1","0","1","0","3","8","3","0","3","8","3","0","0","0","0","0","0","0","0"
"00001309","법원입구","00000006","지원15","20221003","2","6","3","6","2","5","3","5","0","0","0","0","0","1","0","1","1","3","2","3","1","3","2","3","0","0","0","0","0","0","0","0","0","0","0","0","0","0","0","0","0","0","0","0","0","0","0","0"
"00001309","법원입구","00000014","봉선27","20221003","9","5","5","5","8","4","5","4","0","0","0","0","1","1","0","1","1","3","2","3","1","3","2","3","0","0","0","0","0","0","0","0","0","1","0","1","0","1","0","1","0","0","0","0","0","0","0","0"
"00001309","법원입구","00000015","일곡28","20221003","5","2","8","2","5","1","8","1","0","0","0","0","0","1","0","1","5","6","3","6","5","6","3","6","0","0","0","0","0","0","0","0","1","1","4","1","1","1","4","1","0","0","0","0","0","0","0","0"
"00001309","법원입구","00000030","금남55","20221003","1","5","2","5","1","5","2","5","0","0","0","0","0","0","0","0","0","0","2","0","0","0","2","0","0","0","0","0","0","0","0","0","1","1","1","1","1","1","0","1","0","0","0","0","0","0","1","0"
"00001309","법원입구","00000087","1187","20221003","2","2","1","2","2","2","1","2","0","0","0","0","0","0","0","0","0","1","4","1","0","1","4","1","0","0","0","0","0","0","0","0","0","0","1","0","0","0","1","0","0","0","0","0","0","0","0","0"
"00001309","법원입구","00000091","송암74","20221003","2","7","0","7","1","7","0","7","0","0","0","0","1","0","0","0","1","0","0","0","1","0","0","0","0","0","0","0","0","0","0","0","0","1","3","1","0","1","3","1","0","0","0","0","0","0","0","0"
"00001309","법원입구","00000097","1187-1","20221003","2","2","2","2","1","0","2","0","0","0","0","0","1","2","0","2","0","2","8","2","0","2","8","2","0","0","0","0","0","0","0","0","0","0","0","0","0","0","0","0","0","0","0","0","0","0","0","0"
"00001310","법원입구","00000006","지원15","20221003","1","6","3","6","1","6","2","6","0","0","0","0","0","0","1","0","2","1","0","1","2","1","0","1","0","0","0","0","0","0","0","0","0","0","2","0","0","0","2","0","0","0","0","0","0","0","0","0"
"00001310","법원입구","00000014","봉선27","20221003","3","8","12","8","3","7","11","7","0","0","0","0","0","1","1","1","2","4","1","4","2","4","1","4","0","0","0","0","0","0","0","0","0","1","0","1","0","1","0","1","0","0","0","0","0","0","0","0"
"00001310","법원입구","00000015","일곡28","20221003","5","6","4","6","4","4","4","4","0","0","0","0","1","2","0","2","1","2","1","2","1","2","1","2","0","0","0","0","0","0","0","0","0","0","1","0","0","0","1","0","0","0","0","0","0","0","0","0"
"00001310","법원입구","00000030","금남55","20221003","3","3","3","3","3","3","2","3","0","0","1","0","0","0","0","0","0","0","0","0","0","0","0","0","0","0","0","0","0","0","0","0","0","0","0","0","0","0","0","0","0","0","0","0","0","0","0","0"
"00001310","법원입구","00000051","문흥80","20221003","2","1","3","1","2","1","3","1","0","0","0","0","0","0","0","0","0","0","0","0","0","0","0","0","0","0","0","0","0","0","0","0","2","0","0","0","2","0","0","0","0","0","0","0","0","0","0","0"
"00001310","법원입구","00000087","1187","20221003","0","3","1","3","0","2","1","2","0","0","0","0","0","1","0","1","1","1","1","1","1","1","1","1","0","0","0","0","0","0","0","0","6","5","0","5","6","5","0","5","0","0","0","0","0","0","0","0"
"00001310","법원입구","00000091","송암74","20221003","0","0","1","0","0","0","1","0","0","0","0","0","0","0","0","0","1","1","0","1","1","1","0","1","0","0","0","0","0","0","0","0","1","0","0","0","1","0","0","0","0","0","0","0","0","0","0","0"
"00001310","법원입구","00000097","1187-1","20221003","6","0","0","0","6","0","0","0","0","0","0","0","0","0","0","0","0","0","0","0","0","0","0","0","0","0","0","0","0","0","0","0","7","3","0","3","7","3","0","3","0","0","0","0","0","0","0","0"
"00001310","법원입구","00000112","순환01(운천저수지)","20221003","5","6","9","6","5","6","7","6","0","0","0","0","0","0","2","0","3","0","1","0","3","0","1","0","0","0","0","0","0","0","0","0","0","0","2","0","0","0","2","0","0","0","0","0","0","0","0","0"
"00001311","지산유원지","00000052","두암81(각화초교)","20221003","0","0","0","0","0","0","0","0","0","0","0","0","0","0","0","0","0","0","0","0","0","0","0","0","0","0","0","0","0","0","0","0","0","0","0","0","0","0","0","0","0","0","0","0","0","0","0","0"
"00001311","지산유원지","00000129","두암81(장등동)","20221003","0","2","0","2","0","2","0","2","0","0","0","0","0","0","0","0","0","1","0","1","0","1","0","1","0","0","0","0","0","0","0","0","0","0","0","0","0","0","0","0","0","0","0","0","0","0","0","0"
"00001312","지산초교","00000032","금남57","20221003","0","0","0","0","0","0","0","0","0","0","0","0","0","0","0","0","0","0","0","0","0","0","0","0","0","0","0","0","0","0","0","0","0","0","0","0","0","0","0","0","0","0","0","0","0","0","0","0"
"00001312","지산초교","00000055","용전84","20221003","0","0","0","0","0","0","0","0","0","0","0","0","0","0","0","0","0","0","0","0","0","0","0","0","0","0","0","0","0","0","0","0","0","0","0","0","0","0","0","0","0","0","0","0","0","0","0","0"
"00001312","지산초교","00000065","첨단95","20221003","0","0","0","0","0","0","0","0","0","0","0","0","0","0","0","0","0","0","2","0","0","0","2","0","0","0","0","0","0","0","0","0","0","0","0","0","0","0","0","0","0","0","0","0","0","0","0","0"
"00001312","지산초교","00000120","양산60","20221003","0","0","1","0","0","0","1","0","0","0","0","0","0","0","0","0","0","0","0","0","0","0","0","0","0","0","0","0","0","0","0","0","0","0","0","0","0","0","0","0","0","0","0","0","0","0","0","0"
"00001314","호남권역재활병원","00000065","첨단95","20221003","0","0","0","0","0","0","0","0","0","0","0","0","0","0","0","0","0","0","0","0","0","0","0","0","0","0","0","0","0","0","0","0","0","0","0","0","0","0","0","0","0","0","0","0","0","0","0","0"
"00001314","호남권역재활병원","00000120","양산60","20221003","0","0","0","0","0","0","0","0","0","0","0","0","0","0","0","0","0","0","0","0","0","0","0","0","0","0","0","0","0","0","0","0","0","0","0","0","0","0","0","0","0","0","0","0","0","0","0","0"
"00001315","호남권역재활병원","00000032","금남57","20221003","0","2","0","2","0","2","0","2","0","0","0","0","0","0","0","0","0","0","0","0","0","0","0","0","0","0","0","0","0","0","0","0","0","0","0","0","0","0","0","0","0","0","0","0","0","0","0","0"
"00001315","호남권역재활병원","00000055","용전84","20221003","0","2","0","2","0","2","0","2","0","0","0","0","0","0","0","0","0","0","0","0","0","0","0","0","0","0","0","0","0","0","0","0","0","0","1","0","0","0","1","0","0","0","0","0","0","0","0","0"
"00001315","호남권역재활병원","00000065","첨단95","20221003","2","1","1","1","2","1","1","1","0","0","0","0","0","0","0","0","0","0","0","0","0","0","0","0","0","0","0","0","0","0","0","0","0","0","0","0","0","0","0","0","0","0","0","0","0","0","0","0"
"00001315","호남권역재활병원","00000120","양산60","20221003","0","0","0","0","0","0","0","0","0","0","0","0","0","0","0","0","0","0","0","0","0","0","0","0","0","0","0","0","0","0","0","0","0","0","0","0","0","0","0","0","0","0","0","0","0","0","0","0"
"00001316","송정대덕아파트","00000023","지원45","20221003","0","3","2","3","0","3","2","3","0","0","0","0","0","0","0","0","3","1","1","1","3","1","1","1","0","0","0","0","0","0","0","0","0","0","0","0","0","0","0","0","0","0","0","0","0","0","0","0"
"00001316","송정대덕아파트","00000044","송암73","20221003","1","1","0","1","1","1","0","1","0","0","0","0","0","0","0","0","2","2","1","2","2","2","1","2","0","0","0","0","0","0","0","0","0","0","0","0","0","0","0","0","0","0","0","0","0","0","0","0"
"00001316","송정대덕아파트","00000066","송정96","20221003","0","0","0","0","0","0","0","0","0","0","0","0","0","0","0","0","0","0","0","0","0","0","0","0","0","0","0","0","0","0","0","0","0","0","0","0","0","0","0","0","0","0","0","0","0","0","0","0"
"00001316","송정대덕아파트","00000092","첨단40","20221003","0","0","2","0","0","0","2","0","0","0","0","0","0","0","0","0","0","4","2","4","0","4","2","4","0","0","0","0","0","0","0","0","0","0","0","0","0","0","0","0","0","0","0","0","0","0","0","0"
"00001316","송정대덕아파트","00000125","선운101","20221003","0","2","0","2","0","0","0","0","0","0","0","0","0","2","0","2","3","2","0","2","3","2","0","2","0","0","0","0","0","0","0","0","0","0","0","0","0","0","0","0","0","0","0","0","0","0","0","0"
"00001316","송정대덕아파트","00000203","마을700","20221003","2","8","2","8","2","8","2","8","0","0","0","0","0","0","0","0","1","1","0","1","0","1","0","1","0","0","0","0","1","0","0","0","0","0","0","0","0","0","0","0","0","0","0","0","0","0","0","0"
"00001322","진성아파트","00000012","지원25","20221003","0","0","1","0","0","0","1","0","0","0","0","0","0","0","0","0","0","0","0","0","0","0","0","0","0","0","0","0","0","0","0","0","0","0","0","0","0","0","0","0","0","0","0","0","0","0","0","0"
"00001322","진성아파트","00000017","첨단30","20221003","5","2","0","2","5","2","0","2","0","0","0","0","0","0","0","0","0","0","0","0","0","0","0","0","0","0","0","0","0","0","0","0","0","0","0","0","0","0","0","0","0","0","0","0","0","0","0","0"
"00001322","진성아파트","00000039","유덕65","20221003","0","0","0","0","0","0","0","0","0","0","0","0","0","0","0","0","0","0","0","0","0","0","0","0","0","0","0","0","0","0","0","0","0","0","0","0","0","0","0","0","0","0","0","0","0","0","0","0"
"00001322","진성아파트","00000087","1187","20221003","0","0","0","0","0","0","0","0","0","0","0","0","0","0","0","0","0","0","0","0","0","0","0","0","0","0","0","0","0","0","0","0","0","0","0","0","0","0","0","0","0","0","0","0","0","0","0","0"
"00001322","진성아파트","00000122","228(화순전대병원)","20221003","1","0","0","0","1","0","0","0","0","0","0","0","0","0","0","0","0","0","0","0","0","0","0","0","0","0","0","0","0","0","0","0","0","0","0","0","0","0","0","0","0","0","0","0","0","0","0","0"
"00001323","진성아파트","00000012","지원25","20221003","0","0","0","0","0","0","0","0","0","0","0","0","0","0","0","0","0","0","0","0","0","0","0","0","0","0","0","0","0","0","0","0","0","0","0","0","0","0","0","0","0","0","0","0","0","0","0","0"
"00001323","진성아파트","00000017","첨단30","20221003","0","0","0","0","0","0","0","0","0","0","0","0","0","0","0","0","0","0","0","0","0","0","0","0","0","0","0","0","0","0","0","0","0","0","0","0","0","0","0","0","0","0","0","0","0","0","0","0"
"00001323","진성아파트","00000039","유덕65","20221003","0","1","0","1","0","0","0","0","0","0","0","0","0","1","0","1","0","0","1","0","0","0","1","0","0","0","0","0","0","0","0","0","0","0","0","0","0","0","0","0","0","0","0","0","0","0","0","0"
"00001324","대성여고","00000004","진월07","20221003","19","57","34","57","19","43","28","43","0","6","1","6","0","8","5","8","0","1","1","1","0","1","1","1","0","0","0","0","0","0","0","0","4","23","4","23","3","19","4","19","1","1","0","1","0","3","0","3"
"00001324","대성여고","00000008","진월17","20221003","17","11","11","11","16","9","8","9","0","1","0","1","1","1","3","1","1","1","1","1","1","1","1","1","0","0","0","0","0","0","0","0","1","1","6","1","1","1","3","1","0","0","2","0","0","0","1","0"
"00001324","대성여고","00000015","일곡28","20221003","10","16","19","16","8","13","17","13","0","0","0","0","2","3","2","3","0","0","4","0","0","0","3","0","0","0","1","0","0","0","0","0","4","4","2","4","1","4","2","4","1","0","0","0","2","0","0","0"
"00001324","대성여고","00000041","대촌70","20221003","0","6","2","6","0","5","2","5","0","1","0","1","0","0","0","0","1","4","3","4","1","3","1","3","0","0","2","0","0","1","0","1","1","1","0","1","1","1","0","1","0","0","0","0","0","0","0","0"
"00001324","대성여고","00000044","송암73","20221003","8","13","12","13","8","11","6","11","0","0","1","0","0","2","5","2","1","0","0","0","1","0","0","0","0","0","0","0","0","0","0","0","7","4","2","4","7","4","2","4","0","0","0","0","0","0","0","0"
"00001324","대성여고","00000048","진월77","20221003","0","1","5","1","0","1","3","1","0","0","1","0","0","0","1","0","0","1","0","1","0","1","0","1","0","0","0","0","0","0","0","0","1","0","0","0","1","0","0","0","0","0","0","0","0","0","0","0"
"00001324","대성여고","00000049","진월78","20221003","1","1","1","1","1","1","0","1","0","0","1","0","0","0","0","0","1","0","0","0","1","0","0","0","0","0","0","0","0","0","0","0","0","0","1","0","0","0","1","0","0","0","0","0","0","0","0","0"
"00001324","대성여고","00000050","진월79","20221003","3","4","7","4","3","3","7","3","0","1","0","1","0","0","0","0","0","1","1","1","0","1","1","1","0","0","0","0","0","0","0","0","2","2","1","2","2","2","1","2","0","0","0","0","0","0","0","0"
"00001324","대성여고","00000065","첨단95","20221003","8","18","5","18","5","13","3","13","0","0","0","0","3","5","2","5","3","3","1","3","3","2","1","2","0","1","0","1","0","0","0","0","2","0","2","0","2","0","2","0","0","0","0","0","0","0","0","0"
"00001324","대성여고","00000069","송정99","20221003","0","0","0","0","0","0","0","0","0","0","0","0","0","0","0","0","1","0","0","0","1","0","0","0","0","0","0","0","0","0","0","0","0","0","0","0","0","0","0","0","0","0","0","0","0","0","0","0"
"00001324","대성여고","00000073","대촌170","20221003","2","1","1","1","2","1","1","1","0","0","0","0","0","0","0","0","0","1","0","1","0","1","0","1","0","0","0","0","0","0","0","0","0","0","0","0","0","0","0","0","0","0","0","0","0","0","0","0"
"00001324","대성여고","00000074","진월177","20221003","0","0","1","0","0","0","1","0","0","0","0","0","0","0","0","0","0","2","3","2","0","2","3","2","0","0","0","0","0","0","0","0","0","0","0","0","0","0","0","0","0","0","0","0","0","0","0","0"
"00001324","대성여고","00000100","진월75","20221003","4","9","1","9","4","7","1","7","0","0","0","0","0","2","0","2","0","5","1","5","0","5","1","5","0","0","0","0","0","0","0","0","0","2","1","2","0","2","1","2","0","0","0","0","0","0","0","0"
"00001324","대성여고","00000101","송암31","20221003","8","5","4","5","8","3","1","3","0","0","1","0","0","2","2","2","0","0","2","0","0","0","2","0","0","0","0","0","0","0","0","0","0","2","2","2","0","2","2","2","0","0","0","0","0","0","0","0"
"00001324","대성여고","00000114","수완03","20221003","17","19","22","19","16","18","17","18","0","1","3","1","1","0","2","0","6","25","12","25","5","22","10","22","0","1","1","1","1","2","1","2","2","2","2","2","2","2","2","2","0","0","0","0","0","0","0","0"
"00001324","대성여고","00000208","마을715(대촌)","20221003","1","2","1","2","1","2","1","2","0","0","0","0","0","0","0","0","2","1","0","1","2","1","0","1","0","0","0","0","0","0","0","0","0","3","0","3","0","3","0","3","0","0","0","0","0","0","0","0"
"00001327","진원초교","00000080","첨단193","20221003","0","0","0","0","0","0","0","0","0","0","0","0","0","0","0","0","0","0","0","0","0","0","0","0","0","0","0","0","0","0","0","0","0","0","0","0","0","0","0","0","0","0","0","0","0","0","0","0"
"00001328","찰동","00000071","228(구151화순사평)","20221003","0","0","0","0","0","0","0","0","0","0","0","0","0","0","0","0","0","0","0","0","0","0","0","0","0","0","0","0","0","0","0","0","0","0","0","0","0","0","0","0","0","0","0","0","0","0","0","0"
"00001329","찰동","00000071","228(구151화순사평)","20221003","0","0","0","0","0","0","0","0","0","0","0","0","0","0","0","0","0","0","0","0","0","0","0","0","0","0","0","0","0","0","0","0","0","0","0","0","0","0","0","0","0","0","0","0","0","0","0","0"
"00001336","마당고개","00000065","첨단95","20221003","0","0","0","0","0","0","0","0","0","0","0","0","0","0","0","0","0","0","0","0","0","0","0","0","0","0","0","0","0","0","0","0","0","0","0","0","0","0","0","0","0","0","0","0","0","0","0","0"
"00001336","마당고개","00000108","송정33","20221003","0","0","0","0","0","0","0","0","0","0","0","0","0","0","0","0","0","0","0","0","0","0","0","0","0","0","0","0","0","0","0","0","0","0","0","0","0","0","0","0","0","0","0","0","0","0","0","0"
"00001338","첨단1동행정복지센터","00000007","매월16","20221003","2","2","8","2","2","2","8","2","0","0","0","0","0","0","0","0","0","0","0","0","0","0","0","0","0","0","0","0","0","0","0","0","0","0","0","0","0","0","0","0","0","0","0","0","0","0","0","0"
"00001338","첨단1동행정복지센터","00000017","첨단30","20221003","0","2","6","2","0","2","4","2","0","0","0","0","0","0","2","0","1","1","1","1","1","1","1","1","0","0","0","0","0","0","0","0","1","0","1","0","1","0","1","0","0","0","0","0","0","0","0","0"
"00001338","첨단1동행정복지센터","00000026","운림51","20221003","4","3","10","3","4","3","8","3","0","0","0","0","0","0","2","0","1","1","5","1","1","1","4","1","0","0","0","0","0","0","1","0","0","0","0","0","0","0","0","0","0","0","0","0","0","0","0","0"
"00001338","첨단1동행정복지센터","00000064","첨단94","20221003","0","0","0","0","0","0","0","0","0","0","0","0","0","0","0","0","0","1","0","1","0","1","0","1","0","0","0","0","0","0","0","0","0","0","0","0","0","0","0","0","0","0","0","0","0","0","0","0"
"00001338","첨단1동행정복지센터","00000080","첨단193","20221003","0","0","0","0","0","0","0","0","0","0","0","0","0","0","0","0","2","1","0","1","0","0","0","0","1","1","0","1","1","0","0","0","0","1","0","1","0","1","0","1","0","0","0","0","0","0","0","0"
"00001338","첨단1동행정복지센터","00000090","문흥39","20221003","1","3","2","3","1","3","1","3","0","0","0","0","0","0","1","0","0","0","0","0","0","0","0","0","0","0","0","0","0","0","0","0","0","0","0","0","0","0","0","0","0","0","0","0","0","0","0","0"
"00001338","첨단1동행정복지센터","00000092","첨단40","20221003","0","2","1","2","0","2","1","2","0","0","0","0","0","0","0","0","1","0","0","0","1","0","0","0","0","0","0","0","0","0","0","0","0","0","0","0","0","0","0","0","0","0","0","0","0","0","0","0"
"00001338","첨단1동행정복지센터","00000203","마을700","20221003","0","1","2","1","0","0","2","0","0","0","0","0","0","1","0","1","1","0","2","0","1","0","2","0","0","0","0","0","0","0","0","0","0","2","0","2","0","2","0","2","0","0","0","0","0","0","0","0"
"00001340","고내입구","00000014","봉선27","20221003","0","0","1","0","0","0","1","0","0","0","0","0","0","0","0","0","0","0","0","0","0","0","0","0","0","0","0","0","0","0","0","0","0","0","0","0","0","0","0","0","0","0","0","0","0","0","0","0"
"00001340","고내입구","00000026","운림51","20221003","0","0","5","0","0","0","5","0","0","0","0","0","0","0","0","0","0","0","0","0","0","0","0","0","0","0","0","0","0","0","0","0","0","0","0","0","0","0","0","0","0","0","0","0","0","0","0","0"
"00001340","고내입구","00000080","첨단193","20221003","0","0","1","0","0","0","1","0","0","0","0","0","0","0","0","0","0","0","0","0","0","0","0","0","0","0","0","0","0","0","0","0","0","0","0","0","0","0","0","0","0","0","0","0","0","0","0","0"
"00001342","첨단도서관","00000014","봉선27","20221003","4","4","3","4","4","4","3","4","0","0","0","0","0","0","0","0","0","0","2","0","0","0","2","0","0","0","0","0","0","0","0","0","0","0","2","0","0","0","2","0","0","0","0","0","0","0","0","0"
"00001342","첨단도서관","00000079","첨단192","20221003","0","0","0","0","0","0","0","0","0","0","0","0","0","0","0","0","0","0","1","0","0","0","1","0","0","0","0","0","0","0","0","0","0","0","0","0","0","0","0","0","0","0","0","0","0","0","0","0"
"00001343","첨단라인8차아파트","00000014","봉선27","20221003","3","1","0","1","3","1","0","1","0","0","0","0","0","0","0","0","0","0","0","0","0","0","0","0","0","0","0","0","0","0","0","0","1","0","0","0","1","0","0","0","0","0","0","0","0","0","0","0"
"00001343","첨단라인8차아파트","00000079","첨단192","20221003","0","0","0","0","0","0","0","0","0","0","0","0","0","0","0","0","0","0","0","0","0","0","0","0","0","0","0","0","0","0","0","0","0","0","0","0","0","0","0","0","0","0","0","0","0","0","0","0"
"00001343","첨단라인8차아파트","00000092","첨단40","20221003","1","0","0","0","1","0","0","0","0","0","0","0","0","0","0","0","0","0","0","0","0","0","0","0","0","0","0","0","0","0","0","0","0","0","0","0","0","0","0","0","0","0","0","0","0","0","0","0"
"00001349","청명아파트","00000014","봉선27","20221003","2","0","7","0","2","0","7","0","0","0","0","0","0","0","0","0","1","2","1","2","1","2","1","2","0","0","0","0","0","0","0","0","0","0","0","0","0","0","0","0","0","0","0","0","0","0","0","0"
"00001349","청명아파트","00000015","일곡28","20221003","4","7","11","7","4","6","10","6","0","0","0","0","0","1","1","1","2","1","4","1","2","1","4","1","0","0","0","0","0","0","0","0","0","0","0","0","0","0","0","0","0","0","0","0","0","0","0","0"
"00001349","청명아파트","00000018","운림35","20221003","2","4","5","4","2","4","4","4","0","0","0","0","0","0","1","0","1","1","0","1","1","1","0","1","0","0","0","0","0","0","0","0","0","2","0","2","0","2","0","2","0","0","0","0","0","0","0","0"
"00001349","청명아파트","00000030","금남55","20221003","3","0","0","0","3","0","0","0","0","0","0","0","0","0","0","0","0","0","1","0","0","0","1","0","0","0","0","0","0","0","0","0","0","0","0","0","0","0","0","0","0","0","0","0","0","0","0","0"
"00001349","청명아파트","00000213","마을788","20221003","0","1","0","1","0","1","0","1","0","0","0","0","0","0","0","0","0","1","0","1","0","1","0","1","0","0","0","0","0","0","0","0","0","0","0","0","0","0","0","0","0","0","0","0","0","0","0","0"
"00001350","청명아파트","00000014","봉선27","20221003","10","7","9","7","9","6","7","6","0","0","0","0","1","1","2","1","0","0","2","0","0","0","2","0","0","0","0","0","0","0","0","0","0","0","0","0","0","0","0","0","0","0","0","0","0","0","0","0"
"00001350","청명아파트","00000015","일곡28","20221003","4","4","7","4","4","3","4","3","0","0","2","0","0","1","1","1","0","0","2","0","0","0","2","0","0","0","0","0","0","0","0","0","0","0","0","0","0","0","0","0","0","0","0","0","0","0","0","0"
"00001350","청명아파트","00000018","운림35","20221003","1","2","0","2","1","1","0","1","0","0","0","0","0","1","0","1","0","1","0","1","0","1","0","1","0","0","0","0","0","0","0","0","0","0","0","0","0","0","0","0","0","0","0","0","0","0","0","0"
"00001350","청명아파트","00000030","금남55","20221003","3","3","0","3","3","3","0","3","0","0","0","0","0","0","0","0","1","0","0","0","1","0","0","0","0","0","0","0","0","0","0","0","0","0","0","0","0","0","0","0","0","0","0","0","0","0","0","0"
"00001350","청명아파트","00000213","마을788","20221003","1","2","1","2","1","1","1","1","0","0","0","0","0","1","0","1","0","0","0","0","0","0","0","0","0","0","0","0","0","0","0","0","0","0","0","0","0","0","0","0","0","0","0","0","0","0","0","0"
"00001351","광주교통방송","00000014","봉선27","20221003","0","0","1","0","0","0","1","0","0","0","0","0","0","0","0","0","0","0","0","0","0","0","0","0","0","0","0","0","0","0","0","0","0","0","0","0","0","0","0","0","0","0","0","0","0","0","0","0"
"00001351","광주교통방송","00000092","첨단40","20221003","0","0","0","0","0","0","0","0","0","0","0","0","0","0","0","0","0","1","0","1","0","1","0","1","0","0","0","0","0","0","0","0","0","0","0","0","0","0","0","0","0","0","0","0","0","0","0","0"
"00001352","광주교통방송","00000014","봉선27","20221003","5","15","6","15","5","15","6","15","0","0","0","0","0","0","0","0","0","0","0","0","0","0","0","0","0","0","0","0","0","0","0","0","0","0","0","0","0","0","0","0","0","0","0","0","0","0","0","0"
"00001352","광주교통방송","00000090","문흥39","20221003","0","2","2","2","0","2","2","2","0","0","0","0","0","0","0","0","0","0","0","0","0","0","0","0","0","0","0","0","0","0","0","0","0","0","0","0","0","0","0","0","0","0","0","0","0","0","0","0"
"00001352","광주교통방송","00000092","첨단40","20221003","1","1","2","1","1","1","2","1","0","0","0","0","0","0","0","0","0","0","0","0","0","0","0","0","0","0","0","0","0","0","0","0","0","0","0","0","0","0","0","0","0","0","0","0","0","0","0","0"
"00001353","광주다문화가족지원거점센터","00000055","용전84","20221003","0","0","0","0","0","0","0","0","0","0","0","0","0","0","0","0","0","0","0","0","0","0","0","0","0","0","0","0","0","0","0","0","0","0","0","0","0","0","0","0","0","0","0","0","0","0","0","0"
"00001353","광주다문화가족지원거점센터","00000056","용전85","20221003","0","1","0","1","0","1","0","1","0","0","0","0","0","0","0","0","0","0","0","0","0","0","0","0","0","0","0","0","0","0","0","0","1","0","0","0","1","0","0","0","0","0","0","0","0","0","0","0"
"00001353","광주다문화가족지원거점센터","00000065","첨단95","20221003","0","3","1","3","0","3","1","3","0","0","0","0","0","0","0","0","0","0","0","0","0","0","0","0","0","0","0","0","0","0","0","0","0","0","0","0","0","0","0","0","0","0","0","0","0","0","0","0"
"00001353","광주다문화가족지원거점센터","00000108","송정33","20221003","0","1","0","1","0","1","0","1","0","0","0","0","0","0","0","0","0","0","0","0","0","0","0","0","0","0","0","0","0","0","0","0","0","0","0","0","0","0","0","0","0","0","0","0","0","0","0","0"
"00001353","광주다문화가족지원거점센터","00000120","양산60","20221003","0","0","1","0","0","0","1","0","0","0","0","0","0","0","0","0","0","0","0","0","0","0","0","0","0","0","0","0","0","0","0","0","0","0","0","0","0","0","0","0","0","0","0","0","0","0","0","0"
"00001354","광주다문화가족지원거점센터","00000055","용전84","20221003","0","0","0","0","0","0","0","0","0","0","0","0","0","0","0","0","0","0","0","0","0","0","0","0","0","0","0","0","0","0","0","0","0","0","0","0","0","0","0","0","0","0","0","0","0","0","0","0"
"00001354","광주다문화가족지원거점센터","00000065","첨단95","20221003","0","0","0","0","0","0","0","0","0","0","0","0","0","0","0","0","0","0","0","0","0","0","0","0","0","0","0","0","0","0","0","0","0","0","0","0","0","0","0","0","0","0","0","0","0","0","0","0"
"00001354","광주다문화가족지원거점센터","00000108","송정33","20221003","0","0","0","0","0","0","0","0","0","0","0","0","0","0","0","0","0","0","0","0","0","0","0","0","0","0","0","0","0","0","0","0","0","0","0","0","0","0","0","0","0","0","0","0","0","0","0","0"
"00001354","광주다문화가족지원거점센터","00000120","양산60","20221003","0","0","0","0","0","0","0","0","0","0","0","0","0","0","0","0","0","0","0","0","0","0","0","0","0","0","0","0","0","0","0","0","0","1","0","1","0","1","0","1","0","0","0","0","0","0","0","0"
"00001357","분토(북구)","00000058","석곡87","20221003","0","3","1","3","0","3","1","3","0","0","0","0","0","0","0","0","0","0","0","0","0","0","0","0","0","0","0","0","0","0","0","0","0","0","0","0","0","0","0","0","0","0","0","0","0","0","0","0"
"00001358","화순미륭아파트","00000071","228(구151화순사평)","20221003","0","0","0","0","0","0","0","0","0","0","0","0","0","0","0","0","0","0","0","0","0","0","0","0","0","0","0","0","0","0","0","0","0","0","0","0","0","0","0","0","0","0","0","0","0","0","0","0"
"00001358","화순미륭아파트","00000072","지원152(능주역)","20221003","1","3","0","3","1","3","0","3","0","0","0","0","0","0","0","0","0","0","0","0","0","0","0","0","0","0","0","0","0","0","0","0","0","0","0","0","0","0","0","0","0","0","0","0","0","0","0","0"
"00001358","화순미륭아파트","00000122","228(화순전대병원)","20221003","0","0","0","0","0","0","0","0","0","0","0","0","0","0","0","0","0","0","0","0","0","0","0","0","0","0","0","0","0","0","0","0","0","0","0","0","0","0","0","0","0","0","0","0","0","0","0","0"
"00001358","화순미륭아파트","00000123","지원152(도웅리)","20221003","0","2","0","2","0","2","0","2","0","0","0","0","0","0","0","0","0","0","0","0","0","0","0","0","0","0","0","0","0","0","0","0","0","0","0","0","0","0","0","0","0","0","0","0","0","0","0","0"
"00001359","체육고/폴리텍대학","00000016","송정29","20221003","3","11","19","11","1","8","8","8","0","0","2","0","2","3","9","3","9","12","6","12","8","9","5","9","0","0","0","0","1","3","1","3","2","3","3","3","2","2","3","2","0","0","0","0","0","1","0","1"
"00001359","체육고/폴리텍대학","00000037","상무63","20221003","3","1","1","1","1","1","1","1","1","0","0","0","1","0","0","0","1","3","0","3","1","3","0","3","0","0","0","0","0","0","0","0","0","2","0","2","0","2","0","2","0","0","0","0","0","0","0","0"
"00001359","체육고/폴리텍대학","00000055","용전84","20221003","0","3","1","3","0","3","0","3","0","0","0","0","0","0","1","0","2","1","5","1","2","0","5","0","0","0","0","0","0","1","0","1","0","0","0","0","0","0","0","0","0","0","0","0","0","0","0","0"
"00001359","체육고/폴리텍대학","00000056","용전85","20221003","0","0","0","0","0","0","0","0","0","0","0","0","0","0","0","0","6","7","1","7","6","7","1","7","0","0","0","0","0","0","0","0","0","1","0","1","0","0","0","0","0","0","0","0","0","1","0","1"
"00001359","체육고/폴리텍대학","00000065","첨단95","20221003","3","9","5","9","3","8","4","8","0","1","0","1","0","0","1","0","2","5","3","5","2","5","3","5","0","0","0","0","0","0","0","0","2","0","1","0","2","0","1","0","0","0","0","0","0","0","0","0"
"00001359","체육고/폴리텍대학","00000118","문흥53","20221003","1","3","2","3","1","2","2","2","0","0","0","0","0","1","0","1","0","2","2","2","0","2","2","2","0","0","0","0","0","0","0","0","1","1","0","1","1","1","0","1","0","0","0","0","0","0","0","0"
"00001360","체육고/폴리텍대학","00000016","송정29","20221003","3","3","4","3","2","1","4","1","0","1","0","1","1","1","0","1","1","0","0","0","1","0","0","0","0","0","0","0","0","0","0","0","1","1","1","1","1","1","0","1","0","0","1","0","0","0","0","0"
"00001360","체육고/폴리텍대학","00000037","상무63","20221003","0","0","0","0","0","0","0","0","0","0","0","0","0","0","0","0","0","0","0","0","0","0","0","0","0","0","0","0","0","0","0","0","0","0","0","0","0","0","0","0","0","0","0","0","0","0","0","0"
"00001360","체육고/폴리텍대학","00000055","용전84","20221003","1","1","0","1","1","1","0","1","0","0","0","0","0","0","0","0","0","0","0","0","0","0","0","0","0","0","0","0","0","0","0","0","1","0","1","0","1","0","1","0","0","0","0","0","0","0","0","0"
"00001360","체육고/폴리텍대학","00000056","용전85","20221003","1","0","0","0","1","0","0","0","0","0","0","0","0","0","0","0","0","0","0","0","0","0","0","0","0","0","0","0","0","0","0","0","0","0","2","0","0","0","2","0","0","0","0","0","0","0","0","0"
"00001360","체육고/폴리텍대학","00000065","첨단95","20221003","0","0","2","0","0","0","2","0","0","0","0","0","0","0","0","0","1","0","1","0","1","0","0","0","0","0","1","0","0","0","0","0","1","0","2","0","1","0","1","0","0","0","1","0","0","0","0","0"
"00001360","체육고/폴리텍대학","00000118","문흥53","20221003","0","2","4","2","0","2","2","2","0","0","1","0","0","0","1","0","0","0","1","0","0","0","1","0","0","0","0","0","0","0","0","0","0","0","1","0","0","0","1","0","0","0","0","0","0","0","0","0"
"00001366","충장로5가입구","00000051","문흥80","20221003","0","0","1","0","0","0","1","0","0","0","0","0","0","0","0","0","0","0","0","0","0","0","0","0","0","0","0","0","0","0","0","0","0","0","0","0","0","0","0","0","0","0","0","0","0","0","0","0"
"00001367","충장사(남)","00000087","1187","20221003","0","0","0","0","0","0","0","0","0","0","0","0","0","0","0","0","0","0","0","0","0","0","0","0","0","0","0","0","0","0","0","0","0","0","0","0","0","0","0","0","0","0","0","0","0","0","0","0"
"00001368","충장사(남)","00000087","1187","20221003","0","1","0","1","0","1","0","1","0","0","0","0","0","0","0","0","0","0","0","0","0","0","0","0","0","0","0","0","0","0","0","0","0","0","0","0","0","0","0","0","0","0","0","0","0","0","0","0"
"00001368","충장사(남)","00000097","1187-1","20221003","0","1","0","1","0","1","0","1","0","0","0","0","0","0","0","0","0","0","0","0","0","0","0","0","0","0","0","0","0","0","0","0","0","0","0","0","0","0","0","0","0","0","0","0","0","0","0","0"
"00001369","충장치안센터","00000030","금남55","20221003","2","9","39","9","2","7","28","7","0","0","3","0","0","2","8","2","0","0","0","0","0","0","0","0","0","0","0","0","0","0","0","0","0","2","0","2","0","2","0","2","0","0","0","0","0","0","0","0"
"00001369","충장치안센터","00000034","금남59","20221003","1","6","47","6","1","6","29","6","0","0","6","0","0","0","12","0","1","2","1","2","1","2","1","2","0","0","0","0","0","0","0","0","0","0","0","0","0","0","0","0","0","0","0","0","0","0","0","0"
"00001369","충장치안센터","00000041","대촌70","20221003","0","1","10","1","0","1","7","1","0","0","2","0","0","0","1","0","0","0","0","0","0","0","0","0","0","0","0","0","0","0","0","0","0","1","0","1","0","1","0","1","0","0","0","0","0","0","0","0"
"00001369","충장치안센터","00000051","문흥80","20221003","0","0","1","0","0","0","1","0","0","0","0","0","0","0","0","0","0","3","0","3","0","3","0","3","0","0","0","0","0","0","0","0","0","0","0","0","0","0","0","0","0","0","0","0","0","0","0","0"
"00001370","광주세무서","00000003","매월06","20221003","2","15","73","15","2","13","58","13","0","0","8","0","0","2","7","2","2","6","5","6","2","5","5","5","0","0","0","0","0","1","0","1","1","9","5","9","1","9","4","9","0","0","0","0","0","0","1","0"
"00001370","광주세무서","00000004","진월07","20221003","3","34","174","34","3","29","130","29","0","4","14","4","0","1","30","1","4","15","19","15","4","13","18","13","0","0","0","0","0","2","1","2","2","8","8","8","2","7","8","7","0","1","0","1","0","0","0","0"
"00001370","광주세무서","00000023","지원45","20221003","2","20","79","20","2","19","50","19","0","1","12","1","0","0","17","0","1","1","3","1","1","1","3","1","0","0","0","0","0","0","0","0","7","6","10","6","7","6","10","6","0","0","0","0","0","0","0","0"
"00001370","광주세무서","00000073","대촌170","20221003","0","1","7","1","0","1","7","1","0","0","0","0","0","0","0","0","0","0","0","0","0","0","0","0","0","0","0","0","0","0","0","0","0","0","0","0","0","0","0","0","0","0","0","0","0","0","0","0"
"00001370","광주세무서","00000091","송암74","20221003","3","7","30","7","3","4","22","4","0","0","4","0","0","3","4","3","2","6","3","6","2","5","2","5","0","0","0","0","0","1","1","1","0","2","2","2","0","2","2","2","0","0","0","0","0","0","0","0"
"00001370","광주세무서","00000102","수완12","20221003","3","10","43","10","3","8","33","8","0","2","1","2","0","0","9","0","2","2","2","2","2","2","2","2","0","0","0","0","0","0","0","0","0","2","1","2","0","2","1","2","0","0","0","0","0","0","0","0"
"00001371","충장치안센터","00000003","매월06","20221003","2","20","68","20","2","18","59","18","0","0","2","0","0","2","7","2","4","14","4","14","4","12","4","12","0","0","0","0","0","2","0","2","4","12","3","12","4","12","3","12","0","0","0","0","0","0","0","0"
"00001371","충장치안센터","00000004","진월07","20221003","8","30","245","30","8","26","164","26","0","0","24","0","0","4","57","4","13","36","24","36","13","33","22","33","0","1","0","1","0","2","2","2","8","19","12","19","8","19","12","19","0","0","0","0","0","0","0","0"
"00001371","충장치안센터","00000023","지원45","20221003","0","3","24","3","0","3","16","3","0","0","4","0","0","0","4","0","12","28","24","28","12","28","23","28","0","0","1","0","0","0","0","0","3","3","2","3","3","3","2","3","0","0","0","0","0","0","0","0"
"00001371","충장치안센터","00000030","금남55","20221003","0","7","8","7","0","6","7","6","0","0","0","0","0","1","1","1","0","6","3","6","0","5","3","5","0","0","0","0","0","1","0","1","2","1","0","1","2","1","0","1","0","0","0","0","0","0","0","0"
"00001371","충장치안센터","00000034","금남59","20221003","0","4","38","4","0","4","16","4","0","0","3","0","0","0","19","0","2","5","2","5","2","5","2","5","0","0","0","0","0","0","0","0","1","0","3","0","1","0","3","0","0","0","0","0","0","0","0","0"
"00001371","충장치안센터","00000091","송암74","20221003","5","5","51","5","5","5","40","5","0","0","3","0","0","0","8","0","0","10","3","10","0","8","2","8","0","2","0","2","0","0","1","0","0","3","3","3","0","3","3","3","0","0","0","0","0","0","0","0"
"00001371","충장치안센터","00000102","수완12","20221003","0","2","6","2","0","2","5","2","0","0","0","0","0","0","1","0","7","21","3","21","7","18","3","18","0","0","0","0","0","3","0","3","2","3","0","3","2","3","0","3","0","0","0","0","0","0","0","0"
"00001372","치평중","00000011","첨단20","20221003","1","0","2","0","1","0","2","0","0","0","0","0","0","0","0","0","0","1","0","1","0","1","0","1","0","0","0","0","0","0","0","0","0","0","0","0","0","0","0","0","0","0","0","0","0","0","0","0"
"00001372","치평중","00000025","운림50","20221003","0","1","0","1","0","1","0","1","0","0","0","0","0","0","0","0","0","2","0","2","0","2","0","2","0","0","0","0","0","0","0","0","0","0","0","0","0","0","0","0","0","0","0","0","0","0","0","0"
"00001372","치평중","00000035","매월61(칠석)","20221003","0","1","3","1","0","1","3","1","0","0","0","0","0","0","0","0","0","0","2","0","0","0","2","0","0","0","0","0","0","0","0","0","0","0","0","0","0","0","0","0","0","0","0","0","0","0","0","0"
"00001372","치평중","00000044","송암73","20221003","0","1","0","1","0","1","0","1","0","0","0","0","0","0","0","0","0","0","1","0","0","0","0","0","0","0","0","0","0","0","1","0","0","0","0","0","0","0","0","0","0","0","0","0","0","0","0","0"
"00001372","치평중","00000048","진월77","20221003","0","0","0","0","0","0","0","0","0","0","0","0","0","0","0","0","0","0","0","0","0","0","0","0","0","0","0","0","0","0","0","0","0","0","0","0","0","0","0","0","0","0","0","0","0","0","0","0"
"00001372","치평중","00000088","금호36","20221003","1","1","2","1","1","1","1","1","0","0","0","0","0","0","1","0","0","1","0","1","0","1","0","1","0","0","0","0","0","0","0","0","0","1","0","1","0","1","0","1","0","0","0","0","0","0","0","0"
"00001373","칠성마을","00000012","지원25","20221003","2","1","1","1","1","1","1","1","0","0","0","0","1","0","0","0","0","4","2","4","0","4","1","4","0","0","0","0","0","0","1","0","3","3","2","3","3","3","2","3","0","0","0","0","0","0","0","0"
"00001373","칠성마을","00000017","첨단30","20221003","1","2","3","2","1","1","3","1","0","0","0","0","0","1","0","1","0","0","0","0","0","0","0","0","0","0","0","0","0","0","0","0","0","0","0","0","0","0","0","0","0","0","0","0","0","0","0","0"
"00001373","칠성마을","00000039","유덕65","20221003","2","0","0","0","2","0","0","0","0","0","0","0","0","0","0","0","0","0","0","0","0","0","0","0","0","0","0","0","0","0","0","0","0","0","0","0","0","0","0","0","0","0","0","0","0","0","0","0"
"00001373","칠성마을","00000071","228(구151화순사평)","20221003","0","1","0","1","0","1","0","1","0","0","0","0","0","0","0","0","1","0","0","0","1","0","0","0","0","0","0","0","0","0","0","0","0","0","0","0","0","0","0","0","0","0","0","0","0","0","0","0"
"00001373","칠성마을","00000087","1187","20221003","4","2","1","2","4","2","1","2","0","0","0","0","0","0","0","0","0","0","0","0","0","0","0","0","0","0","0","0","0","0","0","0","0","0","0","0","0","0","0","0","0","0","0","0","0","0","0","0"
"00001373","칠성마을","00000122","228(화순전대병원)","20221003","0","0","0","0","0","0","0","0","0","0","0","0","0","0","0","0","0","0","1","0","0","0","1","0","0","0","0","0","0","0","0","0","0","0","0","0","0","0","0","0","0","0","0","0","0","0","0","0"
"00001374","광천동","00000012","지원25","20221003","1","0","0","0","1","0","0","0","0","0","0","0","0","0","0","0","1","0","0","0","0","0","0","0","0","0","0","0","1","0","0","0","0","0","0","0","0","0","0","0","0","0","0","0","0","0","0","0"
"00001374","광천동","00000017","첨단30","20221003","1","0","1","0","1","0","1","0","0","0","0","0","0","0","0","0","0","0","0","0","0","0","0","0","0","0","0","0","0","0","0","0","0","0","0","0","0","0","0","0","0","0","0","0","0","0","0","0"
"00001374","광천동","00000039","유덕65","20221003","1","0","0","0","1","0","0","0","0","0","0","0","0","0","0","0","0","0","0","0","0","0","0","0","0","0","0","0","0","0","0","0","0","0","0","0","0","0","0","0","0","0","0","0","0","0","0","0"
"00001374","광천동","00000071","228(구151화순사평)","20221003","0","1","0","1","0","0","0","0","0","0","0","0","0","1","0","1","0","0","0","0","0","0","0","0","0","0","0","0","0","0","0","0","0","0","0","0","0","0","0","0","0","0","0","0","0","0","0","0"
"00001374","광천동","00000087","1187","20221003","0","0","0","0","0","0","0","0","0","0","0","0","0","0","0","0","0","0","0","0","0","0","0","0","0","0","0","0","0","0","0","0","0","0","0","0","0","0","0","0","0","0","0","0","0","0","0","0"
"00001374","광천동","00000122","228(화순전대병원)","20221003","0","2","1","2","0","2","1","2","0","0","0","0","0","0","0","0","0","0","0","0","0","0","0","0","0","0","0","0","0","0","0","0","0","0","0","0","0","0","0","0","0","0","0","0","0","0","0","0"
"00001375","광천동","00000012","지원25","20221003","2","3","0","3","2","3","0","3","0","0","0","0","0","0","0","0","0","0","0","0","0","0","0","0","0","0","0","0","0","0","0","0","0","0","0","0","0","0","0","0","0","0","0","0","0","0","0","0"
"00001375","광천동","00000017","첨단30","20221003","0","0","0","0","0","0","0","0","0","0","0","0","0","0","0","0","0","0","0","0","0","0","0","0","0","0","0","0","0","0","0","0","0","0","0","0","0","0","0","0","0","0","0","0","0","0","0","0"
"00001375","광천동","00000059","임곡89","20221003","0","0","0","0","0","0","0","0","0","0","0","0","0","0","0","0","0","0","0","0","0","0","0","0","0","0","0","0","0","0","0","0","0","0","0","0","0","0","0","0","0","0","0","0","0","0","0","0"
"00001375","광천동","00000122","228(화순전대병원)","20221003","0","0","0","0","0","0","0","0","0","0","0","0","0","0","0","0","0","0","0","0","0","0","0","0","0","0","0","0","0","0","0","0","0","0","0","0","0","0","0","0","0","0","0","0","0","0","0","0"
"00001376","칠성마을","00000012","지원25","20221003","1","3","1","3","1","3","1","3","0","0","0","0","0","0","0","0","1","1","4","1","1","1","4","1","0","0","0","0","0","0","0","0","0","0","1","0","0","0","1","0","0","0","0","0","0","0","0","0"
"00001376","칠성마을","00000017","첨단30","20221003","0","0","1","0","0","0","1","0","0","0","0","0","0","0","0","0","0","1","0","1","0","1","0","1","0","0","0","0","0","0","0","0","0","0","1","0","0","0","1","0","0","0","0","0","0","0","0","0"
"00001376","칠성마을","00000039","유덕65","20221003","0","0","0","0","0","0","0","0","0","0","0","0","0","0","0","0","0","0","0","0","0","0","0","0","0","0","0","0","0","0","0","0","0","0","0","0","0","0","0","0","0","0","0","0","0","0","0","0"
"00001376","칠성마을","00000059","임곡89","20221003","0","0","0","0","0","0","0","0","0","0","0","0","0","0","0","0","0","0","0","0","0","0","0","0","0","0","0","0","0","0","0","0","0","0","0","0","0","0","0","0","0","0","0","0","0","0","0","0"
"00001376","칠성마을","00000071","228(구151화순사평)","20221003","0","1","0","1","0","0","0","0","0","1","0","1","0","0","0","0","2","0","0","0","2","0","0","0","0","0","0","0","0","0","0","0","0","0","0","0","0","0","0","0","0","0","0","0","0","0","0","0"
"00001376","칠성마을","00000087","1187","20221003","0","0","0","0","0","0","0","0","0","0","0","0","0","0","0","0","0","0","1","0","0","0","1","0","0","0","0","0","0","0","0","0","0","0","0","0","0","0","0","0","0","0","0","0","0","0","0","0"
"00001376","칠성마을","00000122","228(화순전대병원)","20221003","0","0","0","0","0","0","0","0","0","0","0","0","0","0","0","0","0","0","0","0","0","0","0","0","0","0","0","0","0","0","0","0","0","1","3","1","0","1","2","1","0","0","0","0","0","0","1","0"
"00001377","518민주화운동기록관","00000035","매월61(칠석)","20221003","0","1","1","1","0","1","1","1","0","0","0","0","0","0","0","0","1","2","1","2","1","2","1","2","0","0","0","0","0","0","0","0","0","0","0","0","0","0","0","0","0","0","0","0","0","0","0","0"
"00001377","518민주화운동기록관","00000068","송정98","20221003","1","2","8","2","1","2","4","2","0","0","3","0","0","0","1","0","5","24","5","24","5","22","5","22","0","0","0","0","0","2","0","2","0","1","0","1","0","1","0","1","0","0","0","0","0","0","0","0"
"00001377","518민주화운동기록관","00000097","1187-1","20221003","1","0","0","0","1","0","0","0","0","0","0","0","0","0","0","0","0","0","0","0","0","0","0","0","0","0","0","0","0","0","0","0","1","0","0","0","1","0","0","0","0","0","0","0","0","0","0","0"
"00001377","518민주화운동기록관","00000122","228(화순전대병원)","20221003","0","2","18","2","0","2","9","2","0","0","2","0","0","0","7","0","1","2","2","2","1","2","2","2","0","0","0","0","0","0","0","0","0","0","2","0","0","0","2","0","0","0","0","0","0","0","0","0"
"00001378","코카콜라","00000017","첨단30","20221003","0","0","0","0","0","0","0","0","0","0","0","0","0","0","0","0","2","1","0","1","2","1","0","1","0","0","0","0","0","0","0","0","0","0","0","0","0","0","0","0","0","0","0","0","0","0","0","0"
"00001378","코카콜라","00000032","금남57","20221003","0","0","0","0","0","0","0","0","0","0","0","0","0","0","0","0","0","0","2","0","0","0","1","0","0","0","0","0","0","0","1","0","0","0","0","0","0","0","0","0","0","0","0","0","0","0","0","0"
"00001378","코카콜라","00000117","첨단23","20221003","0","0","1","0","0","0","1","0","0","0","0","0","0","0","0","0","2","1","0","1","2","0","0","0","0","0","0","0","0","1","0","1","0","0","0","0","0","0","0","0","0","0","0","0","0","0","0","0"
"00001378","코카콜라","00000213","마을788","20221003","0","0","0","0","0","0","0","0","0","0","0","0","0","0","0","0","1","1","0","1","1","1","0","1","0","0","0","0","0","0","0","0","0","0","0","0","0","0","0","0","0","0","0","0","0","0","0","0"
"00001379","코카콜라","00000017","첨단30","20221003","0","0","1","0","0","0","1","0","0","0","0","0","0","0","0","0","0","0","0","0","0","0","0","0","0","0","0","0","0","0","0","0","0","0","0","0","0","0","0","0","0","0","0","0","0","0","0","0"
"00001379","코카콜라","00000032","금남57","20221003","0","1","2","1","0","1","2","1","0","0","0","0","0","0","0","0","0","0","0","0","0","0","0","0","0","0","0","0","0","0","0","0","0","0","0","0","0","0","0","0","0","0","0","0","0","0","0","0"
"00001379","코카콜라","00000117","첨단23","20221003","0","0","1","0","0","0","1","0","0","0","0","0","0","0","0","0","0","0","0","0","0","0","0","0","0","0","0","0","0","0","0","0","0","0","0","0","0","0","0","0","0","0","0","0","0","0","0","0"
"00001379","코카콜라","00000213","마을788","20221003","0","0","0","0","0","0","0","0","0","0","0","0","0","0","0","0","0","0","0","0","0","0","0","0","0","0","0","0","0","0","0","0","0","0","0","0","0","0","0","0","0","0","0","0","0","0","0","0"
"00001381","태봉새마을금고","00000033","금남58","20221003","2","6","2","6","2","6","2","6","0","0","0","0","0","0","0","0","0","1","0","1","0","1","0","1","0","0","0","0","0","0","0","0","1","0","0","0","1","0","0","0","0","0","0","0","0","0","0","0"
"00001381","태봉새마을금고","00000059","임곡89","20221003","0","0","0","0","0","0","0","0","0","0","0","0","0","0","0","0","0","0","0","0","0","0","0","0","0","0","0","0","0","0","0","0","0","0","0","0","0","0","0","0","0","0","0","0","0","0","0","0"
"00001381","태봉새마을금고","00000068","송정98","20221003","1","2","4","2","1","2","4","2","0","0","0","0","0","0","0","0","0","0","1","0","0","0","1","0","0","0","0","0","0","0","0","0","0","0","0","0","0","0","0","0","0","0","0","0","0","0","0","0"
"00001381","태봉새마을금고","00000071","228(구151화순사평)","20221003","1","1","0","1","1","1","0","1","0","0","0","0","0","0","0","0","0","0","0","0","0","0","0","0","0","0","0","0","0","0","0","0","0","0","0","0","0","0","0","0","0","0","0","0","0","0","0","0"
"00001381","태봉새마을금고","00000122","228(화순전대병원)","20221003","0","0","3","0","0","0","2","0","0","0","0","0","0","0","1","0","0","0","0","0","0","0","0","0","0","0","0","0","0","0","0","0","0","0","0","0","0","0","0","0","0","0","0","0","0","0","0","0"
"00001382","태봉새마을금고","00000033","금남58","20221003","1","1","2","1","1","1","2","1","0","0","0","0","0","0","0","0","1","3","4","3","1","3","3","3","0","0","0","0","0","0","1","0","0","0","0","0","0","0","0","0","0","0","0","0","0","0","0","0"
"00001382","태봉새마을금고","00000059","임곡89","20221003","2","0","0","0","2","0","0","0","0","0","0","0","0","0","0","0","0","0","0","0","0","0","0","0","0","0","0","0","0","0","0","0","0","0","0","0","0","0","0","0","0","0","0","0","0","0","0","0"
"00001382","태봉새마을금고","00000068","송정98","20221003","4","2","5","2","4","2","5","2","0","0","0","0","0","0","0","0","1","0","3","0","1","0","3","0","0","0","0","0","0","0","0","0","0","0","0","0","0","0","0","0","0","0","0","0","0","0","0","0"
"00001382","태봉새마을금고","00000122","228(화순전대병원)","20221003","0","0","1","0","0","0","1","0","0","0","0","0","0","0","0","0","0","0","0","0","0","0","0","0","0","0","0","0","0","0","0","0","0","0","0","0","0","0","0","0","0","0","0","0","0","0","0","0"
"00001384","가야농원","00000047","봉선76","20221003","1","0","0","0","1","0","0","0","0","0","0","0","0","0","0","0","0","0","0","0","0","0","0","0","0","0","0","0","0","0","0","0","0","0","0","0","0","0","0","0","0","0","0","0","0","0","0","0"
"00001385","영천마을9단지","00000011","첨단20","20221003","3","1","5","1","3","1","4","1","0","0","0","0","0","0","1","0","2","2","2","2","2","2","2","2","0","0","0","0","0","0","0","0","1","0","0","0","1","0","0","0","0","0","0","0","0","0","0","0"
"00001385","영천마을9단지","00000068","송정98","20221003","6","13","5","13","6","11","5","11","0","0","0","0","0","2","0","2","1","3","2","3","1","3","2","3","0","0","0","0","0","0","0","0","0","0","0","0","0","0","0","0","0","0","0","0","0","0","0","0"
"00001388","영천마을9단지","00000011","첨단20","20221003","4","10","6","10","4","8","4","8","0","0","0","0","0","2","2","2","1","0","4","0","1","0","4","0","0","0","0","0","0","0","0","0","0","0","0","0","0","0","0","0","0","0","0","0","0","0","0","0"
"00001388","영천마을9단지","00000068","송정98","20221003","2","6","4","6","2","5","4","5","0","0","0","0","0","1","0","1","1","1","5","1","1","1","5","1","0","0","0","0","0","0","0","0","0","0","0","0","0","0","0","0","0","0","0","0","0","0","0","0"
"00001389","산정중입구","00000009","문흥18","20221003","0","1","2","1","0","1","2","1","0","0","0","0","0","0","0","0","0","2","1","2","0","2","1","2","0","0","0","0","0","0","0","0","0","0","0","0","0","0","0","0","0","0","0","0","0","0","0","0"
"00001389","산정중입구","00000108","송정33","20221003","3","2","8","2","3","0","7","0","0","0","0","0","0","2","1","2","0","2","0","2","0","2","0","2","0","0","0","0","0","0","0","0","0","0","0","0","0","0","0","0","0","0","0","0","0","0","0","0"
"00001389","산정중입구","00000111","송암68","20221003","0","0","0","0","0","0","0","0","0","0","0","0","0","0","0","0","2","0","1","0","2","0","1","0","0","0","0","0","0","0","0","0","0","0","0","0","0","0","0","0","0","0","0","0","0","0","0","0"
"00001389","산정중입구","00000125","선운101","20221003","0","1","0","1","0","1","0","1","0","0","0","0","0","0","0","0","0","0","1","0","0","0","1","0","0","0","0","0","0","0","0","0","0","0","0","0","0","0","0","0","0","0","0","0","0","0","0","0"
"00001389","산정중입구","00000127","상무62","20221003","0","0","0","0","0","0","0","0","0","0","0","0","0","0","0","0","0","0","1","0","0","0","1","0","0","0","0","0","0","0","0","0","0","0","0","0","0","0","0","0","0","0","0","0","0","0","0","0"
"00001389","산정중입구","00000195","마을720","20221003","0","0","0","0","0","0","0","0","0","0","0","0","0","0","0","0","2","0","0","0","2","0","0","0","0","0","0","0","0","0","0","0","0","0","0","0","0","0","0","0","0","0","0","0","0","0","0","0"
"00001390","산정중입구","00000009","문흥18","20221003","5","6","8","6","4","4","6","4","0","0","0","0","1","2","2","2","2","1","4","1","2","0","3","0","0","0","0","0","0","1","1","1","0","0","0","0","0","0","0","0","0","0","0","0","0","0","0","0"
"00001390","산정중입구","00000036","상무62(상무역행)","20221003","2","1","1","1","0","1","1","1","0","0","0","0","2","0","0","0","0","0","0","0","0","0","0","0","0","0","0","0","0","0","0","0","1","0","1","0","1","0","1","0","0","0","0","0","0","0","0","0"
"00001390","산정중입구","00000108","송정33","20221003","9","3","2","3","8","3","2","3","0","0","0","0","1","0","0","0","0","0","3","0","0","0","3","0","0","0","0","0","0","0","0","0","0","0","0","0","0","0","0","0","0","0","0","0","0","0","0","0"
"00001390","산정중입구","00000111","송암68","20221003","3","8","4","8","3","7","4","7","0","0","0","0","0","1","0","1","0","0","0","0","0","0","0","0","0","0","0","0","0","0","0","0","0","0","0","0","0","0","0","0","0","0","0","0","0","0","0","0"
"00001390","산정중입구","00000125","선운101","20221003","0","1","1","1","0","1","1","1","0","0","0","0","0","0","0","0","0","0","0","0","0","0","0","0","0","0","0","0","0","0","0","0","0","0","0","0","0","0","0","0","0","0","0","0","0","0","0","0"
"00001390","산정중입구","00000195","마을720","20221003","2","1","0","1","2","0","0","0","0","0","0","0","0","1","0","1","0","0","0","0","0","0","0","0","0","0","0","0","0","0","0","0","0","0","0","0","0","0","0","0","0","0","0","0","0","0","0","0"
"00001391","하남철강","00000011","첨단20","20221003","2","0","4","0","2","0","4","0","0","0","0","0","0","0","0","0","0","0","1","0","0","0","1","0","0","0","0","0","0","0","0","0","0","0","0","0","0","0","0","0","0","0","0","0","0","0","0","0"
"00001393","광주테크노파크후문","00000064","첨단94","20221003","0","0","4","0","0","0","4","0","0","0","0","0","0","0","0","0","0","0","0","0","0","0","0","0","0","0","0","0","0","0","0","0","0","0","0","0","0","0","0","0","0","0","0","0","0","0","0","0"
"00001393","광주테크노파크후문","00000092","첨단40","20221003","0","2","0","2","0","2","0","2","0","0","0","0","0","0","0","0","0","0","0","0","0","0","0","0","0","0","0","0","0","0","0","0","0","0","0","0","0","0","0","0","0","0","0","0","0","0","0","0"
"00001395","풍암정","00000087","1187","20221003","0","0","0","0","0","0","0","0","0","0","0","0","0","0","0","0","1","0","0","0","1","0","0","0","0","0","0","0","0","0","0","0","0","0","0","0","0","0","0","0","0","0","0","0","0","0","0","0"
"00001396","풍암정","00000087","1187","20221003","0","1","5","1","0","1","5","1","0","0","0","0","0","0","0","0","0","0","0","0","0","0","0","0","0","0","0","0","0","0","0","0","0","0","0","0","0","0","0","0","0","0","0","0","0","0","0","0"
"00001396","풍암정","00000097","1187-1","20221003","1","0","0","0","1","0","0","0","0","0","0","0","0","0","0","0","0","0","0","0","0","0","0","0","0","0","0","0","0","0","0","0","0","0","0","0","0","0","0","0","0","0","0","0","0","0","0","0"
"00001397","도산동행정복지센터","00000010","송정19","20221003","11","21","11","21","11","13","11","13","0","0","0","0","0","8","0","8","0","1","0","1","0","1","0","1","0","0","0","0","0","0","0","0","0","0","0","0","0","0","0","0","0","0","0","0","0","0","0","0"
"00001397","도산동행정복지센터","00000023","지원45","20221003","8","11","13","11","8","11","11","11","0","0","1","0","0","0","1","0","0","0","0","0","0","0","0","0","0","0","0","0","0","0","0","0","0","0","1","0","0","0","1","0","0","0","0","0","0","0","0","0"
"00001397","도산동행정복지센터","00000044","송암73","20221003","8","7","6","7","8","3","6","3","0","0","0","0","0","4","0","4","0","0","0","0","0","0","0","0","0","0","0","0","0","0","0","0","0","0","3","0","0","0","3","0","0","0","0","0","0","0","0","0"
"00001397","도산동행정복지센터","00000066","송정96","20221003","0","1","0","1","0","1","0","1","0","0","0","0","0","0","0","0","0","0","0","0","0","0","0","0","0","0","0","0","0","0","0","0","0","0","0","0","0","0","0","0","0","0","0","0","0","0","0","0"
"00001397","도산동행정복지센터","00000081","진곡196","20221003","6","10","2","10","6","7","2","7","0","0","0","0","0","3","0","3","0","1","0","1","0","1","0","1","0","0","0","0","0","0","0","0","0","0","1","0","0","0","0","0","0","0","0","0","0","0","1","0"
"00001397","도산동행정복지센터","00000092","첨단40","20221003","7","6","4","6","6","5","4","5","1","0","0","0","0","1","0","1","0","0","0","0","0","0","0","0","0","0","0","0","0","0","0","0","1","2","0","2","1","2","0","2","0","0","0","0","0","0","0","0"
"00001397","도산동행정복지센터","00000103","송정100","20221003","0","0","1","0","0","0","1","0","0","0","0","0","0","0","0","0","0","0","0","0","0","0","0","0","0","0","0","0","0","0","0","0","0","0","0","0","0","0","0","0","0","0","0","0","0","0","0","0"
"00001397","도산동행정복지센터","00000125","선운101","20221003","1","4","2","4","1","2","1","2","0","0","0","0","0","2","1","2","2","0","1","0","2","0","1","0","0","0","0","0","0","0","0","0","0","0","0","0","0","0","0","0","0","0","0","0","0","0","0","0"
"00001397","도산동행정복지센터","00000203","마을700","20221003","3","8","6","8","3","6","5","6","0","0","0","0","0","2","1","2","0","1","1","1","0","1","0","1","0","0","0","0","0","0","1","0","0","0","0","0","0","0","0","0","0","0","0","0","0","0","0","0"
"00001399","평동역(동)","00000066","송정96","20221003","0","3","0","3","0","3","0","3","0","0","0","0","0","0","0","0","1","0","2","0","1","0","2","0","0","0","0","0","0","0","0","0","0","0","0","0","0","0","0","0","0","0","0","0","0","0","0","0"
"00001399","평동역(동)","00000093","송정97","20221003","0","0","0","0","0","0","0","0","0","0","0","0","0","0","0","0","0","0","0","0","0","0","0","0","0","0","0","0","0","0","0","0","1","0","0","0","1","0","0","0","0","0","0","0","0","0","0","0"
"00001399","평동역(동)","00000203","마을700","20221003","2","0","0","0","2","0","0","0","0","0","0","0","0","0","0","0","1","0","0","0","1","0","0","0","0","0","0","0","0","0","0","0","0","0","0","0","0","0","0","0","0","0","0","0","0","0","0","0"
"00001401","평동우체국","00000066","송정96","20221003","0","0","0","0","0","0","0","0","0","0","0","0","0","0","0","0","0","0","0","0","0","0","0","0","0","0","0","0","0","0","0","0","0","0","0","0","0","0","0","0","0","0","0","0","0","0","0","0"
"00001401","평동우체국","00000093","송정97","20221003","0","0","0","0","0","0","0","0","0","0","0","0","0","0","0","0","0","0","0","0","0","0","0","0","0","0","0","0","0","0","0","0","0","0","0","0","0","0","0","0","0","0","0","0","0","0","0","0"
"00001401","평동우체국","00000094","송정93","20221003","0","1","0","1","0","0","0","0","0","0","0","0","0","1","0","1","0","0","0","0","0","0","0","0","0","0","0","0","0","0","0","0","0","0","0","0","0","0","0","0","0","0","0","0","0","0","0","0"
"00001406","평촌","00000080","첨단193","20221003","0","0","0","0","0","0","0","0","0","0","0","0","0","0","0","0","0","0","0","0","0","0","0","0","0","0","0","0","0","0","0","0","0","0","0","0","0","0","0","0","0","0","0","0","0","0","0","0"
"00001407","평화맨션","00000010","송정19","20221003","4","4","11","4","4","4","10","4","0","0","0","0","0","0","1","0","1","0","0","0","1","0","0","0","0","0","0","0","0","0","0","0","0","1","0","1","0","1","0","1","0","0","0","0","0","0","0","0"
"00001407","평화맨션","00000014","봉선27","20221003","1","2","5","2","1","2","5","2","0","0","0","0","0","0","0","0","3","4","5","4","3","4","5","4","0","0","0","0","0","0","0","0","0","0","0","0","0","0","0","0","0","0","0","0","0","0","0","0"
"00001407","평화맨션","00000015","일곡28","20221003","2","4","8","4","2","4","7","4","0","0","0","0","0","0","1","0","3","3","4","3","3","2","4","2","0","0","0","0","0","1","0","1","0","0","0","0","0","0","0","0","0","0","0","0","0","0","0","0"
"00001407","평화맨션","00000020","일곡38","20221003","2","5","2","5","2","5","2","5","0","0","0","0","0","0","0","0","1","0","2","0","1","0","2","0","0","0","0","0","0","0","0","0","0","0","0","0","0","0","0","0","0","0","0","0","0","0","0","0"
"00001407","평화맨션","00000030","금남55","20221003","0","0","0","0","0","0","0","0","0","0","0","0","0","0","0","0","1","2","1","2","1","2","1","2","0","0","0","0","0","0","0","0","0","0","0","0","0","0","0","0","0","0","0","0","0","0","0","0"
"00001407","평화맨션","00000051","문흥80","20221003","1","5","0","5","1","5","0","5","0","0","0","0","0","0","0","0","1","2","0","2","1","2","0","2","0","0","0","0","0","0","0","0","0","0","0","0","0","0","0","0","0","0","0","0","0","0","0","0"
"00001407","평화맨션","00000054","용봉83","20221003","0","0","1","0","0","0","1","0","0","0","0","0","0","0","0","0","1","1","2","1","1","1","2","1","0","0","0","0","0","0","0","0","0","0","0","0","0","0","0","0","0","0","0","0","0","0","0","0"
"00001407","평화맨션","00000086","518","20221003","4","2","0","2","4","2","0","2","0","0","0","0","0","0","0","0","0","0","1","0","0","0","1","0","0","0","0","0","0","0","0","0","0","0","1","0","0","0","1","0","0","0","0","0","0","0","0","0"
"00001407","평화맨션","00000106","두암81(무등파크)","20221003","2","0","0","0","2","0","0","0","0","0","0","0","0","0","0","0","0","1","0","1","0","1","0","1","0","0","0","0","0","0","0","0","0","0","0","0","0","0","0","0","0","0","0","0","0","0","0","0"
"00001407","평화맨션","00000130","두암81","20221003","0","2","0","2","0","2","0","2","0","0","0","0","0","0","0","0","0","0","0","0","0","0","0","0","0","0","0","0","0","0","0","0","0","0","0","0","0","0","0","0","0","0","0","0","0","0","0","0"
"00001407","평화맨션","00000213","마을788","20221003","0","0","2","0","0","0","2","0","0","0","0","0","0","0","0","0","1","2","2","2","1","2","2","2","0","0","0","0","0","0","0","0","0","0","0","0","0","0","0","0","0","0","0","0","0","0","0","0"
"00001408","평화맨션","00000010","송정19","20221003","3","0","4","0","3","0","3","0","0","0","0","0","0","0","1","0","0","0","1","0","0","0","1","0","0","0","0","0","0","0","0","0","0","0","0","0","0","0","0","0","0","0","0","0","0","0","0","0"
"00001408","평화맨션","00000014","봉선27","20221003","10","7","12","7","10","7","12","7","0","0","0","0","0","0","0","0","6","3","2","3","6","3","2","3","0","0","0","0","0","0","0","0","0","0","1","0","0","0","1","0","0","0","0","0","0","0","0","0"
"00001408","평화맨션","00000015","일곡28","20221003","2","3","6","3","2","2","5","2","0","1","0","1","0","0","1","0","3","5","2","5","3","5","1","5","0","0","0","0","0","0","1","0","0","0","0","0","0","0","0","0","0","0","0","0","0","0","0","0"
"00001408","평화맨션","00000020","일곡38","20221003","3","1","1","1","3","1","1","1","0","0","0","0","0","0","0","0","2","0","1","0","2","0","1","0","0","0","0","0","0","0","0","0","0","0","0","0","0","0","0","0","0","0","0","0","0","0","0","0"
"00001408","평화맨션","00000030","금남55","20221003","2","1","2","1","2","1","2","1","0","0","0","0","0","0","0","0","0","2","1","2","0","2","1","2","0","0","0","0","0","0","0","0","0","0","0","0","0","0","0","0","0","0","0","0","0","0","0","0"
"00001408","평화맨션","00000051","문흥80","20221003","1","0","0","0","1","0","0","0","0","0","0","0","0","0","0","0","0","0","0","0","0","0","0","0","0","0","0","0","0","0","0","0","0","0","1","0","0","0","1","0","0","0","0","0","0","0","0","0"
"00001408","평화맨션","00000052","두암81(각화초교)","20221003","0","0","0","0","0","0","0","0","0","0","0","0","0","0","0","0","1","1","0","1","1","1","0","1","0","0","0","0","0","0","0","0","0","0","0","0","0","0","0","0","0","0","0","0","0","0","0","0"
"00001408","평화맨션","00000054","용봉83","20221003","2","1","2","1","2","1","2","1","0","0","0","0","0","0","0","0","0","0","1","0","0","0","1","0","0","0","0","0","0","0","0","0","1","0","0","0","1","0","0","0","0","0","0","0","0","0","0","0"
"00001408","평화맨션","00000086","518","20221003","0","2","4","2","0","2","4","2","0","0","0","0","0","0","0","0","0","0","2","0","0","0","2","0","0","0","0","0","0","0","0","0","0","1","0","1","0","1","0","1","0","0","0","0","0","0","0","0"
"00001408","평화맨션","00000129","두암81(장등동)","20221003","0","1","0","1","0","1","0","1","0","0","0","0","0","0","0","0","0","0","0","0","0","0","0","0","0","0","0","0","0","0","0","0","0","0","0","0","0","0","0","0","0","0","0","0","0","0","0","0"
"00001408","평화맨션","00000213","마을788","20221003","0","0","1","0","0","0","1","0","0","0","0","0","0","0","0","0","0","1","0","1","0","0","0","0","0","0","0","0","0","1","0","1","0","0","0","0","0","0","0","0","0","0","0","0","0","0","0","0"
"00001409","학동평화맨션","00000005","첨단09","20221003","3","1","1","1","2","1","1","1","0","0","0","0","1","0","0","0","1","2","8","2","1","2","8","2","0","0","0","0","0","0","0","0","0","0","0","0","0","0","0","0","0","0","0","0","0","0","0","0"
"00001409","학동평화맨션","00000018","운림35","20221003","2","0","0","0","2","0","0","0","0","0","0","0","0","0","0","0","2","0","1","0","2","0","1","0","0","0","0","0","0","0","0","0","0","2","0","2","0","2","0","2","0","0","0","0","0","0","0","0"
"00001409","학동평화맨션","00000025","운림50","20221003","1","1","0","1","1","1","0","1","0","0","0","0","0","0","0","0","2","1","1","1","2","1","1","1","0","0","0","0","0","0","0","0","0","1","0","1","0","1","0","1","0","0","0","0","0","0","0","0"
"00001409","학동평화맨션","00000026","운림51","20221003","1","3","0","3","1","3","0","3","0","0","0","0","0","0","0","0","0","0","0","0","0","0","0","0","0","0","0","0","0","0","0","0","0","0","0","0","0","0","0","0","0","0","0","0","0","0","0","0"
"00001409","학동평화맨션","00000029","운림54","20221003","5","4","0","4","5","4","0","4","0","0","0","0","0","0","0","0","1","5","1","5","1","5","1","5","0","0","0","0","0","0","0","0","1","1","0","1","1","1","0","1","0","0","0","0","0","0","0","0"
"00001409","학동평화맨션","00000098","수완49","20221003","1","0","0","0","1","0","0","0","0","0","0","0","0","0","0","0","0","0","0","0","0","0","0","0","0","0","0","0","0","0","0","0","0","0","0","0","0","0","0","0","0","0","0","0","0","0","0","0"
"00001409","학동평화맨션","00000102","수완12","20221003","5","1","0","1","5","1","0","1","0","0","0","0","0","0","0","0","0","0","1","0","0","0","1","0","0","0","0","0","0","0","0","0","0","0","0","0","0","0","0","0","0","0","0","0","0","0","0","0"
"00001409","학동평화맨션","00000109","좌석02","20221003","2","0","0","0","2","0","0","0","0","0","0","0","0","0","0","0","1","0","0","0","0","0","0","0","0","0","0","0","1","0","0","0","0","0","0","0","0","0","0","0","0","0","0","0","0","0","0","0"
"00001410","효동초교입구","00000004","진월07","20221003","9","13","13","13","8","9","11","9","0","2","1","2","1","2","1","2","5","3","14","3","5","3","10","3","0","0","2","0","0","0","2","0","1","1","3","1","0","1","3","1","0","0","0","0","1","0","0","0"
"00001410","효동초교입구","00000009","문흥18","20221003","5","6","4","6","5","6","4","6","0","0","0","0","0","0","0","0","2","1","3","1","1","1","3","1","0","0","0","0","1","0","0","0","0","0","1","0","0","0","1","0","0","0","0","0","0","0","0","0"
"00001410","효동초교입구","00000014","봉선27","20221003","3","2","3","2","3","2","3","2","0","0","0","0","0","0","0","0","4","3","1","3","4","3","1","3","0","0","0","0","0","0","0","0","1","1","0","1","1","1","0","1","0","0","0","0","0","0","0","0"
"00001410","효동초교입구","00000030","금남55","20221003","1","3","1","3","1","1","1","1","0","0","0","0","0","2","0","2","0","0","0","0","0","0","0","0","0","0","0","0","0","0","0","0","0","1","1","1","0","1","1","1","0","0","0","0","0","0","0","0"
"00001410","효동초교입구","00000077","용전184","20221003","3","0","0","0","3","0","0","0","0","0","0","0","0","0","0","0","0","0","0","0","0","0","0","0","0","0","0","0","0","0","0","0","3","0","0","0","3","0","0","0","0","0","0","0","0","0","0","0"
"00001413","마재우체국","00000023","지원45","20221003","8","13","19","13","8","13","16","13","0","0","0","0","0","0","3","0","0","8","0","8","0","8","0","8","0","0","0","0","0","0","0","0","1","0","2","0","1","0","1","0","0","0","0","0","0","0","1","0"
"00001413","마재우체국","00000024","송암47","20221003","3","1","2","1","3","1","2","1","0","0","0","0","0","0","0","0","0","0","0","0","0","0","0","0","0","0","0","0","0","0","0","0","0","0","1","0","0","0","1","0","0","0","0","0","0","0","0","0"
"00001413","마재우체국","00000034","금남59","20221003","0","2","1","2","0","2","0","2","0","0","0","0","0","0","1","0","0","0","0","0","0","0","0","0","0","0","0","0","0","0","0","0","0","0","0","0","0","0","0","0","0","0","0","0","0","0","0","0"
"00001413","마재우체국","00000100","진월75","20221003","1","1","5","1","1","1","5","1","0","0","0","0","0","0","0","0","0","2","0","2","0","2","0","2","0","0","0","0","0","0","0","0","0","0","1","0","0","0","1","0","0","0","0","0","0","0","0","0"
"00001413","마재우체국","00000112","순환01(운천저수지)","20221003","10","9","17","9","9","7","17","7","0","0","0","0","1","2","0","2","0","3","1","3","0","1","1","1","0","0","0","0","0","2","0","2","0","0","1","0","0","0","1","0","0","0","0","0","0","0","0","0"
"00001414","마재우체국","00000001","순환01(시청행)","20221003","6","7","5","7","6","7","5","7","0","0","0","0","0","0","0","0","1","1","3","1","1","1","3","1","0","0","0","0","0","0","0","0","0","0","0","0","0","0","0","0","0","0","0","0","0","0","0","0"
"00001414","마재우체국","00000023","지원45","20221003","3","4","8","4","3","3","7","3","0","1","0","1","0","0","1","0","2","0","2","0","2","0","1","0","0","0","0","0","0","0","1","0","0","0","0","0","0","0","0","0","0","0","0","0","0","0","0","0"
"00001414","마재우체국","00000024","송암47","20221003","0","0","1","0","0","0","1","0","0","0","0","0","0","0","0","0","0","0","0","0","0","0","0","0","0","0","0","0","0","0","0","0","0","0","0","0","0","0","0","0","0","0","0","0","0","0","0","0"
"00001414","마재우체국","00000034","금남59","20221003","0","0","0","0","0","0","0","0","0","0","0","0","0","0","0","0","0","0","0","0","0","0","0","0","0","0","0","0","0","0","0","0","0","0","0","0","0","0","0","0","0","0","0","0","0","0","0","0"
"00001414","마재우체국","00000042","대촌71","20221003","0","0","0","0","0","0","0","0","0","0","0","0","0","0","0","0","0","0","0","0","0","0","0","0","0","0","0","0","0","0","0","0","0","1","0","1","0","1","0","1","0","0","0","0","0","0","0","0"
"00001414","마재우체국","00000049","진월78","20221003","0","0","0","0","0","0","0","0","0","0","0","0","0","0","0","0","0","1","0","1","0","1","0","1","0","0","0","0","0","0","0","0","0","0","0","0","0","0","0","0","0","0","0","0","0","0","0","0"
"00001414","마재우체국","00000100","진월75","20221003","1","2","0","2","1","2","0","2","0","0","0","0","0","0","0","0","1","0","1","0","1","0","1","0","0","0","0","0","0","0","0","0","0","0","0","0","0","0","0","0","0","0","0","0","0","0","0","0"
"00001416","풍암저수지","00000023","지원45","20221003","4","10","6","10","3","9","6","9","0","0","0","0","1","1","0","1","0","2","1","2","0","2","1","2","0","0","0","0","0","0","0","0","0","0","0","0","0","0","0","0","0","0","0","0","0","0","0","0"
"00001416","풍암저수지","00000024","송암47","20221003","1","1","0","1","1","1","0","1","0","0","0","0","0","0","0","0","0","2","2","2","0","2","2","2","0","0","0","0","0","0","0","0","0","0","0","0","0","0","0","0","0","0","0","0","0","0","0","0"
"00001416","풍암저수지","00000034","금남59","20221003","0","0","0","0","0","0","0","0","0","0","0","0","0","0","0","0","1","0","1","0","1","0","1","0","0","0","0","0","0","0","0","0","0","0","0","0","0","0","0","0","0","0","0","0","0","0","0","0"
"00001416","풍암저수지","00000049","진월78","20221003","0","0","0","0","0","0","0","0","0","0","0","0","0","0","0","0","0","0","0","0","0","0","0","0","0","0","0","0","0","0","0","0","0","0","0","0","0","0","0","0","0","0","0","0","0","0","0","0"
"00001416","풍암저수지","00000100","진월75","20221003","0","1","3","1","0","1","3","1","0","0","0","0","0","0","0","0","1","0","0","0","1","0","0","0","0","0","0","0","0","0","0","0","0","0","0","0","0","0","0","0","0","0","0","0","0","0","0","0"
"00001417","풍암저수지","00000023","지원45","20221003","5","7","2","7","5","7","2","7","0","0","0","0","0","0","0","0","0","0","0","0","0","0","0","0","0","0","0","0","0","0","0","0","0","0","0","0","0","0","0","0","0","0","0","0","0","0","0","0"
"00001417","풍암저수지","00000024","송암47","20221003","0","3","6","3","0","2","5","2","0","0","0","0","0","1","1","1","0","0","0","0","0","0","0","0","0","0","0","0","0","0","0","0","0","0","0","0","0","0","0","0","0","0","0","0","0","0","0","0"
"00001417","풍암저수지","00000034","금남59","20221003","1","2","0","2","1","1","0","1","0","0","0","0","0","1","0","1","0","0","0","0","0","0","0","0","0","0","0","0","0","0","0","0","0","1","0","1","0","1","0","1","0","0","0","0","0","0","0","0"
"00001417","풍암저수지","00000042","대촌71","20221003","0","0","0","0","0","0","0","0","0","0","0","0","0","0","0","0","0","0","0","0","0","0","0","0","0","0","0","0","0","0","0","0","0","0","0","0","0","0","0","0","0","0","0","0","0","0","0","0"
"00001417","풍암저수지","00000100","진월75","20221003","0","0","0","0","0","0","0","0","0","0","0","0","0","0","0","0","0","3","0","3","0","3","0","3","0","0","0","0","0","0","0","0","0","0","0","0","0","0","0","0","0","0","0","0","0","0","0","0"
"00001418","풍향시장","00000014","봉선27","20221003","7","7","7","7","7","6","5","6","0","0","2","0","0","1","0","1","1","1","1","1","1","1","1","1","0","0","0","0","0","0","0","0","1","0","0","0","1","0","0","0","0","0","0","0","0","0","0","0"
"00001418","풍향시장","00000015","일곡28","20221003","4","3","3","3","4","3","3","3","0","0","0","0","0","0","0","0","0","4","3","4","0","4","3","4","0","0","0","0","0","0","0","0","0","2","2","2","0","2","2","2","0","0","0","0","0","0","0","0"
"00001418","풍향시장","00000018","운림35","20221003","1","4","2","4","1","4","2","4","0","0","0","0","0","0","0","0","0","2","1","2","0","2","1","2","0","0","0","0","0","0","0","0","0","3","3","3","0","3","3","3","0","0","0","0","0","0","0","0"
"00001418","풍향시장","00000078","충효187","20221003","1","1","0","1","1","1","0","1","0","0","0","0","0","0","0","0","0","0","0","0","0","0","0","0","0","0","0","0","0","0","0","0","0","0","0","0","0","0","0","0","0","0","0","0","0","0","0","0"
"00001418","풍향시장","00000091","송암74","20221003","1","0","7","0","1","0","3","0","0","0","0","0","0","0","4","0","0","0","1","0","0","0","1","0","0","0","0","0","0","0","0","0","0","1","1","1","0","1","1","1","0","0","0","0","0","0","0","0"
"00001418","풍향시장","00000112","순환01(운천저수지)","20221003","13","21","14","21","13","20","10","20","0","1","1","1","0","0","3","0","0","2","0","2","0","2","0","2","0","0","0","0","0","0","0","0","1","1","1","1","1","1","1","1","0","0","0","0","0","0","0","0"
"00001419","단전","00000011","첨단20","20221003","3","9","4","9","3","8","4","8","0","0","0","0","0","1","0","1","0","1","0","1","0","1","0","1","0","0","0","0","0","0","0","0","0","0","0","0","0","0","0","0","0","0","0","0","0","0","0","0"
"00001419","단전","00000064","첨단94","20221003","1","1","1","1","1","1","1","1","0","0","0","0","0","0","0","0","0","0","1","0","0","0","1","0","0","0","0","0","0","0","0","0","0","0","0","0","0","0","0","0","0","0","0","0","0","0","0","0"
"00001419","단전","00000111","송암68","20221003","3","2","2","2","3","2","2","2","0","0","0","0","0","0","0","0","0","0","0","0","0","0","0","0","0","0","0","0","0","0","0","0","0","0","0","0","0","0","0","0","0","0","0","0","0","0","0","0"
"00001421","안청농협","00000011","첨단20","20221003","1","0","3","0","1","0","3","0","0","0","0","0","0","0","0","0","1","0","0","0","1","0","0","0","0","0","0","0","0","0","0","0","0","0","0","0","0","0","0","0","0","0","0","0","0","0","0","0"
"00001423","하남철강","00000011","첨단20","20221003","0","1","1","1","0","1","1","1","0","0","0","0","0","0","0","0","0","0","0","0","0","0","0","0","0","0","0","0","0","0","0","0","0","0","0","0","0","0","0","0","0","0","0","0","0","0","0","0"
"00001423","하남철강","00000064","첨단94","20221003","0","0","0","0","0","0","0","0","0","0","0","0","0","0","0","0","0","0","0","0","0","0","0","0","0","0","0","0","0","0","0","0","0","0","0","0","0","0","0","0","0","0","0","0","0","0","0","0"
"00001424","하남3지구모아엘가","00000009","문흥18","20221003","0","0","0","0","0","0","0","0","0","0","0","0","0","0","0","0","1","0","0","0","1","0","0","0","0","0","0","0","0","0","0","0","0","0","0","0","0","0","0","0","0","0","0","0","0","0","0","0"
"00001424","하남3지구모아엘가","00000102","수완12","20221003","0","0","0","0","0","0","0","0","0","0","0","0","0","0","0","0","0","1","1","1","0","1","1","1","0","0","0","0","0","0","0","0","0","0","0","0","0","0","0","0","0","0","0","0","0","0","0","0"
"00001425","광산소방서입구","00000009","문흥18","20221003","2","1","0","1","2","1","0","1","0","0","0","0","0","0","0","0","0","0","0","0","0","0","0","0","0","0","0","0","0","0","0","0","0","0","0","0","0","0","0","0","0","0","0","0","0","0","0","0"
"00001426","양림교","00000030","금남55","20221003","0","0","0","0","0","0","0","0","0","0","0","0","0","0","0","0","0","0","0","0","0","0","0","0","0","0","0","0","0","0","0","0","0","0","0","0","0","0","0","0","0","0","0","0","0","0","0","0"
"00001427","학동(본량)","00000082","송정197","20221003","0","0","0","0","0","0","0","0","0","0","0","0","0","0","0","0","0","0","0","0","0","0","0","0","0","0","0","0","0","0","0","0","0","0","0","0","0","0","0","0","0","0","0","0","0","0","0","0"
"00001428","학동증심사입구역","00000005","첨단09","20221003","5","12","5","12","5","11","5","11","0","0","0","0","0","1","0","1","2","3","0","3","2","3","0","3","0","0","0","0","0","0","0","0","1","7","8","7","1","7","7","7","0","0","0","0","0","0","1","0"
"00001428","학동증심사입구역","00000006","지원15","20221003","0","3","3","3","0","3","3","3","0","0","0","0","0","0","0","0","5","1","1","1","5","1","1","1","0","0","0","0","0","0","0","0","2","4","11","4","2","4","11","4","0","0","0","0","0","0","0","0"
"00001428","학동증심사입구역","00000012","지원25","20221003","2","3","5","3","2","3","3","3","0","0","1","0","0","0","1","0","2","1","2","1","2","1","2","1","0","0","0","0","0","0","0","0","2","2","2","2","2","2","2","2","0","0","0","0","0","0","0","0"
"00001428","학동증심사입구역","00000018","운림35","20221003","5","2","2","2","5","2","2","2","0","0","0","0","0","0","0","0","0","0","0","0","0","0","0","0","0","0","0","0","0","0","0","0","3","5","3","5","3","5","3","5","0","0","0","0","0","0","0","0"
"00001428","학동증심사입구역","00000023","지원45","20221003","2","6","4","6","2","6","3","6","0","0","0","0","0","0","1","0","3","2","0","2","2","2","0","2","1","0","0","0","0","0","0","0","0","6","5","6","0","6","5","6","0","0","0","0","0","0","0","0"
"00001428","학동증심사입구역","00000025","운림50","20221003","1","5","4","5","1","5","4","5","0","0","0","0","0","0","0","0","0","2","1","2","0","2","1","2","0","0","0","0","0","0","0","0","0","2","0","2","0","2","0","2","0","0","0","0","0","0","0","0"
"00001428","학동증심사입구역","00000026","운림51","20221003","4","5","4","5","4","4","4","4","0","0","0","0","0","1","0","1","0","3","2","3","0","3","2","3","0","0","0","0","0","0","0","0","6","4","10","4","6","4","9","4","0","0","1","0","0","0","0","0"
"00001428","학동증심사입구역","00000027","지원52","20221003","0","0","0","0","0","0","0","0","0","0","0","0","0","0","0","0","0","0","0","0","0","0","0","0","0","0","0","0","0","0","0","0","0","1","0","1","0","0","0","0","0","0","0","0","0","1","0","1"
"00001428","학동증심사입구역","00000029","운림54","20221003","9","27","16","27","9","25","14","25","0","1","0","1","0","1","2","1","3","8","3","8","3","7","3","7","0","0","0","0","0","1","0","1","14","16","20","16","13","16","19","16","0","0","0","0","1","0","1","0"
"00001428","학동증심사입구역","00000071","228(구151화순사평)","20221003","2","0","0","0","2","0","0","0","0","0","0","0","0","0","0","0","7","0","0","0","7","0","0","0","0","0","0","0","0","0","0","0","1","0","0","0","1","0","0","0","0","0","0","0","0","0","0","0"
"00001428","학동증심사입구역","00000072","지원152(능주역)","20221003","0","0","0","0","0","0","0","0","0","0","0","0","0","0","0","0","1","2","0","2","1","2","0","2","0","0","0","0","0","0","0","0","2","0","0","0","1","0","0","0","1","0","0","0","0","0","0","0"
"00001428","학동증심사입구역","00000098","수완49","20221003","1","3","6","3","1","3","6","3","0","0","0","0","0","0","0","0","0","3","1","3","0","3","0","3","0","0","0","0","0","0","1","0","1","2","2","2","1","2","1","2","0","0","1","0","0","0","0","0"
"00001428","학동증심사입구역","00000102","수완12","20221003","0","8","0","8","0","7","0","7","0","0","0","0","0","1","0","1","0","0","2","0","0","0","2","0","0","0","0","0","0","0","0","0","1","0","0","0","1","0","0","0","0","0","0","0","0","0","0","0"
"00001428","학동증심사입구역","00000109","좌석02","20221003","0","2","1","2","0","1","1","1","0","0","0","0","0","1","0","1","0","1","0","1","0","1","0","1","0","0","0","0","0","0","0","0","0","1","3","1","0","1","3","1","0","0","0","0","0","0","0","0"
"00001428","학동증심사입구역","00000122","228(화순전대병원)","20221003","0","0","1","0","0","0","1","0","0","0","0","0","0","0","0","0","0","2","3","2","0","2","3","2","0","0","0","0","0","0","0","0","0","6","0","6","0","6","0","6","0","0","0","0","0","0","0","0"
"00001428","학동증심사입구역","00000123","지원152(도웅리)","20221003","0","0","0","0","0","0","0","0","0","0","0","0","0","0","0","0","0","0","7","0","0","0","7","0","0","0","0","0","0","0","0","0","0","0","0","0","0","0","0","0","0","0","0","0","0","0","0","0"
"00001429","학동증심사입구역","00000005","첨단09","20221003","2","5","0","5","2","5","0","5","0","0","0","0","0","0","0","0","1","1","4","1","1","1","4","1","0","0","0","0","0","0","0","0","0","2","0","2","0","2","0","2","0","0","0","0","0","0","0","0"
"00001429","학동증심사입구역","00000006","지원15","20221003","0","0","0","0","0","0","0","0","0","0","0","0","0","0","0","0","0","4","1","4","0","4","1","4","0","0","0","0","0","0","0","0","0","0","0","0","0","0","0","0","0","0","0","0","0","0","0","0"
"00001429","학동증심사입구역","00000012","지원25","20221003","0","0","0","0","0","0","0","0","0","0","0","0","0","0","0","0","4","2","2","2","4","2","1","2","0","0","0","0","0","0","1","0","0","1","1","1","0","1","1","1","0","0","0","0","0","0","0","0"
"00001429","학동증심사입구역","00000018","운림35","20221003","0","0","0","0","0","0","0","0","0","0","0","0","0","0","0","0","0","0","0","0","0","0","0","0","0","0","0","0","0","0","0","0","0","0","0","0","0","0","0","0","0","0","0","0","0","0","0","0"
"00001429","학동증심사입구역","00000023","지원45","20221003","0","0","0","0","0","0","0","0","0","0","0","0","0","0","0","0","1","0","1","0","1","0","1","0","0","0","0","0","0","0","0","0","0","0","1","0","0","0","1","0","0","0","0","0","0","0","0","0"
"00001429","학동증심사입구역","00000025","운림50","20221003","0","0","0","0","0","0","0","0","0","0","0","0","0","0","0","0","0","2","2","2","0","2","2","2","0","0","0","0","0","0","0","0","0","0","0","0","0","0","0","0","0","0","0","0","0","0","0","0"
"00001429","학동증심사입구역","00000026","운림51","20221003","3","0","2","0","3","0","0","0","0","0","0","0","0","0","2","0","0","1","1","1","0","1","1","1","0","0","0","0","0","0","0","0","0","0","0","0","0","0","0","0","0","0","0","0","0","0","0","0"
"00001429","학동증심사입구역","00000029","운림54","20221003","2","1","0","1","2","1","0","1","0","0","0","0","0","0","0","0","2","3","1","3","2","2","1","2","0","0","0","0","0","1","0","1","3","0","0","0","3","0","0","0","0","0","0","0","0","0","0","0"
"00001429","학동증심사입구역","00000071","228(구151화순사평)","20221003","0","0","0","0","0","0","0","0","0","0","0","0","0","0","0","0","0","1","0","1","0","1","0","1","0","0","0","0","0","0","0","0","0","0","0","0","0","0","0","0","0","0","0","0","0","0","0","0"
"00001429","학동증심사입구역","00000072","지원152(능주역)","20221003","1","0","1","0","1","0","1","0","0","0","0","0","0","0","0","0","0","0","0","0","0","0","0","0","0","0","0","0","0","0","0","0","0","0","0","0","0","0","0","0","0","0","0","0","0","0","0","0"
"00001429","학동증심사입구역","00000098","수완49","20221003","0","0","0","0","0","0","0","0","0","0","0","0","0","0","0","0","0","0","2","0","0","0","2","0","0","0","0","0","0","0","0","0","0","0","0","0","0","0","0","0","0","0","0","0","0","0","0","0"
"00001429","학동증심사입구역","00000102","수완12","20221003","0","0","0","0","0","0","0","0","0","0","0","0","0","0","0","0","0","0","1","0","0","0","0","0","0","0","1","0","0","0","0","0","0","1","0","1","0","1","0","1","0","0","0","0","0","0","0","0"
"00001429","학동증심사입구역","00000109","좌석02","20221003","0","0","0","0","0","0","0","0","0","0","0","0","0","0","0","0","1","0","0","0","1","0","0","0","0","0","0","0","0","0","0","0","0","0","0","0","0","0","0","0","0","0","0","0","0","0","0","0"
"00001429","학동증심사입구역","00000122","228(화순전대병원)","20221003","0","0","0","0","0","0","0","0","0","0","0","0","0","0","0","0","0","1","0","1","0","1","0","1","0","0","0","0","0","0","0","0","0","0","1","0","0","0","1","0","0","0","0","0","0","0","0","0"
"00001429","학동증심사입구역","00000123","지원152(도웅리)","20221003","0","0","0","0","0","0","0","0","0","0","0","0","0","0","0","0","0","0","0","0","0","0","0","0","0","0","0","0","0","0","0","0","0","1","0","1","0","1","0","1","0","0","0","0","0","0","0","0"
"00001430","조선대병원","00000005","첨단09","20221003","6","9","8","9","6","7","8","7","0","0","0","0","0","2","0","2","3","13","6","13","3","13","6","13","0","0","0","0","0","0","0","0","0","2","1","2","0","2","1","2","0","0","0","0","0","0","0","0"
"00001430","조선대병원","00000006","지원15","20221003","2","1","5","1","2","1","5","1","0","0","0","0","0","0","0","0","1","2","2","2","1","0","1","0","0","0","0","0","0","2","1","2","1","1","4","1","1","1","4","1","0","0","0","0","0","0","0","0"
"00001430","조선대병원","00000012","지원25","20221003","0","3","3","3","0","3","3","3","0","0","0","0","0","0","0","0","5","1","4","1","5","1","2","1","0","0","1","0","0","0","1","0","1","2","3","2","1","2","3","2","0","0","0","0","0","0","0","0"
"00001430","조선대병원","00000018","운림35","20221003","0","7","3","7","0","6","3","6","0","0","0","0","0","1","0","1","0","2","0","2","0","2","0","2","0","0","0","0","0","0","0","0","5","3","3","3","5","3","3","3","0","0","0","0","0","0","0","0"
"00001430","조선대병원","00000023","지원45","20221003","2","4","8","4","2","4","6","4","0","0","0","0","0","0","2","0","1","4","3","4","1","4","3","4","0","0","0","0","0","0","0","0","0","3","1","3","0","3","1","3","0","0","0","0","0","0","0","0"
"00001430","조선대병원","00000025","운림50","20221003","0","1","3","1","0","1","3","1","0","0","0","0","0","0","0","0","4","9","8","9","4","9","6","9","0","0","0","0","0","0","2","0","0","2","0","2","0","2","0","2","0","0","0","0","0","0","0","0"
"00001430","조선대병원","00000026","운림51","20221003","3","3","5","3","3","3","4","3","0","0","0","0","0","0","1","0","6","7","6","7","6","5","6","5","0","0","0","0","0","2","0","2","3","0","0","0","3","0","0","0","0","0","0","0","0","0","0","0"
"00001430","조선대병원","00000027","지원52","20221003","0","0","0","0","0","0","0","0","0","0","0","0","0","0","0","0","0","1","0","1","0","0","0","0","0","0","0","0","0","1","0","1","0","0","0","0","0","0","0","0","0","0","0","0","0","0","0","0"
"00001430","조선대병원","00000029","운림54","20221003","3","9","13","9","3","7","13","7","0","0","0","0","0","2","0","2","7","18","14","18","7","18","12","18","0","0","0","0","0","0","2","0","5","5","5","5","5","5","5","5","0","0","0","0","0","0","0","0"
"00001430","조선대병원","00000071","228(구151화순사평)","20221003","0","0","0","0","0","0","0","0","0","0","0","0","0","0","0","0","9","0","0","0","9","0","0","0","0","0","0","0","0","0","0","0","0","0","0","0","0","0","0","0","0","0","0","0","0","0","0","0"
"00001430","조선대병원","00000072","지원152(능주역)","20221003","0","1","0","1","0","1","0","1","0","0","0","0","0","0","0","0","4","4","0","4","4","3","0","3","0","0","0","0","0","1","0","1","0","0","0","0","0","0","0","0","0","0","0","0","0","0","0","0"
"00001430","조선대병원","00000098","수완49","20221003","1","0","3","0","1","0","3","0","0","0","0","0","0","0","0","0","1","5","0","5","1","5","0","5","0","0","0","0","0","0","0","0","0","0","0","0","0","0","0","0","0","0","0","0","0","0","0","0"
"00001430","조선대병원","00000102","수완12","20221003","0","1","3","1","0","1","3","1","0","0","0","0","0","0","0","0","1","1","5","1","1","1","5","1","0","0","0","0","0","0","0","0","0","0","0","0","0","0","0","0","0","0","0","0","0","0","0","0"
"00001430","조선대병원","00000109","좌석02","20221003","0","1","1","1","0","1","1","1","0","0","0","0","0","0","0","0","0","1","0","1","0","1","0","1","0","0","0","0","0","0","0","0","0","0","0","0","0","0","0","0","0","0","0","0","0","0","0","0"
"00001430","조선대병원","00000122","228(화순전대병원)","20221003","0","5","1","5","0","5","1","5","0","0","0","0","0","0","0","0","0","6","7","6","0","6","7","6","0","0","0","0","0","0","0","0","0","2","1","2","0","2","1","2","0","0","0","0","0","0","0","0"
"00001430","조선대병원","00000123","지원152(도웅리)","20221003","0","1","0","1","0","1","0","1","0","0","0","0","0","0","0","0","0","2","3","2","0","2","3","2","0","0","0","0","0","0","0","0","0","0","1","0","0","0","1","0","0","0","0","0","0","0","0","0"
"00001431","조선대병원","00000005","첨단09","20221003","2","5","0","5","2","5","0","5","0","0","0","0","0","0","0","0","0","1","5","1","0","1","5","1","0","0","0","0","0","0","0","0","3","1","1","1","3","1","0","1","0","0","0","0","0","0","1","0"
"00001431","조선대병원","00000006","지원15","20221003","0","1","0","1","0","1","0","1","0","0","0","0","0","0","0","0","0","0","0","0","0","0","0","0","0","0","0","0","0","0","0","0","1","3","0","3","1","3","0","3","0","0","0","0","0","0","0","0"
"00001431","조선대병원","00000012","지원25","20221003","1","0","0","0","1","0","0","0","0","0","0","0","0","0","0","0","3","2","0","2","3","2","0","2","0","0","0","0","0","0","0","0","1","1","0","1","1","0","0","0","0","0","0","0","0","1","0","1"
"00001431","조선대병원","00000018","운림35","20221003","1","2","0","2","1","2","0","2","0","0","0","0","0","0","0","0","0","1","0","1","0","1","0","1","0","0","0","0","0","0","0","0","2","0","0","0","2","0","0","0","0","0","0","0","0","0","0","0"
"00001431","조선대병원","00000023","지원45","20221003","0","0","1","0","0","0","1","0","0","0","0","0","0","0","0","0","4","0","1","0","4","0","0","0","0","0","0","0","0","0","1","0","1","0","2","0","1","0","2","0","0","0","0","0","0","0","0","0"
"00001431","조선대병원","00000025","운림50","20221003","3","1","1","1","3","1","1","1","0","0","0","0","0","0","0","0","1","1","0","1","1","1","0","1","0","0","0","0","0","0","0","0","2","2","0","2","2","2","0","2","0","0","0","0","0","0","0","0"
"00001431","조선대병원","00000026","운림51","20221003","1","2","7","2","1","2","3","2","0","0","0","0","0","0","4","0","0","1","3","1","0","1","3","1","0","0","0","0","0","0","0","0","1","1","0","1","1","1","0","1","0","0","0","0","0","0","0","0"
"00001431","조선대병원","00000027","지원52","20221003","0","0","0","0","0","0","0","0","0","0","0","0","0","0","0","0","0","0","0","0","0","0","0","0","0","0","0","0","0","0","0","0","0","0","0","0","0","0","0","0","0","0","0","0","0","0","0","0"
"00001431","조선대병원","00000029","운림54","20221003","2","0","1","0","2","0","1","0","0","0","0","0","0","0","0","0","3","0","3","0","3","0","3","0","0","0","0","0","0","0","0","0","2","4","1","4","2","4","1","4","0","0","0","0","0","0","0","0"
"00001431","조선대병원","00000072","지원152(능주역)","20221003","1","0","0","0","1","0","0","0","0","0","0","0","0","0","0","0","0","0","0","0","0","0","0","0","0","0","0","0","0","0","0","0","0","0","0","0","0","0","0","0","0","0","0","0","0","0","0","0"
"00001431","조선대병원","00000098","수완49","20221003","1","0","1","0","1","0","1","0","0","0","0","0","0","0","0","0","0","0","0","0","0","0","0","0","0","0","0","0","0","0","0","0","2","0","0","0","2","0","0","0","0","0","0","0","0","0","0","0"
"00001431","조선대병원","00000102","수완12","20221003","3","1","0","1","3","1","0","1","0","0","0","0","0","0","0","0","1","1","0","1","1","1","0","1","0","0","0","0","0","0","0","0","2","0","0","0","2","0","0","0","0","0","0","0","0","0","0","0"
"00001431","조선대병원","00000109","좌석02","20221003","0","0","0","0","0","0","0","0","0","0","0","0","0","0","0","0","0","2","1","2","0","2","1","2","0","0","0","0","0","0","0","0","0","0","0","0","0","0","0","0","0","0","0","0","0","0","0","0"
"00001431","조선대병원","00000122","228(화순전대병원)","20221003","3","1","1","1","3","1","1","1","0","0","0","0","0","0","0","0","0","0","0","0","0","0","0","0","0","0","0","0","0","0","0","0","1","1","1","1","1","1","1","1","0","0","0","0","0","0","0","0"
"00001431","조선대병원","00000123","지원152(도웅리)","20221003","1","0","0","0","1","0","0","0","0","0","0","0","0","0","0","0","0","0","0","0","0","0","0","0","0","0","0","0","0","0","0","0","0","1","2","1","0","1","2","1","0","0","0","0","0","0","0","0"
"00001432","학림교","00000015","일곡28","20221003","0","1","5","1","0","1","3","1","0","0","0","0","0","0","2","0","1","0","0","0","1","0","0","0","0","0","0","0","0","0","0","0","0","1","1","1","0","1","1","1","0","0","0","0","0","0","0","0"
"00001432","학림교","00000019","봉선37","20221003","1","3","4","3","1","2","2","2","0","0","0","0","0","1","2","1","0","0","0","0","0","0","0","0","0","0","0","0","0","0","0","0","0","0","0","0","0","0","0","0","0","0","0","0","0","0","0","0"
"00001432","학림교","00000025","운림50","20221003","0","0","1","0","0","0","0","0","0","0","0","0","0","0","1","0","0","1","1","1","0","1","1","1","0","0","0","0","0","0","0","0","0","0","0","0","0","0","0","0","0","0","0","0","0","0","0","0"
"00001432","학림교","00000047","봉선76","20221003","0","2","0","2","0","2","0","2","0","0","0","0","0","0","0","0","0","0","0","0","0","0","0","0","0","0","0","0","0","0","0","0","0","0","0","0","0","0","0","0","0","0","0","0","0","0","0","0"
"00001432","학림교","00000119","지원56","20221003","2","0","1","0","1","0","0","0","0","0","0","0","1","0","1","0","0","0","0","0","0","0","0","0","0","0","0","0","0","0","0","0","0","0","0","0","0","0","0","0","0","0","0","0","0","0","0","0"
"00001433","학림교","00000015","일곡28","20221003","8","0","2","0","7","0","2","0","0","0","0","0","1","0","0","0","14","11","14","11","14","10","11","10","0","0","0","0","0","1","3","1","0","0","0","0","0","0","0","0","0","0","0","0","0","0","0","0"
"00001433","학림교","00000019","봉선37","20221003","0","2","1","2","0","2","0","2","0","0","0","0","0","0","1","0","14","8","11","8","13","8","8","8","0","0","1","0","1","0","2","0","0","0","0","0","0","0","0","0","0","0","0","0","0","0","0","0"
"00001433","학림교","00000025","운림50","20221003","1","0","0","0","1","0","0","0","0","0","0","0","0","0","0","0","6","4","5","4","6","4","5","4","0","0","0","0","0","0","0","0","0","0","0","0","0","0","0","0","0","0","0","0","0","0","0","0"
"00001433","학림교","00000119","지원56","20221003","0","0","3","0","0","0","3","0","0","0","0","0","0","0","0","0","0","1","1","1","0","1","1","1","0","0","0","0","0","0","0","0","0","0","0","0","0","0","0","0","0","0","0","0","0","0","0","0"
"00001434","학운초교","00000018","운림35","20221003","0","0","0","0","0","0","0","0","0","0","0","0","0","0","0","0","0","0","0","0","0","0","0","0","0","0","0","0","0","0","0","0","0","0","0","0","0","0","0","0","0","0","0","0","0","0","0","0"
"00001434","학운초교","00000025","운림50","20221003","0","2","0","2","0","2","0","2","0","0","0","0","0","0","0","0","0","0","0","0","0","0","0","0","0","0","0","0","0","0","0","0","0","0","0","0","0","0","0","0","0","0","0","0","0","0","0","0"
"00001434","학운초교","00000026","운림51","20221003","0","2","1","2","0","2","1","2","0","0","0","0","0","0","0","0","0","0","0","0","0","0","0","0","0","0","0","0","0","0","0","0","0","0","0","0","0","0","0","0","0","0","0","0","0","0","0","0"
"00001434","학운초교","00000029","운림54","20221003","0","5","2","5","0","4","2","4","0","1","0","1","0","0","0","0","0","0","0","0","0","0","0","0","0","0","0","0","0","0","0","0","0","0","0","0","0","0","0","0","0","0","0","0","0","0","0","0"
"00001434","학운초교","00000098","수완49","20221003","0","1","0","1","0","1","0","1","0","0","0","0","0","0","0","0","0","0","0","0","0","0","0","0","0","0","0","0","0","0","0","0","0","0","0","0","0","0","0","0","0","0","0","0","0","0","0","0"
"00001434","학운초교","00000102","수완12","20221003","0","3","0","3","0","3","0","3","0","0","0","0","0","0","0","0","0","0","0","0","0","0","0","0","0","0","0","0","0","0","0","0","0","0","0","0","0","0","0","0","0","0","0","0","0","0","0","0"
"00001435","한국광기술원","00000005","첨단09","20221003","2","2","4","2","2","2","4","2","0","0","0","0","0","0","0","0","0","0","0","0","0","0","0","0","0","0","0","0","0","0","0","0","0","0","0","0","0","0","0","0","0","0","0","0","0","0","0","0"
"00001435","한국광기술원","00000014","봉선27","20221003","0","1","5","1","0","1","5","1","0","0","0","0","0","0","0","0","0","0","0","0","0","0","0","0","0","0","0","0","0","0","0","0","0","0","0","0","0","0","0","0","0","0","0","0","0","0","0","0"
"00001435","한국광기술원","00000062","첨단92","20221003","0","1","0","1","0","1","0","1","0","0","0","0","0","0","0","0","0","0","0","0","0","0","0","0","0","0","0","0","0","0","0","0","0","0","0","0","0","0","0","0","0","0","0","0","0","0","0","0"
"00001436","한국광기술원","00000005","첨단09","20221003","0","0","0","0","0","0","0","0","0","0","0","0","0","0","0","0","0","0","1","0","0","0","1","0","0","0","0","0","0","0","0","0","0","0","0","0","0","0","0","0","0","0","0","0","0","0","0","0"
"00001438","한국병원","00000024","송암47","20221003","12","7","6","7","11","6","6","6","1","1","0","1","0","0","0","0","1","0","1","0","0","0","1","0","1","0","0","0","0","0","0","0","0","1","0","1","0","1","0","1","0","0","0","0","0","0","0","0"
"00001438","한국병원","00000040","대촌69","20221003","0","1","0","1","0","1","0","1","0","0","0","0","0","0","0","0","0","0","0","0","0","0","0","0","0","0","0","0","0","0","0","0","0","0","0","0","0","0","0","0","0","0","0","0","0","0","0","0"
"00001438","한국병원","00000043","송암72","20221003","2","6","4","6","2","6","4","6","0","0","0","0","0","0","0","0","0","0","0","0","0","0","0","0","0","0","0","0","0","0","0","0","0","0","0","0","0","0","0","0","0","0","0","0","0","0","0","0"
"00001438","한국병원","00000088","금호36","20221003","5","25","11","25","4","24","10","24","0","1","0","1","1","0","1","0","1","2","1","2","1","2","1","2","0","0","0","0","0","0","0","0","0","0","0","0","0","0","0","0","0","0","0","0","0","0","0","0"
"00001439","한국병원","00000024","송암47","20221003","4","14","5","14","4","12","5","12","0","0","0","0","0","2","0","2","1","3","3","3","1","3","3","3","0","0","0","0","0","0","0","0","0","0","0","0","0","0","0","0","0","0","0","0","0","0","0","0"
"00001439","한국병원","00000040","대촌69","20221003","0","0","1","0","0","0","1","0","0","0","0","0","0","0","0","0","0","0","0","0","0","0","0","0","0","0","0","0","0","0","0","0","0","0","0","0","0","0","0","0","0","0","0","0","0","0","0","0"
"00001439","한국병원","00000043","송암72","20221003","3","6","8","6","3","6","7","6","0","0","0","0","0","0","1","0","0","1","2","1","0","1","2","1","0","0","0","0","0","0","0","0","0","0","0","0","0","0","0","0","0","0","0","0","0","0","0","0"
"00001439","한국병원","00000088","금호36","20221003","4","9","6","9","4","9","5","9","0","0","0","0","0","0","1","0","1","3","6","3","1","3","6","3","0","0","0","0","0","0","0","0","0","0","0","0","0","0","0","0","0","0","0","0","0","0","0","0"
"00001440","산업인력공단사거리","00000014","봉선27","20221003","0","5","4","5","0","5","4","5","0","0","0","0","0","0","0","0","0","0","0","0","0","0","0","0","0","0","0","0","0","0","0","0","0","0","0","0","0","0","0","0","0","0","0","0","0","0","0","0"
"00001441","산업인력공단사거리","00000014","봉선27","20221003","0","0","0","0","0","0","0","0","0","0","0","0","0","0","0","0","0","0","1","0","0","0","1","0","0","0","0","0","0","0","0","0","0","0","0","0","0","0","0","0","0","0","0","0","0","0","0","0"
"00001442","금호한국아파트","00000023","지원45","20221003","10","4","11","4","10","4","10","4","0","0","0","0","0","0","1","0","2","0","1","0","2","0","1","0","0","0","0","0","0","0","0","0","0","1","3","1","0","1","3","1","0","0","0","0","0","0","0","0"
"00001442","금호한국아파트","00000035","매월61(칠석)","20221003","1","2","2","2","1","2","2","2","0","0","0","0","0","0","0","0","1","0","2","0","1","0","2","0","0","0","0","0","0","0","0","0","0","0","0","0","0","0","0","0","0","0","0","0","0","0","0","0"
"00001442","금호한국아파트","00000043","송암72","20221003","3","4","3","4","3","4","3","4","0","0","0","0","0","0","0","0","0","0","0","0","0","0","0","0","0","0","0","0","0","0","0","0","0","0","0","0","0","0","0","0","0","0","0","0","0","0","0","0"
"00001442","금호한국아파트","00000048","진월77","20221003","0","0","2","0","0","0","1","0","0","0","0","0","0","0","1","0","0","0","0","0","0","0","0","0","0","0","0","0","0","0","0","0","0","0","0","0","0","0","0","0","0","0","0","0","0","0","0","0"
"00001442","금호한국아파트","00000083","대촌270","20221003","0","1","0","1","0","1","0","1","0","0","0","0","0","0","0","0","0","0","0","0","0","0","0","0","0","0","0","0","0","0","0","0","0","0","0","0","0","0","0","0","0","0","0","0","0","0","0","0"
"00001442","금호한국아파트","00000088","금호36","20221003","6","15","17","15","6","14","14","14","0","0","0","0","0","1","3","1","0","0","2","0","0","0","2","0","0","0","0","0","0","0","0","0","1","2","4","2","1","2","4","2","0","0","0","0","0","0","0","0"
"00001442","금호한국아파트","00000095","금호46","20221003","2","6","8","6","2","6","6","6","0","0","0","0","0","0","2","0","0","1","0","1","0","1","0","1","0","0","0","0","0","0","0","0","1","1","0","1","1","1","0","1","0","0","0","0","0","0","0","0"
"00001442","금호한국아파트","00000201","마을760","20221003","7","7","13","7","7","7","10","7","0","0","1","0","0","0","2","0","0","0","0","0","0","0","0","0","0","0","0","0","0","0","0","0","2","0","0","0","2","0","0","0","0","0","0","0","0","0","0","0"
"00001443","금호한국아파트","00000023","지원45","20221003","4","2","7","2","4","2","5","2","0","0","2","0","0","0","0","0","3","2","2","2","3","2","1","2","0","0","1","0","0","0","0","0","0","1","0","1","0","1","0","1","0","0","0","0","0","0","0","0"
"00001443","금호한국아파트","00000035","매월61(칠석)","20221003","1","2","2","2","1","2","2","2","0","0","0","0","0","0","0","0","1","1","3","1","1","1","3","1","0","0","0","0","0","0","0","0","1","0","1","0","1","0","1","0","0","0","0","0","0","0","0","0"
"00001443","금호한국아파트","00000043","송암72","20221003","0","1","0","1","0","1","0","1","0","0","0","0","0","0","0","0","1","0","0","0","1","0","0","0","0","0","0","0","0","0","0","0","0","0","0","0","0","0","0","0","0","0","0","0","0","0","0","0"
"00001443","금호한국아파트","00000048","진월77","20221003","0","0","0","0","0","0","0","0","0","0","0","0","0","0","0","0","0","0","1","0","0","0","1","0","0","0","0","0","0","0","0","0","0","0","0","0","0","0","0","0","0","0","0","0","0","0","0","0"
"00001443","금호한국아파트","00000088","금호36","20221003","0","0","0","0","0","0","0","0","0","0","0","0","0","0","0","0","1","5","4","5","1","5","4","5","0","0","0","0","0","0","0","0","0","0","0","0","0","0","0","0","0","0","0","0","0","0","0","0"
"00001443","금호한국아파트","00000095","금호46","20221003","0","0","0","0","0","0","0","0","0","0","0","0","0","0","0","0","0","1","0","1","0","1","0","1","0","0","0","0","0","0","0","0","0","0","0","0","0","0","0","0","0","0","0","0","0","0","0","0"
"00001443","금호한국아파트","00000201","마을760","20221003","1","1","1","1","1","1","1","1","0","0","0","0","0","0","0","0","1","3","1","3","1","3","1","3","0","0","0","0","0","0","0","0","0","1","0","1","0","1","0","1","0","0","0","0","0","0","0","0"
"00001444","풍암한국아파트","00000023","지원45","20221003","18","24","19","24","18","19","17","19","0","3","1","3","0","2","1","2","0","0","0","0","0","0","0","0","0","0","0","0","0","0","0","0","0","0","0","0","0","0","0","0","0","0","0","0","0","0","0","0"
"00001444","풍암한국아파트","00000024","송암47","20221003","6","7","3","7","5","6","2","6","1","1","0","1","0","0","1","0","0","0","0","0","0","0","0","0","0","0","0","0","0","0","0","0","0","0","0","0","0","0","0","0","0","0","0","0","0","0","0","0"
"00001444","풍암한국아파트","00000034","금남59","20221003","9","9","11","9","9","8","8","8","0","0","2","0","0","1","1","1","1","0","0","0","1","0","0","0","0","0","0","0","0","0","0","0","0","0","0","0","0","0","0","0","0","0","0","0","0","0","0","0"
"00001444","풍암한국아파트","00000049","진월78","20221003","1","0","0","0","0","0","0","0","0","0","0","0","1","0","0","0","0","0","0","0","0","0","0","0","0","0","0","0","0","0","0","0","0","0","0","0","0","0","0","0","0","0","0","0","0","0","0","0"
"00001444","풍암한국아파트","00000100","진월75","20221003","1","5","0","5","0","5","0","5","0","0","0","0","1","0","0","0","0","0","1","0","0","0","1","0","0","0","0","0","0","0","0","0","0","0","0","0","0","0","0","0","0","0","0","0","0","0","0","0"
"00001444","풍암한국아파트","00000112","순환01(운천저수지)","20221003","13","9","13","9","13","8","11","8","0","0","0","0","0","1","2","1","0","0","0","0","0","0","0","0","0","0","0","0","0","0","0","0","0","0","0","0","0","0","0","0","0","0","0","0","0","0","0","0"
"00001445","일신초교","00000031","419","20221003","0","0","0","0","0","0","0","0","0","0","0","0","0","0","0","0","0","0","0","0","0","0","0","0","0","0","0","0","0","0","0","0","0","0","0","0","0","0","0","0","0","0","0","0","0","0","0","0"
"00001445","일신초교","00000080","첨단193","20221003","0","1","0","1","0","1","0","1","0","0","0","0","0","0","0","0","0","0","0","0","0","0","0","0","0","0","0","0","0","0","0","0","0","0","0","0","0","0","0","0","0","0","0","0","0","0","0","0"
"00001446","일신초교","00000031","419","20221003","0","0","0","0","0","0","0","0","0","0","0","0","0","0","0","0","0","0","0","0","0","0","0","0","0","0","0","0","0","0","0","0","0","0","0","0","0","0","0","0","0","0","0","0","0","0","0","0"
"00001447","풍암한국아파트","00000001","순환01(시청행)","20221003","12","10","7","10","11","9","5","9","0","0","0","0","1","1","2","1","1","1","0","1","1","1","0","1","0","0","0","0","0","0","0","0","0","1","0","1","0","0","0","0","0","0","0","0","0","1","0","1"
"00001447","풍암한국아파트","00000023","지원45","20221003","7","8","6","8","6","8","3","8","1","0","0","0","0","0","3","0","0","0","3","0","0","0","3","0","0","0","0","0","0","0","0","0","0","0","0","0","0","0","0","0","0","0","0","0","0","0","0","0"
"00001447","풍암한국아파트","00000024","송암47","20221003","5","1","0","1","5","1","0","1","0","0","0","0","0","0","0","0","0","1","0","1","0","1","0","1","0","0","0","0","0","0","0","0","0","0","0","0","0","0","0","0","0","0","0","0","0","0","0","0"
"00001447","풍암한국아파트","00000034","금남59","20221003","3","1","1","1","3","1","1","1","0","0","0","0","0","0","0","0","0","1","0","1","0","0","0","0","0","0","0","0","0","1","0","1","0","0","0","0","0","0","0","0","0","0","0","0","0","0","0","0"
"00001447","풍암한국아파트","00000100","진월75","20221003","4","1","1","1","4","1","1","1","0","0","0","0","0","0","0","0","0","1","0","1","0","0","0","0","0","0","0","0","0","1","0","1","1","0","0","0","1","0","0","0","0","0","0","0","0","0","0","0"
"00001448","한국알프스","00000011","첨단20","20221003","1","0","4","0","1","0","4","0","0","0","0","0","0","0","0","0","0","1","0","1","0","1","0","1","0","0","0","0","0","0","0","0","0","0","0","0","0","0","0","0","0","0","0","0","0","0","0","0"
"00001449","계수초교","00000001","순환01(시청행)","20221003","0","0","2","0","0","0","2","0","0","0","0","0","0","0","0","0","0","0","1","0","0","0","1","0","0","0","0","0","0","0","0","0","0","0","0","0","0","0","0","0","0","0","0","0","0","0","0","0"
"00001449","계수초교","00000023","지원45","20221003","3","4","7","4","3","2","7","2","0","0","0","0","0","2","0","2","0","0","0","0","0","0","0","0","0","0","0","0","0","0","0","0","0","0","0","0","0","0","0","0","0","0","0","0","0","0","0","0"
"00001449","계수초교","00000036","상무62(상무역행)","20221003","0","0","0","0","0","0","0","0","0","0","0","0","0","0","0","0","0","0","2","0","0","0","2","0","0","0","0","0","0","0","0","0","0","0","0","0","0","0","0","0","0","0","0","0","0","0","0","0"
"00001449","계수초교","00000037","상무63","20221003","0","0","0","0","0","0","0","0","0","0","0","0","0","0","0","0","0","1","0","1","0","0","0","0","0","0","0","0","0","1","0","1","0","0","0","0","0","0","0","0","0","0","0","0","0","0","0","0"
"00001449","계수초교","00000112","순환01(운천저수지)","20221003","2","1","0","1","2","1","0","1","0","0","0","0","0","0","0","0","0","1","1","1","0","1","1","1","0","0","0","0","0","0","0","0","0","0","0","0","0","0","0","0","0","0","0","0","0","0","0","0"
"00001449","계수초교","00000127","상무62","20221003","0","0","0","0","0","0","0","0","0","0","0","0","0","0","0","0","0","0","0","0","0","0","0","0","0","0","0","0","0","0","0","0","1","0","0","0","0","0","0","0","0","0","0","0","1","0","0","0"
"00001450","계수초교","00000001","순환01(시청행)","20221003","10","16","14","16","10","16","10","16","0","0","1","0","0","0","3","0","0","0","0","0","0","0","0","0","0","0","0","0","0","0","0","0","0","1","0","1","0","1","0","1","0","0","0","0","0","0","0","0"
"00001450","계수초교","00000023","지원45","20221003","4","7","2","7","2","6","2","6","0","1","0","1","2","0","0","0","2","3","1","3","2","2","1","2","0","0","0","0","0","1","0","1","0","0","0","0","0","0","0","0","0","0","0","0","0","0","0","0"
"00001450","계수초교","00000036","상무62(상무역행)","20221003","2","0","1","0","2","0","1","0","0","0","0","0","0","0","0","0","0","0","0","0","0","0","0","0","0","0","0","0","0","0","0","0","0","0","0","0","0","0","0","0","0","0","0","0","0","0","0","0"
"00001450","계수초교","00000037","상무63","20221003","0","5","1","5","0","4","1","4","0","0","0","0","0","1","0","1","0","0","0","0","0","0","0","0","0","0","0","0","0","0","0","0","1","0","0","0","1","0","0","0","0","0","0","0","0","0","0","0"
"00001450","계수초교","00000112","순환01(운천저수지)","20221003","10","15","20","15","10","11","12","11","0","1","0","1","0","3","8","3","0","0","0","0","0","0","0","0","0","0","0","0","0","0","0","0","0","0","1","0","0","0","1","0","0","0","0","0","0","0","0","0"
"00001452","한보요업","00000071","228(구151화순사평)","20221003","1","0","0","0","1","0","0","0","0","0","0","0","0","0","0","0","0","0","0","0","0","0","0","0","0","0","0","0","0","0","0","0","0","0","0","0","0","0","0","0","0","0","0","0","0","0","0","0"
"00001453","화순용곡마을","00000071","228(구151화순사평)","20221003","0","0","0","0","0","0","0","0","0","0","0","0","0","0","0","0","0","0","0","0","0","0","0","0","0","0","0","0","0","0","0","0","0","0","0","0","0","0","0","0","0","0","0","0","0","0","0","0"
"00001453","화순용곡마을","00000122","228(화순전대병원)","20221003","0","0","0","0","0","0","0","0","0","0","0","0","0","0","0","0","0","0","0","0","0","0","0","0","0","0","0","0","0","0","0","0","0","0","0","0","0","0","0","0","0","0","0","0","0","0","0","0"
"00001454","화순용곡마을","00000071","228(구151화순사평)","20221003","0","0","0","0","0","0","0","0","0","0","0","0","0","0","0","0","0","0","0","0","0","0","0","0","0","0","0","0","0","0","0","0","0","0","0","0","0","0","0","0","0","0","0","0","0","0","0","0"
"00001454","화순용곡마을","00000122","228(화순전대병원)","20221003","0","0","0","0","0","0","0","0","0","0","0","0","0","0","0","0","0","0","0","0","0","0","0","0","0","0","0","0","0","0","0","0","0","0","0","0","0","0","0","0","0","0","0","0","0","0","0","0"
"00001455","동구문화센터","00000006","지원15","20221003","1","3","4","3","1","3","4","3","0","0","0","0","0","0","0","0","0","1","0","1","0","1","0","1","0","0","0","0","0","0","0","0","0","0","2","0","0","0","1","0","0","0","1","0","0","0","0","0"
"00001455","동구문화센터","00000012","지원25","20221003","2","2","2","2","2","2","2","2","0","0","0","0","0","0","0","0","1","1","0","1","1","1","0","1","0","0","0","0","0","0","0","0","0","0","0","0","0","0","0","0","0","0","0","0","0","0","0","0"
"00001455","동구문화센터","00000023","지원45","20221003","2","3","4","3","2","3","3","3","0","0","1","0","0","0","0","0","4","1","1","1","4","1","1","1","0","0","0","0","0","0","0","0","0","0","0","0","0","0","0","0","0","0","0","0","0","0","0","0"
"00001455","동구문화센터","00000027","지원52","20221003","0","0","0","0","0","0","0","0","0","0","0","0","0","0","0","0","1","0","2","0","1","0","2","0","0","0","0","0","0","0","0","0","0","0","0","0","0","0","0","0","0","0","0","0","0","0","0","0"
"00001455","동구문화센터","00000071","228(구151화순사평)","20221003","0","0","0","0","0","0","0","0","0","0","0","0","0","0","0","0","2","0","0","0","2","0","0","0","0","0","0","0","0","0","0","0","0","0","0","0","0","0","0","0","0","0","0","0","0","0","0","0"
"00001455","동구문화센터","00000072","지원152(능주역)","20221003","1","1","0","1","1","1","0","1","0","0","0","0","0","0","0","0","2","2","0","2","2","2","0","2","0","0","0","0","0","0","0","0","0","0","0","0","0","0","0","0","0","0","0","0","0","0","0","0"
"00001455","동구문화센터","00000122","228(화순전대병원)","20221003","0","6","3","6","0","1","3","1","0","0","0","0","0","5","0","5","0","1","2","1","0","1","1","1","0","0","0","0","0","0","1","0","0","0","0","0","0","0","0","0","0","0","0","0","0","0","0","0"
"00001455","동구문화센터","00000123","지원152(도웅리)","20221003","0","2","1","2","0","2","0","2","0","0","0","0","0","0","1","0","0","0","3","0","0","0","3","0","0","0","0","0","0","0","0","0","0","0","0","0","0","0","0","0","0","0","0","0","0","0","0","0"
"00001456","동구문화센터","00000006","지원15","20221003","2","0","0","0","1","0","0","0","0","0","0","0","1","0","0","0","0","4","0","4","0","2","0","2","0","1","0","1","0","1","0","1","0","0","0","0","0","0","0","0","0","0","0","0","0","0","0","0"
"00001456","동구문화센터","00000012","지원25","20221003","0","0","0","0","0","0","0","0","0","0","0","0","0","0","0","0","0","0","0","0","0","0","0","0","0","0","0","0","0","0","0","0","0","0","0","0","0","0","0","0","0","0","0","0","0","0","0","0"
"00001456","동구문화센터","00000023","지원45","20221003","0","0","1","0","0","0","1","0","0","0","0","0","0","0","0","0","0","0","1","0","0","0","0","0","0","0","1","0","0","0","0","0","0","0","0","0","0","0","0","0","0","0","0","0","0","0","0","0"
"00001456","동구문화센터","00000027","지원52","20221003","1","0","0","0","1","0","0","0","0","0","0","0","0","0","0","0","0","0","0","0","0","0","0","0","0","0","0","0","0","0","0","0","0","0","0","0","0","0","0","0","0","0","0","0","0","0","0","0"
"00001456","동구문화센터","00000071","228(구151화순사평)","20221003","0","0","0","0","0","0","0","0","0","0","0","0","0","0","0","0","1","0","0","0","1","0","0","0","0","0","0","0","0","0","0","0","0","0","0","0","0","0","0","0","0","0","0","0","0","0","0","0"
"00001456","동구문화센터","00000072","지원152(능주역)","20221003","3","0","0","0","2","0","0","0","1","0","0","0","0","0","0","0","0","0","0","0","0","0","0","0","0","0","0","0","0","0","0","0","0","0","0","0","0","0","0","0","0","0","0","0","0","0","0","0"
"00001456","동구문화센터","00000122","228(화순전대병원)","20221003","0","0","0","0","0","0","0","0","0","0","0","0","0","0","0","0","0","0","0","0","0","0","0","0","0","0","0","0","0","0","0","0","0","0","0","0","0","0","0","0","0","0","0","0","0","0","0","0"
"00001456","동구문화센터","00000123","지원152(도웅리)","20221003","1","0","3","0","1","0","1","0","0","0","0","0","0","0","2","0","0","0","0","0","0","0","0","0","0","0","0","0","0","0","0","0","0","0","0","0","0","0","0","0","0","0","0","0","0","0","0","0"
"00001457","일동초교","00000031","419","20221003","4","2","2","2","4","2","2","2","0","0","0","0","0","0","0","0","0","0","0","0","0","0","0","0","0","0","0","0","0","0","0","0","0","0","0","0","0","0","0","0","0","0","0","0","0","0","0","0"
"00001458","일동초교","00000031","419","20221003","0","0","0","0","0","0","0","0","0","0","0","0","0","0","0","0","0","0","0","0","0","0","0","0","0","0","0","0","0","0","0","0","0","0","0","0","0","0","0","0","0","0","0","0","0","0","0","0"
"00001459","오치한전(북)","00000029","운림54","20221003","28","17","11","17","27","16","11","16","1","0","0","0","0","1","0","1","11","13","9","13","11","12","9","12","0","0","0","0","0","1","0","1","2","0","3","0","2","0","3","0","0","0","0","0","0","0","0","0"
"00001460","오치한전","00000004","진월07","20221003","39","27","28","27","39","26","24","26","0","0","0","0","0","1","4","1","5","12","8","12","5","9","6","9","0","1","0","1","0","2","2","2","3","3","2","3","3","3","2","3","0","0","0","0","0","0","0","0"
"00001460","오치한전","00000006","지원15","20221003","1","6","2","6","0","5","2","5","0","0","0","0","1","1","0","1","3","0","5","0","3","0","5","0","0","0","0","0","0","0","0","0","0","0","0","0","0","0","0","0","0","0","0","0","0","0","0","0"
"00001460","오치한전","00000010","송정19","20221003","4","12","5","12","4","11","3","11","0","0","1","0","0","1","1","1","3","2","3","2","3","1","2","1","0","0","0","0","0","1","1","1","3","1","2","1","3","1","2","1","0","0","0","0","0","0","0","0"
"00001460","오치한전","00000015","일곡28","20221003","5","9","12","9","5","9","12","9","0","0","0","0","0","0","0","0","12","8","7","8","12","6","7","6","0","0","0","0","0","2","0","2","0","2","1","2","0","2","1","2","0","0","0","0","0","0","0","0"
"00001460","오치한전","00000018","운림35","20221003","4","4","5","4","3","4","5","4","0","0","0","0","1","0","0","0","4","1","2","1","4","1","2","1","0","0","0","0","0","0","0","0","1","0","0","0","1","0","0","0","0","0","0","0","0","0","0","0"
"00001460","오치한전","00000020","일곡38","20221003","5","7","6","7","5","6","5","6","0","0","0","0","0","1","1","1","1","1","0","1","1","1","0","1","0","0","0","0","0","0","0","0","1","0","0","0","1","0","0","0","0","0","0","0","0","0","0","0"
"00001460","오치한전","00000077","용전184","20221003","0","0","0","0","0","0","0","0","0","0","0","0","0","0","0","0","1","2","1","2","1","2","1","2","0","0","0","0","0","0","0","0","0","0","1","0","0","0","1","0","0","0","0","0","0","0","0","0"
"00001460","오치한전","00000213","마을788","20221003","0","1","1","1","0","1","1","1","0","0","0","0","0","0","0","0","1","1","2","1","1","1","2","1","0","0","0","0","0","0","0","0","0","0","0","0","0","0","0","0","0","0","0","0","0","0","0","0"
"00001461","오치한전","00000004","진월07","20221003","4","9","11","9","4","9","9","9","0","0","0","0","0","0","2","0","4","6","26","6","4","6","22","6","0","0","1","0","0","0","3","0","12","6","13","6","12","6","12","6","0","0","0","0","0","0","1","0"
"00001461","오치한전","00000006","지원15","20221003","4","4","2","4","4","4","2","4","0","0","0","0","0","0","0","0","0","1","0","1","0","1","0","1","0","0","0","0","0","0","0","0","1","2","6","2","1","2","6","2","0","0","0","0","0","0","0","0"
"00001461","오치한전","00000010","송정19","20221003","3","3","3","3","3","3","3","3","0","0","0","0","0","0","0","0","0","1","8","1","0","1","8","1","0","0","0","0","0","0","0","0","1","4","6","4","1","4","5","4","0","0","0","0","0","0","1","0"
"00001461","오치한전","00000015","일곡28","20221003","1","2","3","2","1","2","3","2","0","0","0","0","0","0","0","0","1","4","5","4","1","4","4","4","0","0","0","0","0","0","1","0","4","0","2","0","4","0","2","0","0","0","0","0","0","0","0","0"
"00001461","오치한전","00000018","운림35","20221003","0","0","2","0","0","0","1","0","0","0","0","0","0","0","1","0","2","0","3","0","2","0","3","0","0","0","0","0","0","0","0","0","1","2","4","2","1","2","3","2","0","0","0","0","0","0","1","0"
"00001461","오치한전","00000020","일곡38","20221003","3","0","0","0","3","0","0","0","0","0","0","0","0","0","0","0","1","2","1","2","1","2","1","2","0","0","0","0","0","0","0","0","2","1","2","1","2","1","2","1","0","0","0","0","0","0","0","0"
"00001461","오치한전","00000029","운림54","20221003","1","4","5","4","1","4","5","4","0","0","0","0","0","0","0","0","12","5","17","5","12","4","17","4","0","0","0","0","0","1","0","1","3","4","12","4","3","3","10","3","0","0","1","0","0","1","1","1"
"00001461","오치한전","00000077","용전184","20221003","7","0","0","0","7","0","0","0","0","0","0","0","0","0","0","0","0","0","0","0","0","0","0","0","0","0","0","0","0","0","0","0","4","0","1","0","4","0","1","0","0","0","0","0","0","0","0","0"
"00001461","오치한전","00000213","마을788","20221003","1","0","1","0","1","0","1","0","0","0","0","0","0","0","0","0","0","0","0","0","0","0","0","0","0","0","0","0","0","0","0","0","0","0","0","0","0","0","0","0","0","0","0","0","0","0","0","0"
"00001463","소촌서라아파트","00000019","봉선37","20221003","2","0","3","0","2","0","2","0","0","0","0","0","0","0","1","0","1","1","0","1","1","1","0","1","0","0","0","0","0","0","0","0","0","1","0","1","0","1","0","1","0","0","0","0","0","0","0","0"
"00001463","소촌서라아파트","00000036","상무62(상무역행)","20221003","3","2","0","2","3","2","0","2","0","0","0","0","0","0","0","0","1","0","0","0","1","0","0","0","0","0","0","0","0","0","0","0","0","0","0","0","0","0","0","0","0","0","0","0","0","0","0","0"
"00001463","소촌서라아파트","00000195","마을720","20221003","0","1","1","1","0","1","1","1","0","0","0","0","0","0","0","0","1","0","1","0","1","0","1","0","0","0","0","0","0","0","0","0","0","0","0","0","0","0","0","0","0","0","0","0","0","0","0","0"
"00001463","소촌서라아파트","00000203","마을700","20221003","1","3","0","3","1","2","0","2","0","0","0","0","0","1","0","1","5","0","0","0","5","0","0","0","0","0","0","0","0","0","0","0","0","0","0","0","0","0","0","0","0","0","0","0","0","0","0","0"
"00001464","소촌서라아파트","00000019","봉선37","20221003","4","5","8","5","3","4","8","4","1","0","0","0","0","1","0","1","0","0","1","0","0","0","1","0","0","0","0","0","0","0","0","0","0","0","1","0","0","0","1","0","0","0","0","0","0","0","0","0"
"00001464","소촌서라아파트","00000127","상무62","20221003","1","2","0","2","1","1","0","1","0","0","0","0","0","1","0","1","0","0","0","0","0","0","0","0","0","0","0","0","0","0","0","0","0","1","1","1","0","1","1","1","0","0","0","0","0","0","0","0"
"00001464","소촌서라아파트","00000195","마을720","20221003","2","2","2","2","2","1","1","1","0","1","0","1","0","0","1","0","0","1","1","1","0","1","1","1","0","0","0","0","0","0","0","0","0","0","0","0","0","0","0","0","0","0","0","0","0","0","0","0"
"00001464","소촌서라아파트","00000203","마을700","20221003","6","2","5","2","4","1","4","1","0","0","0","0","2","1","1","1","0","1","2","1","0","1","2","1","0","0","0","0","0","0","0","0","0","0","0","0","0","0","0","0","0","0","0","0","0","0","0","0"
"00001465","오치한전옆","00000051","문흥80","20221003","0","0","0","0","0","0","0","0","0","0","0","0","0","0","0","0","4","1","3","1","4","1","3","1","0","0","0","0","0","0","0","0","0","0","0","0","0","0","0","0","0","0","0","0","0","0","0","0"
"00001466","오치한전옆","00000051","문흥80","20221003","0","0","0","0","0","0","0","0","0","0","0","0","0","0","0","0","0","1","1","1","0","1","1","1","0","0","0","0","0","0","0","0","0","0","0","0","0","0","0","0","0","0","0","0","0","0","0","0"
"00001467","전대동창회관","00000024","송암47","20221003","1","0","5","0","1","0","5","0","0","0","0","0","0","0","0","0","0","0","1","0","0","0","1","0","0","0","0","0","0","0","0","0","0","0","0","0","0","0","0","0","0","0","0","0","0","0","0","0"
"00001467","전대동창회관","00000112","순환01(운천저수지)","20221003","8","7","6","7","7","6","6","6","1","0","0","0","0","1","0","1","1","1","1","1","1","1","1","1","0","0","0","0","0","0","0","0","1","0","0","0","1","0","0","0","0","0","0","0","0","0","0","0"
"00001468","전대동창회관","00000001","순환01(시청행)","20221003","8","2","3","2","8","2","3","2","0","0","0","0","0","0","0","0","0","3","2","3","0","3","2","3","0","0","0","0","0","0","0","0","0","0","0","0","0","0","0","0","0","0","0","0","0","0","0","0"
"00001468","전대동창회관","00000024","송암47","20221003","1","1","5","1","1","1","5","1","0","0","0","0","0","0","0","0","1","2","1","2","1","2","1","2","0","0","0","0","0","0","0","0","0","0","0","0","0","0","0","0","0","0","0","0","0","0","0","0"
"00001469","해태아파트","00000024","송암47","20221003","2","5","2","5","2","4","2","4","0","1","0","1","0","0","0","0","1","2","0","2","1","2","0","2","0","0","0","0","0","0","0","0","0","1","1","1","0","0","1","0","0","0","0","0","0","1","0","1"
"00001469","해태아파트","00000038","상무64","20221003","2","3","2","3","2","3","1","3","0","0","0","0","0","0","1","0","0","0","0","0","0","0","0","0","0","0","0","0","0","0","0","0","0","0","0","0","0","0","0","0","0","0","0","0","0","0","0","0"
"00001469","해태아파트","00000043","송암72","20221003","4","1","0","1","4","1","0","1","0","0","0","0","0","0","0","0","2","1","2","1","2","1","2","1","0","0","0","0","0","0","0","0","0","0","0","0","0","0","0","0","0","0","0","0","0","0","0","0"
"00001469","해태아파트","00000088","금호36","20221003","10","19","6","19","10","15","6","15","0","2","0","2","0","2","0","2","1","0","1","0","1","0","1","0","0","0","0","0","0","0","0","0","0","1","0","1","0","1","0","1","0","0","0","0","0","0","0","0"
"00001469","해태아파트","00000115","선운14","20221003","0","0","2","0","0","0","2","0","0","0","0","0","0","0","0","0","1","0","0","0","1","0","0","0","0","0","0","0","0","0","0","0","0","0","0","0","0","0","0","0","0","0","0","0","0","0","0","0"
"00001470","해태아파트","00000024","송암47","20221003","1","3","2","3","1","2","2","2","0","0","0","0","0","1","0","1","1","2","0","2","0","2","0","2","0","0","0","0","1","0","0","0","0","0","0","0","0","0","0","0","0","0","0","0","0","0","0","0"
"00001470","해태아파트","00000038","상무64","20221003","8","4","2","4","7","4","2","4","0","0","0","0","1","0","0","0","3","0","0","0","3","0","0","0","0","0","0","0","0","0","0","0","0","0","0","0","0","0","0","0","0","0","0","0","0","0","0","0"
"00001470","해태아파트","00000043","송암72","20221003","2","2","0","2","2","2","0","2","0","0","0","0","0","0","0","0","1","0","1","0","1","0","1","0","0","0","0","0","0","0","0","0","0","0","0","0","0","0","0","0","0","0","0","0","0","0","0","0"
"00001470","해태아파트","00000088","금호36","20221003","2","4","5","4","2","3","5","3","0","0","0","0","0","1","0","1","0","1","1","1","0","1","1","1","0","0","0","0","0","0","0","0","0","0","0","0","0","0","0","0","0","0","0","0","0","0","0","0"
"00001470","해태아파트","00000115","선운14","20221003","4","2","3","2","4","2","3","2","0","0","0","0","0","0","0","0","0","1","1","1","0","1","1","1","0","0","0","0","0","0","0","0","2","0","0","0","1","0","0","0","0","0","0","0","1","0","0","0"
"00001471","해태제과","00000055","용전84","20221003","1","0","0","0","1","0","0","0","0","0","0","0","0","0","0","0","0","0","0","0","0","0","0","0","0","0","0","0","0","0","0","0","0","0","0","0","0","0","0","0","0","0","0","0","0","0","0","0"
"00001471","해태제과","00000056","용전85","20221003","2","0","1","0","2","0","1","0","0","0","0","0","0","0","0","0","0","0","0","0","0","0","0","0","0","0","0","0","0","0","0","0","0","0","0","0","0","0","0","0","0","0","0","0","0","0","0","0"
"00001471","해태제과","00000065","첨단95","20221003","2","5","1","5","2","5","1","5","0","0","0","0","0","0","0","0","1","0","0","0","1","0","0","0","0","0","0","0","0","0","0","0","0","0","1","0","0","0","1","0","0","0","0","0","0","0","0","0"
"00001471","해태제과","00000108","송정33","20221003","1","0","0","0","1","0","0","0","0","0","0","0","0","0","0","0","0","0","0","0","0","0","0","0","0","0","0","0","0","0","0","0","0","0","0","0","0","0","0","0","0","0","0","0","0","0","0","0"
"00001471","해태제과","00000120","양산60","20221003","1","1","2","1","1","1","2","1","0","0","0","0","0","0","0","0","0","0","0","0","0","0","0","0","0","0","0","0","0","0","0","0","0","0","0","0","0","0","0","0","0","0","0","0","0","0","0","0"
"00001472","해태제과","00000055","용전84","20221003","0","4","0","4","0","3","0","3","0","1","0","1","0","0","0","0","0","1","0","1","0","0","0","0","0","0","0","0","0","1","0","1","0","0","0","0","0","0","0","0","0","0","0","0","0","0","0","0"
"00001472","해태제과","00000056","용전85","20221003","0","1","0","1","0","1","0","1","0","0","0","0","0","0","0","0","0","0","0","0","0","0","0","0","0","0","0","0","0","0","0","0","0","0","0","0","0","0","0","0","0","0","0","0","0","0","0","0"
"00001472","해태제과","00000065","첨단95","20221003","0","0","0","0","0","0","0","0","0","0","0","0","0","0","0","0","0","0","1","0","0","0","1","0","0","0","0","0","0","0","0","0","0","0","0","0","0","0","0","0","0","0","0","0","0","0","0","0"
"00001472","해태제과","00000108","송정33","20221003","0","0","0","0","0","0","0","0","0","0","0","0","0","0","0","0","0","0","0","0","0","0","0","0","0","0","0","0","0","0","0","0","0","0","0","0","0","0","0","0","0","0","0","0","0","0","0","0"
"00001472","해태제과","00000120","양산60","20221003","0","0","0","0","0","0","0","0","0","0","0","0","0","0","0","0","0","0","0","0","0","0","0","0","0","0","0","0","0","0","0","0","0","0","0","0","0","0","0","0","0","0","0","0","0","0","0","0"
"00001473","목련마을8단지","00000059","임곡89","20221003","3","0","0","0","3","0","0","0","0","0","0","0","0","0","0","0","1","0","0","0","1","0","0","0","0","0","0","0","0","0","0","0","0","0","0","0","0","0","0","0","0","0","0","0","0","0","0","0"
"00001473","목련마을8단지","00000064","첨단94","20221003","0","0","0","0","0","0","0","0","0","0","0","0","0","0","0","0","0","0","0","0","0","0","0","0","0","0","0","0","0","0","0","0","0","0","0","0","0","0","0","0","0","0","0","0","0","0","0","0"
"00001473","목련마을8단지","00000068","송정98","20221003","5","6","7","6","5","6","5","6","0","0","1","0","0","0","1","0","1","0","0","0","1","0","0","0","0","0","0","0","0","0","0","0","1","1","0","1","1","1","0","1","0","0","0","0","0","0","0","0"
"00001473","목련마을8단지","00000090","문흥39","20221003","1","2","5","2","1","1","5","1","0","0","0","0","0","1","0","1","0","1","1","1","0","1","1","1","0","0","0","0","0","0","0","0","1","0","0","0","1","0","0","0","0","0","0","0","0","0","0","0"
"00001473","목련마을8단지","00000108","송정33","20221003","4","8","2","8","4","5","2","5","0","2","0","2","0","1","0","1","0","0","1","0","0","0","0","0","0","0","0","0","0","0","1","0","0","0","0","0","0","0","0","0","0","0","0","0","0","0","0","0"
"00001474","엔씨백화점","00000004","진월07","20221003","4","4","19","4","4","4","18","4","0","0","0","0","0","0","1","0","5","10","11","10","5","10","9","10","0","0","0","0","0","0","2","0","0","1","1","1","0","1","1","1","0","0","0","0","0","0","0","0"
"00001474","엔씨백화점","00000017","첨단30","20221003","1","1","8","1","1","1","8","1","0","0","0","0","0","0","0","0","2","2","2","2","2","2","2","2","0","0","0","0","0","0","0","0","0","0","0","0","0","0","0","0","0","0","0","0","0","0","0","0"
"00001474","엔씨백화점","00000033","금남58","20221003","2","3","5","3","1","3","5","3","0","0","0","0","1","0","0","0","0","2","3","2","0","2","3","2","0","0","0","0","0","0","0","0","0","1","0","1","0","1","0","1","0","0","0","0","0","0","0","0"
"00001474","엔씨백화점","00000039","유덕65","20221003","0","0","0","0","0","0","0","0","0","0","0","0","0","0","0","0","0","0","0","0","0","0","0","0","0","0","0","0","0","0","0","0","0","0","0","0","0","0","0","0","0","0","0","0","0","0","0","0"
"00001474","엔씨백화점","00000043","송암72","20221003","1","0","4","0","1","0","4","0","0","0","0","0","0","0","0","0","4","3","1","3","4","3","1","3","0","0","0","0","0","0","0","0","0","0","0","0","0","0","0","0","0","0","0","0","0","0","0","0"
"00001474","엔씨백화점","00000059","임곡89","20221003","2","0","1","0","2","0","1","0","0","0","0","0","0","0","0","0","1","0","0","0","1","0","0","0","0","0","0","0","0","0","0","0","0","0","0","0","0","0","0","0","0","0","0","0","0","0","0","0"
"00001474","엔씨백화점","00000098","수완49","20221003","1","2","3","2","1","2","3","2","0","0","0","0","0","0","0","0","0","2","2","2","0","2","2","2","0","0","0","0","0","0","0","0","0","0","0","0","0","0","0","0","0","0","0","0","0","0","0","0"
"00001474","엔씨백화점","00000106","두암81(무등파크)","20221003","0","1","1","1","0","1","1","1","0","0","0","0","0","0","0","0","0","0","0","0","0","0","0","0","0","0","0","0","0","0","0","0","0","0","0","0","0","0","0","0","0","0","0","0","0","0","0","0"
"00001474","엔씨백화점","00000119","지원56","20221003","0","0","0","0","0","0","0","0","0","0","0","0","0","0","0","0","2","0","1","0","2","0","0","0","0","0","1","0","0","0","0","0","0","0","0","0","0","0","0","0","0","0","0","0","0","0","0","0"
"00001474","엔씨백화점","00000130","두암81","20221003","1","0","3","0","1","0","3","0","0","0","0","0","0","0","0","0","0","0","0","0","0","0","0","0","0","0","0","0","0","0","0","0","0","0","0","0","0","0","0","0","0","0","0","0","0","0","0","0"
"00001477","일동중","00000031","419","20221003","0","0","0","0","0","0","0","0","0","0","0","0","0","0","0","0","1","0","2","0","1","0","2","0","0","0","0","0","0","0","0","0","0","0","0","0","0","0","0","0","0","0","0","0","0","0","0","0"
"00001478","일곡청솔4차아파트","00000015","일곡28","20221003","21","11","11","11","20","11","9","11","1","0","1","0","0","0","1","0","0","0","0","0","0","0","0","0","0","0","0","0","0","0","0","0","0","0","0","0","0","0","0","0","0","0","0","0","0","0","0","0"
"00001478","일곡청솔4차아파트","00000077","용전184","20221003","1","0","0","0","1","0","0","0","0","0","0","0","0","0","0","0","0","0","1","0","0","0","1","0","0","0","0","0","0","0","0","0","0","0","0","0","0","0","0","0","0","0","0","0","0","0","0","0"
"00001479","일곡현대3차아파트","00000077","용전184","20221003","2","0","1","0","2","0","1","0","0","0","0","0","0","0","0","0","0","0","0","0","0","0","0","0","0","0","0","0","0","0","0","0","0","0","0","0","0","0","0","0","0","0","0","0","0","0","0","0"
"00001480","용봉현대3차아파트","00000038","상무64","20221003","0","0","0","0","0","0","0","0","0","0","0","0","0","0","0","0","1","1","2","1","1","1","1","1","0","0","0","0","0","0","1","0","0","0","0","0","0","0","0","0","0","0","0","0","0","0","0","0"
"00001480","용봉현대3차아파트","00000054","용봉83","20221003","0","0","0","0","0","0","0","0","0","0","0","0","0","0","0","0","0","0","0","0","0","0","0","0","0","0","0","0","0","0","0","0","0","0","0","0","0","0","0","0","0","0","0","0","0","0","0","0"
"00001481","용봉현대3차아파트","00000038","상무64","20221003","2","1","2","1","1","1","2","1","0","0","0","0","1","0","0","0","0","0","0","0","0","0","0","0","0","0","0","0","0","0","0","0","0","0","0","0","0","0","0","0","0","0","0","0","0","0","0","0"
"00001481","용봉현대3차아파트","00000054","용봉83","20221003","10","6","2","6","10","6","2","6","0","0","0","0","0","0","0","0","0","0","0","0","0","0","0","0","0","0","0","0","0","0","0","0","0","0","0","0","0","0","0","0","0","0","0","0","0","0","0","0"
"00001482","현대아파트","00000006","지원15","20221003","5","3","3","3","5","3","3","3","0","0","0","0","0","0","0","0","1","0","2","0","1","0","1","0","0","0","1","0","0","0","0","0","0","0","0","0","0","0","0","0","0","0","0","0","0","0","0","0"
"00001482","현대아파트","00000009","문흥18","20221003","15","14","14","14","15","12","12","12","0","0","1","0","0","2","1","2","2","3","3","3","2","3","3","3","0","0","0","0","0","0","0","0","1","1","0","1","1","1","0","1","0","0","0","0","0","0","0","0"
"00001482","현대아파트","00000018","운림35","20221003","10","5","12","5","10","5","10","5","0","0","1","0","0","0","1","0","0","1","0","1","0","1","0","1","0","0","0","0","0","0","0","0","0","0","0","0","0","0","0","0","0","0","0","0","0","0","0","0"
"00001482","현대아파트","00000029","운림54","20221003","51","42","22","42","47","40","21","40","0","0","0","0","4","2","1","2","2","4","4","4","2","4","4","4","0","0","0","0","0","0","0","0","1","0","0","0","1","0","0","0","0","0","0","0","0","0","0","0"
"00001483","현대아파트","00000006","지원15","20221003","5","6","3","6","5","6","3","6","0","0","0","0","0","0","0","0","1","0","1","0","1","0","1","0","0","0","0","0","0","0","0","0","0","1","0","1","0","1","0","1","0","0","0","0","0","0","0","0"
"00001483","현대아파트","00000009","문흥18","20221003","18","25","14","25","18","22","14","22","0","0","0","0","0","3","0","3","1","2","5","2","1","2","5","2","0","0","0","0","0","0","0","0","0","1","1","1","0","1","1","1","0","0","0","0","0","0","0","0"
"00001483","현대아파트","00000018","운림35","20221003","0","0","1","0","0","0","1","0","0","0","0","0","0","0","0","0","1","1","2","1","1","1","2","1","0","0","0","0","0","0","0","0","0","0","0","0","0","0","0","0","0","0","0","0","0","0","0","0"
"00001483","현대아파트","00000029","운림54","20221003","14","12","11","12","13","12","9","12","0","0","0","0","1","0","2","0","1","1","5","1","1","1","5","1","0","0","0","0","0","0","0","0","0","2","2","2","0","2","2","2","0","0","0","0","0","0","0","0"
"00001484","화정현대아파트","00000013","매월26","20221003","3","6","6","6","2","6","4","6","0","0","0","0","1","0","2","0","2","1","3","1","2","1","3","1","0","0","0","0","0","0","0","0","0","0","0","0","0","0","0","0","0","0","0","0","0","0","0","0"
"00001484","화정현대아파트","00000101","송암31","20221003","7","2","9","2","6","2","7","2","0","0","0","0","1","0","2","0","0","0","0","0","0","0","0","0","0","0","0","0","0","0","0","0","0","0","1","0","0","0","1","0","0","0","0","0","0","0","0","0"
"00001484","화정현대아파트","00000119","지원56","20221003","7","3","3","3","6","3","3","3","0","0","0","0","1","0","0","0","0","0","0","0","0","0","0","0","0","0","0","0","0","0","0","0","0","0","0","0","0","0","0","0","0","0","0","0","0","0","0","0"
"00001486","쌍촌현대아파트","00000038","상무64","20221003","3","4","2","4","3","3","1","3","0","0","0","0","0","1","1","1","0","1","3","1","0","1","3","1","0","0","0","0","0","0","0","0","0","0","0","0","0","0","0","0","0","0","0","0","0","0","0","0"
"00001486","쌍촌현대아파트","00000115","선운14","20221003","1","1","3","1","1","1","2","1","0","0","0","0","0","0","1","0","1","1","2","1","1","1","2","1","0","0","0","0","0","0","0","0","0","0","0","0","0","0","0","0","0","0","0","0","0","0","0","0"
"00001487","화정현대아파트","00000013","매월26","20221003","12","12","11","12","12","12","11","12","0","0","0","0","0","0","0","0","0","2","1","2","0","2","1","2","0","0","0","0","0","0","0","0","2","8","9","8","1","8","7","8","0","0","1","0","1","0","1","0"
"00001487","화정현대아파트","00000101","송암31","20221003","1","0","1","0","1","0","1","0","0","0","0","0","0","0","0","0","1","2","0","2","1","2","0","2","0","0","0","0","0","0","0","0","0","1","0","1","0","1","0","1","0","0","0","0","0","0","0","0"
"00001487","화정현대아파트","00000119","지원56","20221003","5","2","2","2","5","2","2","2","0","0","0","0","0","0","0","0","2","0","2","0","2","0","2","0","0","0","0","0","0","0","0","0","0","0","0","0","0","0","0","0","0","0","0","0","0","0","0","0"
"00001490","지상정밀","00000064","첨단94","20221003","1","0","0","0","1","0","0","0","0","0","0","0","0","0","0","0","0","0","0","0","0","0","0","0","0","0","0","0","0","0","0","0","0","0","0","0","0","0","0","0","0","0","0","0","0","0","0","0"
"00001491","서광주세무서","00000007","매월16","20221003","5","4","5","4","5","3","5","3","0","0","0","0","0","1","0","1","0","2","3","2","0","2","3","2","0","0","0","0","0","0","0","0","1","1","0","1","1","1","0","1","0","0","0","0","0","0","0","0"
"00001491","서광주세무서","00000010","송정19","20221003","1","5","4","5","1","5","4","5","0","0","0","0","0","0","0","0","2","4","4","4","2","4","4","4","0","0","0","0","0","0","0","0","1","1","2","1","1","1","2","1","0","0","0","0","0","0","0","0"
"00001491","서광주세무서","00000040","대촌69","20221003","0","1","0","1","0","1","0","1","0","0","0","0","0","0","0","0","0","0","0","0","0","0","0","0","0","0","0","0","0","0","0","0","0","0","0","0","0","0","0","0","0","0","0","0","0","0","0","0"
"00001491","서광주세무서","00000043","송암72","20221003","3","2","3","2","3","1","3","1","0","1","0","1","0","0","0","0","1","0","0","0","1","0","0","0","0","0","0","0","0","0","0","0","0","0","2","0","0","0","2","0","0","0","0","0","0","0","0","0"
"00001491","서광주세무서","00000201","마을760","20221003","4","1","3","1","2","1","3","1","1","0","0","0","1","0","0","0","0","0","0","0","0","0","0","0","0","0","0","0","0","0","0","0","0","1","0","1","0","1","0","1","0","0","0","0","0","0","0","0"
"00001493","서광주세무서","00000007","매월16","20221003","6","3","2","3","6","2","2","2","0","0","0","0","0","1","0","1","0","1","0","1","0","1","0","1","0","0","0","0","0","0","0","0","0","0","0","0","0","0","0","0","0","0","0","0","0","0","0","0"
"00001493","서광주세무서","00000010","송정19","20221003","7","5","9","5","6","5","9","5","0","0","0","0","1","0","0","0","0","0","0","0","0","0","0","0","0","0","0","0","0","0","0","0","0","0","0","0","0","0","0","0","0","0","0","0","0","0","0","0"
"00001493","서광주세무서","00000043","송암72","20221003","3","4","2","4","3","4","1","4","0","0","0","0","0","0","1","0","0","1","0","1","0","1","0","1","0","0","0","0","0","0","0","0","0","0","0","0","0","0","0","0","0","0","0","0","0","0","0","0"
"00001494","호남맨션","00000008","진월17","20221003","0","6","5","6","0","3","5","3","0","2","0","2","0","1","0","1","2","1","2","1","2","1","2","1","0","0","0","0","0","0","0","0","0","1","2","1","0","1","2","1","0","0","0","0","0","0","0","0"
"00001494","호남맨션","00000018","운림35","20221003","2","3","2","3","1","2","2","2","1","0","0","0","0","1","0","1","1","0","2","0","1","0","2","0","0","0","0","0","0","0","0","0","0","0","2","0","0","0","2","0","0","0","0","0","0","0","0","0"
"00001494","호남맨션","00000052","두암81(각화초교)","20221003","0","0","2","0","0","0","2","0","0","0","0","0","0","0","0","0","0","0","0","0","0","0","0","0","0","0","0","0","0","0","0","0","0","0","1","0","0","0","1","0","0","0","0","0","0","0","0","0"
"00001494","호남맨션","00000088","금호36","20221003","1","0","1","0","1","0","1","0","0","0","0","0","0","0","0","0","0","2","3","2","0","2","3","2","0","0","0","0","0","0","0","0","0","1","1","1","0","1","1","1","0","0","0","0","0","0","0","0"
"00001494","호남맨션","00000129","두암81(장등동)","20221003","0","0","0","0","0","0","0","0","0","0","0","0","0","0","0","0","0","1","0","1","0","1","0","1","0","0","0","0","0","0","0","0","0","0","0","0","0","0","0","0","0","0","0","0","0","0","0","0"
"00001495","호남맨션","00000008","진월17","20221003","4","3","6","3","2","3","6","3","1","0","0","0","1","0","0","0","5","1","1","1","5","1","1","1","0","0","0","0","0","0","0","0","0","0","1","0","0","0","1","0","0","0","0","0","0","0","0","0"
"00001495","호남맨션","00000018","운림35","20221003","2","3","3","3","2","3","3","3","0","0","0","0","0","0","0","0","0","0","0","0","0","0","0","0","0","0","0","0","0","0","0","0","0","1","0","1","0","1","0","1","0","0","0","0","0","0","0","0"
"00001495","호남맨션","00000088","금호36","20221003","9","5","0","5","9","5","0","5","0","0","0","0","0","0","0","0","0","3","0","3","0","3","0","3","0","0","0","0","0","0","0","0","0","0","0","0","0","0","0","0","0","0","0","0","0","0","0","0"
"00001495","호남맨션","00000106","두암81(무등파크)","20221003","0","0","0","0","0","0","0","0","0","0","0","0","0","0","0","0","0","1","0","1","0","1","0","1","0","0","0","0","0","0","0","0","1","0","0","0","1","0","0","0","0","0","0","0","0","0","0","0"
"00001495","호남맨션","00000130","두암81","20221003","0","0","1","0","0","0","1","0","0","0","0","0","0","0","0","0","2","0","0","0","2","0","0","0","0","0","0","0","0","0","0","0","0","0","0","0","0","0","0","0","0","0","0","0","0","0","0","0"
"00001497","상무호반3차","00000036","상무62(상무역행)","20221003","1","4","0","4","1","3","0","3","0","0","0","0","0","1","0","1","1","1","0","1","1","1","0","1","0","0","0","0","0","0","0","0","1","0","0","0","1","0","0","0","0","0","0","0","0","0","0","0"
"00001497","상무호반3차","00000037","상무63","20221003","2","3","0","3","1","0","0","0","0","1","0","1","1","2","0","2","0","0","0","0","0","0","0","0","0","0","0","0","0","0","0","0","1","0","0","0","1","0","0","0","0","0","0","0","0","0","0","0"
"00001497","상무호반3차","00000059","임곡89","20221003","0","1","1","1","0","0","1","0","0","0","0","0","0","1","0","1","0","0","0","0","0","0","0","0","0","0","0","0","0","0","0","0","0","0","0","0","0","0","0","0","0","0","0","0","0","0","0","0"
"00001497","상무호반3차","00000086","518","20221003","5","5","1","5","5","4","1","4","0","0","0","0","0","1","0","1","0","0","0","0","0","0","0","0","0","0","0","0","0","0","0","0","0","0","0","0","0","0","0","0","0","0","0","0","0","0","0","0"
"00001497","상무호반3차","00000095","금호46","20221003","1","5","6","5","1","5","5","5","0","0","0","0","0","0","1","0","0","1","0","1","0","1","0","1","0","0","0","0","0","0","0","0","0","1","1","1","0","1","1","1","0","0","0","0","0","0","0","0"
"00001497","상무호반3차","00000116","첨단22","20221003","6","5","3","5","6","3","2","3","0","1","0","1","0","1","1","1","1","1","0","1","1","1","0","1","0","0","0","0","0","0","0","0","0","1","2","1","0","1","2","1","0","0","0","0","0","0","0","0"
"00001497","상무호반3차","00000201","마을760","20221003","3","5","0","5","2","4","0","4","0","0","0","0","1","1","0","1","1","1","3","1","1","1","3","1","0","0","0","0","0","0","0","0","1","0","0","0","1","0","0","0","0","0","0","0","0","0","0","0"
"00001497","상무호반3차","00000214","마을799","20221003","0","2","0","2","0","0","0","0","0","0","0","0","0","2","0","2","0","0","0","0","0","0","0","0","0","0","0","0","0","0","0","0","0","0","0","0","0","0","0","0","0","0","0","0","0","0","0","0"
"00001498","첨단호반3차아파트","00000007","매월16","20221003","0","0","0","0","0","0","0","0","0","0","0","0","0","0","0","0","1","3","1","3","1","2","1","2","0","0","0","0","0","1","0","1","0","0","0","0","0","0","0","0","0","0","0","0","0","0","0","0"
"00001498","첨단호반3차아파트","00000026","운림51","20221003","1","2","3","2","1","2","1","2","0","0","0","0","0","0","2","0","0","1","0","1","0","1","0","1","0","0","0","0","0","0","0","0","0","0","0","0","0","0","0","0","0","0","0","0","0","0","0","0"
"00001498","첨단호반3차아파트","00000062","첨단92","20221003","0","0","1","0","0","0","1","0","0","0","0","0","0","0","0","0","0","0","0","0","0","0","0","0","0","0","0","0","0","0","0","0","0","0","0","0","0","0","0","0","0","0","0","0","0","0","0","0"
"00001498","첨단호반3차아파트","00000064","첨단94","20221003","0","2","0","2","0","2","0","2","0","0","0","0","0","0","0","0","0","0","0","0","0","0","0","0","0","0","0","0","0","0","0","0","0","0","0","0","0","0","0","0","0","0","0","0","0","0","0","0"
"00001498","첨단호반3차아파트","00000095","금호46","20221003","1","12","6","12","1","9","3","9","0","0","0","0","0","3","3","3","0","0","0","0","0","0","0","0","0","0","0","0","0","0","0","0","0","0","0","0","0","0","0","0","0","0","0","0","0","0","0","0"
"00001499","첨단호반3차아파트","00000007","매월16","20221003","8","20","2","20","8","18","2","18","0","2","0","2","0","0","0","0","0","0","0","0","0","0","0","0","0","0","0","0","0","0","0","0","0","0","0","0","0","0","0","0","0","0","0","0","0","0","0","0"
"00001499","첨단호반3차아파트","00000026","운림51","20221003","10","10","10","10","10","9","9","9","0","0","0","0","0","1","1","1","0","0","1","0","0","0","1","0","0","0","0","0","0","0","0","0","0","0","0","0","0","0","0","0","0","0","0","0","0","0","0","0"
"00001499","첨단호반3차아파트","00000062","첨단92","20221003","0","1","0","1","0","1","0","1","0","0","0","0","0","0","0","0","0","0","1","0","0","0","1","0","0","0","0","0","0","0","0","0","0","0","0","0","0","0","0","0","0","0","0","0","0","0","0","0"
"00001499","첨단호반3차아파트","00000064","첨단94","20221003","0","0","0","0","0","0","0","0","0","0","0","0","0","0","0","0","0","0","1","0","0","0","1","0","0","0","0","0","0","0","0","0","0","0","0","0","0","0","0","0","0","0","0","0","0","0","0","0"
"00001499","첨단호반3차아파트","00000095","금호46","20221003","0","0","1","0","0","0","1","0","0","0","0","0","0","0","0","0","2","2","2","2","2","2","2","2","0","0","0","0","0","0","0","0","0","0","0","0","0","0","0","0","0","0","0","0","0","0","0","0"
"00001500","비아호반아파트","00000011","첨단20","20221003","3","1","3","1","3","1","3","1","0","0","0","0","0","0","0","0","0","0","0","0","0","0","0","0","0","0","0","0","0","0","0","0","0","0","0","0","0","0","0","0","0","0","0","0","0","0","0","0"
"00001500","비아호반아파트","00000062","첨단92","20221003","0","0","0","0","0","0","0","0","0","0","0","0","0","0","0","0","0","0","0","0","0","0","0","0","0","0","0","0","0","0","0","0","0","0","0","0","0","0","0","0","0","0","0","0","0","0","0","0"
"00001501","첨단라인아파트","00000005","첨단09","20221003","12","12","12","12","11","12","10","12","0","0","0","0","1","0","2","0","2","3","1","3","1","2","1","2","0","1","0","1","1","0","0","0","4","7","1","7","4","6","1","6","0","0","0","0","0","1","0","1"
"00001501","첨단라인아파트","00000011","첨단20","20221003","0","0","0","0","0","0","0","0","0","0","0","0","0","0","0","0","4","5","3","5","4","4","3","4","0","0","0","0","0","1","0","1","0","0","0","0","0","0","0","0","0","0","0","0","0","0","0","0"
"00001501","첨단라인아파트","00000090","문흥39","20221003","0","0","0","0","0","0","0","0","0","0","0","0","0","0","0","0","0","1","0","1","0","1","0","1","0","0","0","0","0","0","0","0","0","0","0","0","0","0","0","0","0","0","0","0","0","0","0","0"
"00001501","첨단라인아파트","00000092","첨단40","20221003","0","0","0","0","0","0","0","0","0","0","0","0","0","0","0","0","0","1","0","1","0","1","0","1","0","0","0","0","0","0","0","0","0","0","0","0","0","0","0","0","0","0","0","0","0","0","0","0"
"00001501","첨단라인아파트","00000095","금호46","20221003","2","1","1","1","2","1","1","1","0","0","0","0","0","0","0","0","0","0","1","0","0","0","1","0","0","0","0","0","0","0","0","0","0","0","0","0","0","0","0","0","0","0","0","0","0","0","0","0"
"00001501","첨단라인아파트","00000096","일곡10","20221003","0","1","4","1","0","0","3","0","0","0","0","0","0","1","1","1","0","0","1","0","0","0","0","0","0","0","0","0","0","0","1","0","0","1","5","1","0","1","5","1","0","0","0","0","0","0","0","0"
"00001501","첨단라인아파트","00000117","첨단23","20221003","4","1","1","1","4","1","1","1","0","0","0","0","0","0","0","0","0","0","0","0","0","0","0","0","0","0","0","0","0","0","0","0","0","0","2","0","0","0","2","0","0","0","0","0","0","0","0","0"
"00001501","첨단라인아파트","00000195","마을720","20221003","1","0","3","0","1","0","2","0","0","0","0","0","0","0","1","0","0","0","0","0","0","0","0","0","0","0","0","0","0","0","0","0","0","0","0","0","0","0","0","0","0","0","0","0","0","0","0","0"
"00001502","송정호반아파트","00000010","송정19","20221003","0","1","0","1","0","1","0","1","0","0","0","0","0","0","0","0","0","0","0","0","0","0","0","0","0","0","0","0","0","0","0","0","0","0","0","0","0","0","0","0","0","0","0","0","0","0","0","0"
"00001502","송정호반아파트","00000023","지원45","20221003","0","0","0","0","0","0","0","0","0","0","0","0","0","0","0","0","0","0","0","0","0","0","0","0","0","0","0","0","0","0","0","0","0","0","0","0","0","0","0","0","0","0","0","0","0","0","0","0"
"00001502","송정호반아파트","00000044","송암73","20221003","0","1","0","1","0","1","0","1","0","0","0","0","0","0","0","0","0","0","0","0","0","0","0","0","0","0","0","0","0","0","0","0","0","0","0","0","0","0","0","0","0","0","0","0","0","0","0","0"
"00001502","송정호반아파트","00000066","송정96","20221003","0","0","0","0","0","0","0","0","0","0","0","0","0","0","0","0","0","1","0","1","0","1","0","1","0","0","0","0","0","0","0","0","0","0","0","0","0","0","0","0","0","0","0","0","0","0","0","0"
"00001502","송정호반아파트","00000081","진곡196","20221003","0","4","0","4","0","2","0","2","0","1","0","1","0","1","0","1","1","0","0","0","1","0","0","0","0","0","0","0","0","0","0","0","0","0","1","0","0","0","1","0","0","0","0","0","0","0","0","0"
"00001502","송정호반아파트","00000092","첨단40","20221003","1","1","0","1","1","1","0","1","0","0","0","0","0","0","0","0","0","0","0","0","0","0","0","0","0","0","0","0","0","0","0","0","0","0","0","0","0","0","0","0","0","0","0","0","0","0","0","0"
"00001502","송정호반아파트","00000203","마을700","20221003","0","0","1","0","0","0","0","0","0","0","0","0","0","0","1","0","0","1","1","1","0","1","1","1","0","0","0","0","0","0","0","0","0","0","0","0","0","0","0","0","0","0","0","0","0","0","0","0"
"00001503","송정호반아파트","00000010","송정19","20221003","0","0","0","0","0","0","0","0","0","0","0","0","0","0","0","0","0","0","0","0","0","0","0","0","0","0","0","0","0","0","0","0","0","0","0","0","0","0","0","0","0","0","0","0","0","0","0","0"
"00001503","송정호반아파트","00000023","지원45","20221003","0","0","0","0","0","0","0","0","0","0","0","0","0","0","0","0","0","0","0","0","0","0","0","0","0","0","0","0","0","0","0","0","0","0","0","0","0","0","0","0","0","0","0","0","0","0","0","0"
"00001503","송정호반아파트","00000044","송암73","20221003","0","0","0","0","0","0","0","0","0","0","0","0","0","0","0","0","0","0","0","0","0","0","0","0","0","0","0","0","0","0","0","0","0","0","0","0","0","0","0","0","0","0","0","0","0","0","0","0"
"00001503","송정호반아파트","00000066","송정96","20221003","0","0","1","0","0","0","0","0","0","0","0","0","0","0","1","0","0","0","0","0","0","0","0","0","0","0","0","0","0","0","0","0","0","0","0","0","0","0","0","0","0","0","0","0","0","0","0","0"
"00001503","송정호반아파트","00000081","진곡196","20221003","0","0","0","0","0","0","0","0","0","0","0","0","0","0","0","0","0","1","0","1","0","1","0","1","0","0","0","0","0","0","0","0","0","0","2","0","0","0","1","0","0","0","0","0","0","0","1","0"
"00001503","송정호반아파트","00000125","선운101","20221003","0","0","0","0","0","0","0","0","0","0","0","0","0","0","0","0","0","0","1","0","0","0","1","0","0","0","0","0","0","0","0","0","0","0","0","0","0","0","0","0","0","0","0","0","0","0","0","0"
"00001503","송정호반아파트","00000203","마을700","20221003","0","0","0","0","0","0","0","0","0","0","0","0","0","0","0","0","1","0","0","0","1","0","0","0","0","0","0","0","0","0","0","0","0","0","0","0","0","0","0","0","0","0","0","0","0","0","0","0"
"00001504","광주중","00000007","매월16","20221003","0","1","0","1","0","1","0","1","0","0","0","0","0","0","0","0","0","0","1","0","0","0","1","0","0","0","0","0","0","0","0","0","0","0","0","0","0","0","0","0","0","0","0","0","0","0","0","0"
"00001504","광주중","00000044","송암73","20221003","2","2","1","2","1","2","1","2","0","0","0","0","1","0","0","0","0","0","0","0","0","0","0","0","0","0","0","0","0","0","0","0","0","0","0","0","0","0","0","0","0","0","0","0","0","0","0","0"
"00001505","신창호반아파트","00000092","첨단40","20221003","0","0","0","0","0","0","0","0","0","0","0","0","0","0","0","0","0","0","0","0","0","0","0","0","0","0","0","0","0","0","0","0","0","0","0","0","0","0","0","0","0","0","0","0","0","0","0","0"
"00001506","광주중","00000007","매월16","20221003","5","3","4","3","5","3","2","3","0","0","2","0","0","0","0","0","0","0","0","0","0","0","0","0","0","0","0","0","0","0","0","0","0","0","0","0","0","0","0","0","0","0","0","0","0","0","0","0"
"00001506","광주중","00000044","송암73","20221003","0","0","0","0","0","0","0","0","0","0","0","0","0","0","0","0","0","0","0","0","0","0","0","0","0","0","0","0","0","0","0","0","0","0","0","0","0","0","0","0","0","0","0","0","0","0","0","0"
"00001507","비아호반아파트","00000011","첨단20","20221003","3","10","3","10","3","4","3","4","0","0","0","0","0","6","0","6","1","1","1","1","1","0","1","0","0","0","0","0","0","1","0","1","0","0","0","0","0","0","0","0","0","0","0","0","0","0","0","0"
"00001507","비아호반아파트","00000061","임곡91","20221003","0","0","2","0","0","0","2","0","0","0","0","0","0","0","0","0","0","0","0","0","0","0","0","0","0","0","0","0","0","0","0","0","0","0","0","0","0","0","0","0","0","0","0","0","0","0","0","0"
"00001507","비아호반아파트","00000062","첨단92","20221003","1","1","1","1","0","1","1","1","0","0","0","0","1","0","0","0","0","0","0","0","0","0","0","0","0","0","0","0","0","0","0","0","0","0","0","0","0","0","0","0","0","0","0","0","0","0","0","0"
"00001507","비아호반아파트","00000064","첨단94","20221003","2","0","1","0","2","0","1","0","0","0","0","0","0","0","0","0","0","0","0","0","0","0","0","0","0","0","0","0","0","0","0","0","0","0","0","0","0","0","0","0","0","0","0","0","0","0","0","0"
"00001508","첨단생활체육공원","00000007","매월16","20221003","2","3","0","3","2","3","0","3","0","0","0","0","0","0","0","0","0","0","1","0","0","0","1","0","0","0","0","0","0","0","0","0","1","0","0","0","1","0","0","0","0","0","0","0","0","0","0","0"
"00001508","첨단생활체육공원","00000017","첨단30","20221003","0","0","0","0","0","0","0","0","0","0","0","0","0","0","0","0","3","6","2","6","2","5","2","5","0","0","0","0","1","1","0","1","0","1","0","1","0","1","0","1","0","0","0","0","0","0","0","0"
"00001508","첨단생활체육공원","00000026","운림51","20221003","2","4","3","4","2","4","3","4","0","0","0","0","0","0","0","0","1","2","0","2","1","2","0","2","0","0","0","0","0","0","0","0","2","0","0","0","2","0","0","0","0","0","0","0","0","0","0","0"
"00001508","첨단생활체육공원","00000061","임곡91","20221003","0","0","0","0","0","0","0","0","0","0","0","0","0","0","0","0","1","0","0","0","1","0","0","0","0","0","0","0","0","0","0","0","0","0","0","0","0","0","0","0","0","0","0","0","0","0","0","0"
"00001508","첨단생활체육공원","00000108","송정33","20221003","1","0","2","0","1","0","2","0","0","0","0","0","0","0","0","0","0","1","0","1","0","1","0","1","0","0","0","0","0","0","0","0","0","0","0","0","0","0","0","0","0","0","0","0","0","0","0","0"
"00001509","첨단생활체육공원","00000007","매월16","20221003","0","0","0","0","0","0","0","0","0","0","0","0","0","0","0","0","0","0","2","0","0","0","2","0","0","0","0","0","0","0","0","0","0","0","0","0","0","0","0","0","0","0","0","0","0","0","0","0"
"00001509","첨단생활체육공원","00000017","첨단30","20221003","4","6","10","6","4","5","10","5","0","1","0","1","0","0","0","0","0","0","1","0","0","0","1","0","0","0","0","0","0","0","0","0","1","3","3","3","1","3","2","3","0","0","0","0","0","0","1","0"
"00001509","첨단생활체육공원","00000026","운림51","20221003","0","3","0","3","0","1","0","1","0","1","0","1","0","1","0","1","1","3","4","3","1","3","2","3","0","0","0","0","0","0","2","0","1","0","0","0","1","0","0","0","0","0","0","0","0","0","0","0"
"00001509","첨단생활체육공원","00000061","임곡91","20221003","0","0","0","0","0","0","0","0","0","0","0","0","0","0","0","0","0","0","0","0","0","0","0","0","0","0","0","0","0","0","0","0","0","0","0","0","0","0","0","0","0","0","0","0","0","0","0","0"
"00001509","첨단생활체육공원","00000108","송정33","20221003","2","2","2","2","2","2","1","2","0","0","0","0","0","0","1","0","0","0","0","0","0","0","0","0","0","0","0","0","0","0","0","0","0","2","1","2","0","2","0","2","0","0","0","0","0","0","1","0"
"00001510","홍림교","00000005","첨단09","20221003","0","2","2","2","0","2","1","2","0","0","0","0","0","0","1","0","0","1","1","1","0","1","1","1","0","0","0","0","0","0","0","0","0","0","0","0","0","0","0","0","0","0","0","0","0","0","0","0"
"00001510","홍림교","00000018","운림35","20221003","1","0","0","0","1","0","0","0","0","0","0","0","0","0","0","0","0","1","0","1","0","1","0","1","0","0","0","0","0","0","0","0","0","0","0","0","0","0","0","0","0","0","0","0","0","0","0","0"
"00001510","홍림교","00000025","운림50","20221003","0","1","0","1","0","1","0","1","0","0","0","0","0","0","0","0","0","1","0","1","0","1","0","1","0","0","0","0","0","0","0","0","0","0","0","0","0","0","0","0","0","0","0","0","0","0","0","0"
"00001510","홍림교","00000026","운림51","20221003","0","0","1","0","0","0","1","0","0","0","0","0","0","0","0","0","0","2","1","2","0","2","1","2","0","0","0","0","0","0","0","0","0","0","0","0","0","0","0","0","0","0","0","0","0","0","0","0"
"00001510","홍림교","00000029","운림54","20221003","0","0","0","0","0","0","0","0","0","0","0","0","0","0","0","0","1","0","1","0","1","0","1","0","0","0","0","0","0","0","0","0","0","0","0","0","0","0","0","0","0","0","0","0","0","0","0","0"
"00001510","홍림교","00000047","봉선76","20221003","1","2","0","2","1","2","0","2","0","0","0","0","0","0","0","0","0","0","0","0","0","0","0","0","0","0","0","0","0","0","0","0","0","0","0","0","0","0","0","0","0","0","0","0","0","0","0","0"
"00001510","홍림교","00000098","수완49","20221003","1","0","2","0","1","0","0","0","0","0","0","0","0","0","2","0","1","0","0","0","1","0","0","0","0","0","0","0","0","0","0","0","0","0","1","0","0","0","1","0","0","0","0","0","0","0","0","0"
"00001510","홍림교","00000102","수완12","20221003","0","0","0","0","0","0","0","0","0","0","0","0","0","0","0","0","0","2","0","2","0","2","0","2","0","0","0","0","0","0","0","0","0","0","0","0","0","0","0","0","0","0","0","0","0","0","0","0"
"00001510","홍림교","00000109","좌석02","20221003","0","0","0","0","0","0","0","0","0","0","0","0","0","0","0","0","0","0","0","0","0","0","0","0","0","0","0","0","0","0","0","0","0","0","0","0","0","0","0","0","0","0","0","0","0","0","0","0"
"00001511","홍림교","00000005","첨단09","20221003","4","11","28","11","4","11","28","11","0","0","0","0","0","0","0","0","0","1","1","1","0","1","1","1","0","0","0","0","0","0","0","0","0","0","0","0","0","0","0","0","0","0","0","0","0","0","0","0"
"00001511","홍림교","00000018","운림35","20221003","2","3","4","3","2","2","3","2","0","1","0","1","0","0","1","0","0","0","0","0","0","0","0","0","0","0","0","0","0","0","0","0","0","0","0","0","0","0","0","0","0","0","0","0","0","0","0","0"
"00001511","홍림교","00000025","운림50","20221003","1","5","7","5","1","5","5","5","0","0","0","0","0","0","2","0","0","1","0","1","0","1","0","1","0","0","0","0","0","0","0","0","0","0","0","0","0","0","0","0","0","0","0","0","0","0","0","0"
"00001511","홍림교","00000026","운림51","20221003","4","11","7","11","4","8","6","8","0","0","0","0","0","3","1","3","0","2","0","2","0","2","0","2","0","0","0","0","0","0","0","0","0","0","0","0","0","0","0","0","0","0","0","0","0","0","0","0"
"00001511","홍림교","00000029","운림54","20221003","8","16","21","16","8","15","15","15","0","0","0","0","0","1","6","1","2","4","2","4","2","4","2","4","0","0","0","0","0","0","0","0","0","1","0","1","0","1","0","1","0","0","0","0","0","0","0","0"
"00001511","홍림교","00000047","봉선76","20221003","0","1","1","1","0","1","0","1","0","0","0","0","0","0","1","0","0","0","0","0","0","0","0","0","0","0","0","0","0","0","0","0","0","0","0","0","0","0","0","0","0","0","0","0","0","0","0","0"
"00001511","홍림교","00000098","수완49","20221003","0","2","1","2","0","2","1","2","0","0","0","0","0","0","0","0","0","0","4","0","0","0","4","0","0","0","0","0","0","0","0","0","0","0","0","0","0","0","0","0","0","0","0","0","0","0","0","0"
"00001511","홍림교","00000102","수완12","20221003","3","1","1","1","3","1","0","1","0","0","0","0","0","0","1","0","0","2","1","2","0","2","0","2","0","0","0","0","0","0","1","0","1","0","0","0","1","0","0","0","0","0","0","0","0","0","0","0"
"00001511","홍림교","00000109","좌석02","20221003","0","2","2","2","0","2","2","2","0","0","0","0","0","0","0","0","0","0","0","0","0","0","0","0","0","0","0","0","0","0","0","0","0","0","0","0","0","0","0","0","0","0","0","0","0","0","0","0"
"00001512","화산(장성)","00000082","송정197","20221003","0","0","0","0","0","0","0","0","0","0","0","0","0","0","0","0","0","0","0","0","0","0","0","0","0","0","0","0","0","0","0","0","0","0","0","0","0","0","0","0","0","0","0","0","0","0","0","0"
"00001513","화순제일중","00000072","지원152(능주역)","20221003","0","0","0","0","0","0","0","0","0","0","0","0","0","0","0","0","0","0","0","0","0","0","0","0","0","0","0","0","0","0","0","0","0","0","0","0","0","0","0","0","0","0","0","0","0","0","0","0"
"00001513","화순제일중","00000123","지원152(도웅리)","20221003","0","0","0","0","0","0","0","0","0","0","0","0","0","0","0","0","0","0","0","0","0","0","0","0","0","0","0","0","0","0","0","0","0","0","0","0","0","0","0","0","0","0","0","0","0","0","0","0"
"00001515","화순광업소","00000071","228(구151화순사평)","20221003","0","0","0","0","0","0","0","0","0","0","0","0","0","0","0","0","0","0","0","0","0","0","0","0","0","0","0","0","0","0","0","0","0","0","0","0","0","0","0","0","0","0","0","0","0","0","0","0"
"00001516","화순교(남)","00000071","228(구151화순사평)","20221003","0","0","0","0","0","0","0","0","0","0","0","0","0","0","0","0","0","0","0","0","0","0","0","0","0","0","0","0","0","0","0","0","0","0","0","0","0","0","0","0","0","0","0","0","0","0","0","0"
"00001516","화순교(남)","00000122","228(화순전대병원)","20221003","0","0","0","0","0","0","0","0","0","0","0","0","0","0","0","0","0","0","0","0","0","0","0","0","0","0","0","0","0","0","0","0","0","0","0","0","0","0","0","0","0","0","0","0","0","0","0","0"
"00001517","화순교(남)","00000071","228(구151화순사평)","20221003","0","0","0","0","0","0","0","0","0","0","0","0","0","0","0","0","0","0","0","0","0","0","0","0","0","0","0","0","0","0","0","0","0","0","0","0","0","0","0","0","0","0","0","0","0","0","0","0"
"00001517","화순교(남)","00000122","228(화순전대병원)","20221003","0","0","0","0","0","0","0","0","0","0","0","0","0","0","0","0","0","0","0","0","0","0","0","0","0","0","0","0","0","0","0","0","0","0","0","0","0","0","0","0","0","0","0","0","0","0","0","0"
"00001518","화순교(동)","00000072","지원152(능주역)","20221003","0","0","0","0","0","0","0","0","0","0","0","0","0","0","0","0","0","0","0","0","0","0","0","0","0","0","0","0","0","0","0","0","0","0","0","0","0","0","0","0","0","0","0","0","0","0","0","0"
"00001518","화순교(동)","00000123","지원152(도웅리)","20221003","0","0","0","0","0","0","0","0","0","0","0","0","0","0","0","0","0","0","0","0","0","0","0","0","0","0","0","0","0","0","0","0","0","0","0","0","0","0","0","0","0","0","0","0","0","0","0","0"
"00001520","대리교통광장(서)","00000072","지원152(능주역)","20221003","0","0","0","0","0","0","0","0","0","0","0","0","0","0","0","0","0","0","0","0","0","0","0","0","0","0","0","0","0","0","0","0","0","0","0","0","0","0","0","0","0","0","0","0","0","0","0","0"
"00001520","대리교통광장(서)","00000123","지원152(도웅리)","20221003","0","0","0","0","0","0","0","0","0","0","0","0","0","0","0","0","0","0","0","0","0","0","0","0","0","0","0","0","0","0","0","0","0","0","0","0","0","0","0","0","0","0","0","0","0","0","0","0"
"00001521","화순군선거관리위원회","00000122","228(화순전대병원)","20221003","0","0","0","0","0","0","0","0","0","0","0","0","0","0","0","0","0","0","0","0","0","0","0","0","0","0","0","0","0","0","0","0","0","0","0","0","0","0","0","0","0","0","0","0","0","0","0","0"
"00001522","화순군선거관리위원회","00000071","228(구151화순사평)","20221003","0","0","0","0","0","0","0","0","0","0","0","0","0","0","0","0","0","0","0","0","0","0","0","0","0","0","0","0","0","0","0","0","0","0","0","0","0","0","0","0","0","0","0","0","0","0","0","0"
"00001522","화순군선거관리위원회","00000072","지원152(능주역)","20221003","0","0","0","0","0","0","0","0","0","0","0","0","0","0","0","0","0","0","0","0","0","0","0","0","0","0","0","0","0","0","0","0","0","0","0","0","0","0","0","0","0","0","0","0","0","0","0","0"
"00001522","화순군선거관리위원회","00000122","228(화순전대병원)","20221003","0","0","0","0","0","0","0","0","0","0","0","0","0","0","0","0","0","0","0","0","0","0","0","0","0","0","0","0","0","0","0","0","0","0","0","0","0","0","0","0","0","0","0","0","0","0","0","0"
"00001522","화순군선거관리위원회","00000123","지원152(도웅리)","20221003","0","0","0","0","0","0","0","0","0","0","0","0","0","0","0","0","0","0","0","0","0","0","0","0","0","0","0","0","0","0","0","0","0","0","0","0","0","0","0","0","0","0","0","0","0","0","0","0"
"00001523","화순부영3차아파트","00000071","228(구151화순사평)","20221003","0","0","0","0","0","0","0","0","0","0","0","0","0","0","0","0","0","0","0","0","0","0","0","0","0","0","0","0","0","0","0","0","0","0","0","0","0","0","0","0","0","0","0","0","0","0","0","0"
"00001523","화순부영3차아파트","00000122","228(화순전대병원)","20221003","0","0","0","0","0","0","0","0","0","0","0","0","0","0","0","0","0","0","0","0","0","0","0","0","0","0","0","0","0","0","0","0","0","0","0","0","0","0","0","0","0","0","0","0","0","0","0","0"
"00001524","화순부영3차아파트","00000071","228(구151화순사평)","20221003","1","0","0","0","0","0","0","0","1","0","0","0","0","0","0","0","0","0","0","0","0","0","0","0","0","0","0","0","0","0","0","0","0","0","0","0","0","0","0","0","0","0","0","0","0","0","0","0"
"00001524","화순부영3차아파트","00000122","228(화순전대병원)","20221003","0","1","0","1","0","0","0","0","0","0","0","0","0","1","0","1","0","0","0","0","0","0","0","0","0","0","0","0","0","0","0","0","0","0","0","0","0","0","0","0","0","0","0","0","0","0","0","0"
"00001526","화순역","00000072","지원152(능주역)","20221003","0","0","0","0","0","0","0","0","0","0","0","0","0","0","0","0","0","0","0","0","0","0","0","0","0","0","0","0","0","0","0","0","0","0","0","0","0","0","0","0","0","0","0","0","0","0","0","0"
"00001526","화순역","00000123","지원152(도웅리)","20221003","0","0","0","0","0","0","0","0","0","0","0","0","0","0","0","0","0","0","0","0","0","0","0","0","0","0","0","0","0","0","0","0","0","0","0","0","0","0","0","0","0","0","0","0","0","0","0","0"
"00001528","화순우체국","00000072","지원152(능주역)","20221003","0","0","0","0","0","0","0","0","0","0","0","0","0","0","0","0","0","0","0","0","0","0","0","0","0","0","0","0","0","0","0","0","0","0","0","0","0","0","0","0","0","0","0","0","0","0","0","0"
"00001528","화순우체국","00000123","지원152(도웅리)","20221003","0","0","0","0","0","0","0","0","0","0","0","0","0","0","0","0","0","0","0","0","0","0","0","0","0","0","0","0","0","0","0","0","0","0","0","0","0","0","0","0","0","0","0","0","0","0","0","0"
"00001532","화순전남대병원","00000071","228(구151화순사평)","20221003","0","0","0","0","0","0","0","0","0","0","0","0","0","0","0","0","0","0","0","0","0","0","0","0","0","0","0","0","0","0","0","0","0","0","0","0","0","0","0","0","0","0","0","0","0","0","0","0"
"00001532","화순전남대병원","00000122","228(화순전대병원)","20221003","0","0","0","0","0","0","0","0","0","0","0","0","0","0","0","0","0","0","1","0","0","0","1","0","0","0","0","0","0","0","0","0","0","0","0","0","0","0","0","0","0","0","0","0","0","0","0","0"
"00001533","화순전남대병원","00000071","228(구151화순사평)","20221003","1","0","0","0","1","0","0","0","0","0","0","0","0","0","0","0","0","0","0","0","0","0","0","0","0","0","0","0","0","0","0","0","0","0","0","0","0","0","0","0","0","0","0","0","0","0","0","0"
"00001533","화순전남대병원","00000122","228(화순전대병원)","20221003","0","0","0","0","0","0","0","0","0","0","0","0","0","0","0","0","0","0","0","0","0","0","0","0","0","0","0","0","0","0","0","0","0","0","0","0","0","0","0","0","0","0","0","0","0","0","0","0"
"00001534","화순전남대병원입구","00000071","228(구151화순사평)","20221003","0","0","0","0","0","0","0","0","0","0","0","0","0","0","0","0","0","0","0","0","0","0","0","0","0","0","0","0","0","0","0","0","0","0","0","0","0","0","0","0","0","0","0","0","0","0","0","0"
"00001534","화순전남대병원입구","00000122","228(화순전대병원)","20221003","0","0","1","0","0","0","1","0","0","0","0","0","0","0","0","0","0","0","0","0","0","0","0","0","0","0","0","0","0","0","0","0","0","0","0","0","0","0","0","0","0","0","0","0","0","0","0","0"
"00001535","화순전남대병원입구","00000071","228(구151화순사평)","20221003","0","0","0","0","0","0","0","0","0","0","0","0","0","0","0","0","0","0","0","0","0","0","0","0","0","0","0","0","0","0","0","0","0","0","0","0","0","0","0","0","0","0","0","0","0","0","0","0"
"00001535","화순전남대병원입구","00000122","228(화순전대병원)","20221003","0","0","0","0","0","0","0","0","0","0","0","0","0","0","0","0","0","0","0","0","0","0","0","0","0","0","0","0","0","0","0","0","0","0","0","0","0","0","0","0","0","0","0","0","0","0","0","0"
"00001537","화순중(남)","00000072","지원152(능주역)","20221003","2","0","0","0","1","0","0","0","0","0","0","0","1","0","0","0","0","0","0","0","0","0","0","0","0","0","0","0","0","0","0","0","0","0","0","0","0","0","0","0","0","0","0","0","0","0","0","0"
"00001537","화순중(남)","00000123","지원152(도웅리)","20221003","0","1","4","1","0","0","2","0","0","0","0","0","0","1","2","1","0","0","2","0","0","0","0","0","0","0","0","0","0","0","2","0","0","0","0","0","0","0","0","0","0","0","0","0","0","0","0","0"
"00001538","화순터미널","00000072","지원152(능주역)","20221003","1","0","0","0","1","0","0","0","0","0","0","0","0","0","0","0","0","0","0","0","0","0","0","0","0","0","0","0","0","0","0","0","0","0","0","0","0","0","0","0","0","0","0","0","0","0","0","0"
"00001538","화순터미널","00000123","지원152(도웅리)","20221003","0","4","0","4","0","0","0","0","0","3","0","3","0","1","0","1","0","0","0","0","0","0","0","0","0","0","0","0","0","0","0","0","0","0","0","0","0","0","0","0","0","0","0","0","0","0","0","0"
"00001539","화암","00000087","1187","20221003","0","0","0","0","0","0","0","0","0","0","0","0","0","0","0","0","0","0","0","0","0","0","0","0","0","0","0","0","0","0","0","0","0","0","0","0","0","0","0","0","0","0","0","0","0","0","0","0"
"00001540","화암","00000078","충효187","20221003","0","1","0","1","0","1","0","1","0","0","0","0","0","0","0","0","0","0","0","0","0","0","0","0","0","0","0","0","0","0","0","0","0","0","0","0","0","0","0","0","0","0","0","0","0","0","0","0"
"00001540","화암","00000087","1187","20221003","0","4","7","4","0","4","7","4","0","0","0","0","0","0","0","0","0","0","0","0","0","0","0","0","0","0","0","0","0","0","0","0","0","0","0","0","0","0","0","0","0","0","0","0","0","0","0","0"
"00001540","화암","00000097","1187-1","20221003","0","0","0","0","0","0","0","0","0","0","0","0","0","0","0","0","0","0","0","0","0","0","0","0","0","0","0","0","0","0","0","0","0","0","0","0","0","0","0","0","0","0","0","0","0","0","0","0"
"00001541","학운초교","00000025","운림50","20221003","0","0","0","0","0","0","0","0","0","0","0","0","0","0","0","0","0","2","0","2","0","2","0","2","0","0","0","0","0","0","0","0","0","0","0","0","0","0","0","0","0","0","0","0","0","0","0","0"
"00001541","학운초교","00000026","운림51","20221003","0","0","0","0","0","0","0","0","0","0","0","0","0","0","0","0","0","1","3","1","0","1","3","1","0","0","0","0","0","0","0","0","0","0","0","0","0","0","0","0","0","0","0","0","0","0","0","0"
"00001541","학운초교","00000029","운림54","20221003","0","0","0","0","0","0","0","0","0","0","0","0","0","0","0","0","0","1","0","1","0","1","0","1","0","0","0","0","0","0","0","0","0","0","0","0","0","0","0","0","0","0","0","0","0","0","0","0"
"00001541","학운초교","00000047","봉선76","20221003","0","0","0","0","0","0","0","0","0","0","0","0","0","0","0","0","0","1","0","1","0","1","0","1","0","0","0","0","0","0","0","0","0","0","0","0","0","0","0","0","0","0","0","0","0","0","0","0"
"00001542","염주사거리(서)","00000007","매월16","20221003","2","1","4","1","2","1","4","1","0","0","0","0","0","0","0","0","1","0","0","0","1","0","0","0","0","0","0","0","0","0","0","0","0","0","0","0","0","0","0","0","0","0","0","0","0","0","0","0"
"00001542","염주사거리(서)","00000011","첨단20","20221003","0","0","1","0","0","0","1","0","0","0","0","0","0","0","0","0","1","0","2","0","1","0","2","0","0","0","0","0","0","0","0","0","0","0","0","0","0","0","0","0","0","0","0","0","0","0","0","0"
"00001542","염주사거리(서)","00000024","송암47","20221003","2","3","6","3","2","3","6","3","0","0","0","0","0","0","0","0","1","0","0","0","1","0","0","0","0","0","0","0","0","0","0","0","0","0","1","0","0","0","1","0","0","0","0","0","0","0","0","0"
"00001543","화정남초교","00000034","금남59","20221003","2","7","1","7","2","7","1","7","0","0","0","0","0","0","0","0","1","0","0","0","1","0","0","0","0","0","0","0","0","0","0","0","0","0","0","0","0","0","0","0","0","0","0","0","0","0","0","0"
"00001543","화정남초교","00000091","송암74","20221003","3","1","5","1","3","1","5","1","0","0","0","0","0","0","0","0","1","1","1","1","1","1","1","1","0","0","0","0","0","0","0","0","0","0","1","0","0","0","1","0","0","0","0","0","0","0","0","0"
"00001544","화정남초교","00000034","금남59","20221003","16","12","11","12","16","12","10","12","0","0","0","0","0","0","1","0","1","1","2","1","1","1","1","1","0","0","0","0","0","0","1","0","0","0","0","0","0","0","0","0","0","0","0","0","0","0","0","0"
"00001544","화정남초교","00000091","송암74","20221003","11","15","16","15","10","10","12","10","0","2","0","2","1","3","4","3","0","0","0","0","0","0","0","0","0","0","0","0","0","0","0","0","0","0","0","0","0","0","0","0","0","0","0","0","0","0","0","0"
"00001545","화정역","00000010","송정19","20221003","4","2","3","2","4","2","3","2","0","0","0","0","0","0","0","0","0","3","1","3","0","3","1","3","0","0","0","0","0","0","0","0","1","2","2","2","1","2","2","2","0","0","0","0","0","0","0","0"
"00001545","화정역","00000119","지원56","20221003","0","4","2","4","0","1","1","1","0","2","0","2","0","1","1","1","5","1","2","1","5","1","2","1","0","0","0","0","0","0","0","0","0","0","6","0","0","0","5","0","0","0","0","0","0","0","1","0"
"00001546","화정역","00000010","송정19","20221003","1","4","2","4","1","4","0","4","0","0","0","0","0","0","2","0","1","0","2","0","1","0","2","0","0","0","0","0","0","0","0","0","0","1","0","1","0","1","0","1","0","0","0","0","0","0","0","0"
"00001546","화정역","00000119","지원56","20221003","3","1","2","1","3","1","2","1","0","0","0","0","0","0","0","0","0","0","0","0","0","0","0","0","0","0","0","0","0","0","0","0","1","0","2","0","1","0","2","0","0","0","0","0","0","0","0","0"
"00001549","화정사거리","00000013","매월26","20221003","6","8","4","8","6","8","2","8","0","0","1","0","0","0","1","0","0","2","1","2","0","2","1","2","0","0","0","0","0","0","0","0","0","2","2","2","0","2","2","2","0","0","0","0","0","0","0","0"
"00001549","화정사거리","00000101","송암31","20221003","5","2","4","2","3","1","4","1","1","0","0","0","1","1","0","1","0","0","0","0","0","0","0","0","0","0","0","0","0","0","0","0","4","0","2","0","4","0","2","0","0","0","0","0","0","0","0","0"
"00001550","화정사거리","00000013","매월26","20221003","10","10","8","10","10","5","4","5","0","1","2","1","0","4","2","4","5","7","3","7","5","6","3","6","0","0","0","0","0","1","0","1","0","0","1","0","0","0","1","0","0","0","0","0","0","0","0","0"
"00001550","화정사거리","00000101","송암31","20221003","0","0","1","0","0","0","1","0","0","0","0","0","0","0","0","0","2","2","4","2","1","2","4","2","1","0","0","0","0","0","0","0","0","0","1","0","0","0","1","0","0","0","0","0","0","0","0","0"
"00001551","유니버시아드힐스테이트","00000034","금남59","20221003","0","6","7","6","0","5","4","5","0","0","0","0","0","1","3","1","1","0","5","0","0","0","4","0","0","0","0","0","1","0","1","0","0","0","0","0","0","0","0","0","0","0","0","0","0","0","0","0"
"00001551","유니버시아드힐스테이트","00000035","매월61(칠석)","20221003","2","2","6","2","2","1","4","1","0","0","1","0","0","1","1","1","0","1","0","1","0","0","0","0","0","0","0","0","0","1","0","1","0","2","0","2","0","2","0","2","0","0","0","0","0","0","0","0"
"00001551","유니버시아드힐스테이트","00000044","송암73","20221003","9","4","8","4","9","1","4","1","0","2","0","2","0","1","4","1","1","1","1","1","1","1","1","1","0","0","0","0","0","0","0","0","0","0","0","0","0","0","0","0","0","0","0","0","0","0","0","0"
"00001551","유니버시아드힐스테이트","00000091","송암74","20221003","2","2","9","2","2","1","5","1","0","0","1","0","0","1","3","1","0","1","1","1","0","1","1","1","0","0","0","0","0","0","0","0","0","0","0","0","0","0","0","0","0","0","0","0","0","0","0","0"
"00001552","유니버시아드힐스테이트","00000034","금남59","20221003","10","9","4","9","9","9","4","9","0","0","0","0","1","0","0","0","1","1","2","1","1","1","2","1","0","0","0","0","0","0","0","0","0","0","0","0","0","0","0","0","0","0","0","0","0","0","0","0"
"00001552","유니버시아드힐스테이트","00000035","매월61(칠석)","20221003","5","12","8","12","5","8","4","8","0","2","2","2","0","2","2","2","0","0","0","0","0","0","0","0","0","0","0","0","0","0","0","0","0","0","0","0","0","0","0","0","0","0","0","0","0","0","0","0"
"00001552","유니버시아드힐스테이트","00000044","송암73","20221003","4","2","5","2","3","1","5","1","0","0","0","0","1","1","0","1","3","3","2","3","3","3","2","3","0","0","0","0","0","0","0","0","0","1","0","1","0","1","0","1","0","0","0","0","0","0","0","0"
"00001552","유니버시아드힐스테이트","00000091","송암74","20221003","3","6","13","6","3","6","8","6","0","0","0","0","0","0","5","0","1","0","1","0","1","0","1","0","0","0","0","0","0","0","0","0","0","0","0","0","0","0","0","0","0","0","0","0","0","0","0","0"
"00001553","화정중","00000013","매월26","20221003","0","2","5","2","0","2","2","2","0","0","0","0","0","0","3","0","1","4","4","4","1","3","4","3","0","0","0","0","0","1","0","1","3","1","0","1","3","0","0","0","0","0","0","0","0","1","0","1"
"00001553","화정중","00000034","금남59","20221003","1","3","3","3","1","1","3","1","0","1","0","1","0","1","0","1","1","1","0","1","1","1","0","1","0","0","0","0","0","0","0","0","0","0","0","0","0","0","0","0","0","0","0","0","0","0","0","0"
"00001553","화정중","00000035","매월61(칠석)","20221003","1","1","3","1","1","1","3","1","0","0","0","0","0","0","0","0","1","1","2","1","1","1","1","1","0","0","0","0","0","0","1","0","0","0","0","0","0","0","0","0","0","0","0","0","0","0","0","0"
"00001553","화정중","00000044","송암73","20221003","4","4","5","4","4","3","4","3","0","0","0","0","0","1","1","1","2","0","2","0","2","0","2","0","0","0","0","0","0","0","0","0","0","0","1","0","0","0","0","0","0","0","0","0","0","0","1","0"
"00001553","화정중","00000091","송암74","20221003","0","2","0","2","0","2","0","2","0","0","0","0","0","0","0","0","1","0","1","0","1","0","1","0","0","0","0","0","0","0","0","0","1","0","2","0","1","0","2","0","0","0","0","0","0","0","0","0"
"00001553","화정중","00000101","송암31","20221003","1","1","0","1","1","1","0","1","0","0","0","0","0","0","0","0","0","0","2","0","0","0","2","0","0","0","0","0","0","0","0","0","0","0","0","0","0","0","0","0","0","0","0","0","0","0","0","0"
"00001554","화정중","00000013","매월26","20221003","22","17","17","17","22","12","15","12","0","1","1","1","0","4","1","4","1","2","1","2","1","2","0","2","0","0","1","0","0","0","0","0","3","1","1","1","3","1","1","1","0","0","0","0","0","0","0","0"
"00001554","화정중","00000034","금남59","20221003","4","11","5","11","4","7","5","7","0","2","0","2","0","2","0","2","1","1","0","1","1","1","0","1","0","0","0","0","0","0","0","0","0","1","0","1","0","1","0","1","0","0","0","0","0","0","0","0"
"00001554","화정중","00000035","매월61(칠석)","20221003","4","3","2","3","4","3","2","3","0","0","0","0","0","0","0","0","0","1","0","1","0","1","0","1","0","0","0","0","0","0","0","0","0","0","0","0","0","0","0","0","0","0","0","0","0","0","0","0"
"00001554","화정중","00000044","송암73","20221003","2","1","2","1","1","1","0","1","0","0","0","0","1","0","2","0","2","1","0","1","2","1","0","1","0","0","0","0","0","0","0","0","0","0","1","0","0","0","0","0","0","0","1","0","0","0","0","0"
"00001554","화정중","00000091","송암74","20221003","5","11","4","11","5","7","4","7","0","2","0","2","0","2","0","2","0","3","2","3","0","2","2","2","0","1","0","1","0","0","0","0","0","0","0","0","0","0","0","0","0","0","0","0","0","0","0","0"
"00001554","화정중","00000101","송암31","20221003","0","4","1","4","0","3","1","3","0","0","0","0","0","1","0","1","0","1","2","1","0","1","2","1","0","0","0","0","0","0","0","0","0","1","0","1","0","1","0","1","0","0","0","0","0","0","0","0"
"00001556","화정중흥파크","00000012","지원25","20221003","5","3","5","3","5","3","5","3","0","0","0","0","0","0","0","0","1","0","5","0","1","0","5","0","0","0","0","0","0","0","0","0","1","1","3","1","1","0","3","0","0","0","0","0","0","1","0","1"
"00001556","화정중흥파크","00000019","봉선37","20221003","5","4","1","4","5","2","1","2","0","0","0","0","0","2","0","2","2","2","5","2","2","2","3","2","0","0","0","0","0","0","2","0","0","1","0","1","0","1","0","1","0","0","0","0","0","0","0","0"
"00001556","화정중흥파크","00000043","송암72","20221003","0","1","0","1","0","1","0","1","0","0","0","0","0","0","0","0","0","1","1","1","0","1","1","1","0","0","0","0","0","0","0","0","0","0","0","0","0","0","0","0","0","0","0","0","0","0","0","0"
"00001556","화정중흥파크","00000087","1187","20221003","2","1","3","1","2","1","3","1","0","0","0","0","0","0","0","0","0","2","1","2","0","2","1","2","0","0","0","0","0","0","0","0","2","0","0","0","2","0","0","0","0","0","0","0","0","0","0","0"
"00001556","화정중흥파크","00000088","금호36","20221003","5","4","12","4","5","3","11","3","0","0","1","0","0","1","0","1","0","2","5","2","0","1","5","1","0","0","0","0","0","1","0","1","1","1","0","1","1","1","0","1","0","0","0","0","0","0","0","0"
"00001556","화정중흥파크","00000090","문흥39","20221003","3","2","5","2","3","2","5","2","0","0","0","0","0","0","0","0","2","0","4","0","2","0","3","0","0","0","0","0","0","0","1","0","0","0","0","0","0","0","0","0","0","0","0","0","0","0","0","0"
"00001556","화정중흥파크","00000102","수완12","20221003","5","3","2","3","5","3","2","3","0","0","0","0","0","0","0","0","3","4","3","4","2","4","3","4","0","0","0","0","1","0","0","0","1","1","1","1","1","1","1","1","0","0","0","0","0","0","0","0"
"00001556","화정중흥파크","00000111","송암68","20221003","3","2","3","2","2","2","3","2","0","0","0","0","1","0","0","0","1","2","0","2","1","2","0","2","0","0","0","0","0","0","0","0","1","0","0","0","1","0","0","0","0","0","0","0","0","0","0","0"
"00001557","화정중흥파크","00000012","지원25","20221003","2","1","6","1","2","1","6","1","0","0","0","0","0","0","0","0","3","8","3","8","3","8","3","8","0","0","0","0","0","0","0","0","0","2","4","2","0","2","4","2","0","0","0","0","0","0","0","0"
"00001557","화정중흥파크","00000019","봉선37","20221003","7","3","7","3","7","3","6","3","0","0","0","0","0","0","1","0","0","9","2","9","0","9","2","9","0","0","0","0","0","0","0","0","3","6","7","6","3","5","7","5","0","0","0","0","0","1","0","1"
"00001557","화정중흥파크","00000043","송암72","20221003","0","1","1","1","0","1","1","1","0","0","0","0","0","0","0","0","0","0","0","0","0","0","0","0","0","0","0","0","0","0","0","0","0","1","0","1","0","1","0","1","0","0","0","0","0","0","0","0"
"00001557","화정중흥파크","00000087","1187","20221003","0","0","2","0","0","0","2","0","0","0","0","0","0","0","0","0","1","3","0","3","1","3","0","3","0","0","0","0","0","0","0","0","0","0","0","0","0","0","0","0","0","0","0","0","0","0","0","0"
"00001557","화정중흥파크","00000088","금호36","20221003","5","4","4","4","5","3","4","3","0","0","0","0","0","1","0","1","3","0","7","0","3","0","6","0","0","0","0","0","0","0","1","0","1","0","0","0","1","0","0","0","0","0","0","0","0","0","0","0"
"00001557","화정중흥파크","00000090","문흥39","20221003","2","2","8","2","2","2","5","2","0","0","0","0","0","0","3","0","1","1","5","1","1","1","5","1","0","0","0","0","0","0","0","0","1","3","7","3","1","3","6","3","0","0","0","0","0","0","1","0"
"00001557","화정중흥파크","00000102","수완12","20221003","4","5","7","5","4","5","7","5","0","0","0","0","0","0","0","0","2","4","4","4","2","3","2","3","0","0","0","0","0","1","2","1","5","3","6","3","5","3","5","3","0","0","0","0","0","0","1","0"
"00001557","화정중흥파크","00000111","송암68","20221003","0","1","0","1","0","1","0","1","0","0","0","0","0","0","0","0","2","2","1","2","2","2","1","2","0","0","0","0","0","0","0","0","3","0","3","0","3","0","3","0","0","0","0","0","0","0","0","0"
"00001559","오선동","00000011","첨단20","20221003","1","1","4","1","1","1","4","1","0","0","0","0","0","0","0","0","2","0","0","0","2","0","0","0","0","0","0","0","0","0","0","0","0","0","0","0","0","0","0","0","0","0","0","0","0","0","0","0"
"00001559","오선동","00000062","첨단92","20221003","0","1","0","1","0","1","0","1","0","0","0","0","0","0","0","0","0","1","0","1","0","1","0","1","0","0","0","0","0","0","0","0","0","0","0","0","0","0","0","0","0","0","0","0","0","0","0","0"
"00001560","황산","00000085","송정296","20221003","0","0","0","0","0","0","0","0","0","0","0","0","0","0","0","0","0","0","0","0","0","0","0","0","0","0","0","0","0","0","0","0","0","0","0","0","0","0","0","0","0","0","0","0","0","0","0","0"
"00001561","광주학생독립운동기념관","00000011","첨단20","20221003","3","3","5","3","3","2","4","2","0","1","0","1","0","0","1","0","0","1","0","1","0","1","0","1","0","0","0","0","0","0","0","0","0","0","0","0","0","0","0","0","0","0","0","0","0","0","0","0"
"00001561","광주학생독립운동기념관","00000025","운림50","20221003","2","0","1","0","2","0","1","0","0","0","0","0","0","0","0","0","0","1","0","1","0","1","0","1","0","0","0","0","0","0","0","0","0","0","0","0","0","0","0","0","0","0","0","0","0","0","0","0"
"00001561","광주학생독립운동기념관","00000035","매월61(칠석)","20221003","3","1","2","1","3","1","2","1","0","0","0","0","0","0","0","0","0","0","0","0","0","0","0","0","0","0","0","0","0","0","0","0","0","0","0","0","0","0","0","0","0","0","0","0","0","0","0","0"
"00001561","광주학생독립운동기념관","00000044","송암73","20221003","1","5","6","5","1","4","4","4","0","0","0","0","0","1","2","1","0","1","0","1","0","1","0","1","0","0","0","0","0","0","0","0","0","0","0","0","0","0","0","0","0","0","0","0","0","0","0","0"
"00001561","광주학생독립운동기념관","00000048","진월77","20221003","1","0","2","0","1","0","2","0","0","0","0","0","0","0","0","0","2","0","0","0","2","0","0","0","0","0","0","0","0","0","0","0","0","0","0","0","0","0","0","0","0","0","0","0","0","0","0","0"
"00001561","광주학생독립운동기념관","00000088","금호36","20221003","3","7","1","7","3","7","1","7","0","0","0","0","0","0","0","0","1","2","2","2","1","2","2","2","0","0","0","0","0","0","0","0","0","0","1","0","0","0","1","0","0","0","0","0","0","0","0","0"
"00001563","동부교육청","00000031","419","20221003","0","0","0","0","0","0","0","0","0","0","0","0","0","0","0","0","1","1","0","1","1","1","0","1","0","0","0","0","0","0","0","0","0","0","0","0","0","0","0","0","0","0","0","0","0","0","0","0"
"00001563","동부교육청","00000077","용전184","20221003","0","0","0","0","0","0","0","0","0","0","0","0","0","0","0","0","0","0","0","0","0","0","0","0","0","0","0","0","0","0","0","0","0","0","0","0","0","0","0","0","0","0","0","0","0","0","0","0"
"00001564","동부교육청","00000031","419","20221003","0","0","1","0","0","0","1","0","0","0","0","0","0","0","0","0","0","0","0","0","0","0","0","0","0","0","0","0","0","0","0","0","0","0","0","0","0","0","0","0","0","0","0","0","0","0","0","0"
"00001564","동부교육청","00000077","용전184","20221003","1","0","0","0","1","0","0","0","0","0","0","0","0","0","0","0","0","0","0","0","0","0","0","0","0","0","0","0","0","0","0","0","0","0","0","0","0","0","0","0","0","0","0","0","0","0","0","0"
"00001566","흑석","00000060","임곡90","20221003","0","0","2","0","0","0","2","0","0","0","0","0","0","0","0","0","0","0","0","0","0","0","0","0","0","0","0","0","0","0","0","0","0","0","0","0","0","0","0","0","0","0","0","0","0","0","0","0"
"00001568","흑석사거리(동)","00000059","임곡89","20221003","0","0","2","0","0","0","1","0","0","0","1","0","0","0","0","0","1","0","0","0","1","0","0","0","0","0","0","0","0","0","0","0","0","0","0","0","0","0","0","0","0","0","0","0","0","0","0","0"
"00001568","흑석사거리(동)","00000062","첨단92","20221003","0","0","0","0","0","0","0","0","0","0","0","0","0","0","0","0","0","0","1","0","0","0","1","0","0","0","0","0","0","0","0","0","0","0","0","0","0","0","0","0","0","0","0","0","0","0","0","0"
"00001568","흑석사거리(동)","00000064","첨단94","20221003","0","0","1","0","0","0","1","0","0","0","0","0","0","0","0","0","0","1","0","1","0","1","0","1","0","0","0","0","0","0","0","0","0","0","0","0","0","0","0","0","0","0","0","0","0","0","0","0"
"00001568","흑석사거리(동)","00000068","송정98","20221003","13","33","16","33","12","31","12","31","0","1","0","1","1","1","4","1","0","2","5","2","0","1","5","1","0","0","0","0","0","1","0","1","1","1","1","1","1","1","1","1","0","0","0","0","0","0","0","0"
"00001568","흑석사거리(동)","00000102","수완12","20221003","3","9","6","9","3","7","3","7","0","0","0","0","0","2","3","2","0","1","0","1","0","1","0","1","0","0","0","0","0","0","0","0","1","5","0","5","1","5","0","5","0","0","0","0","0","0","0","0"
"00001568","흑석사거리(동)","00000108","송정33","20221003","3","3","3","3","2","2","1","2","0","0","0","0","1","1","2","1","0","2","0","2","0","2","0","2","0","0","0","0","0","0","0","0","0","0","0","0","0","0","0","0","0","0","0","0","0","0","0","0"
"00001568","흑석사거리(동)","00000125","선운101","20221003","0","1","0","1","0","1","0","1","0","0","0","0","0","0","0","0","0","0","2","0","0","0","2","0","0","0","0","0","0","0","0","0","0","0","0","0","0","0","0","0","0","0","0","0","0","0","0","0"
"00001569","흑석사거리(서)","00000011","첨단20","20221003","0","1","1","1","0","1","1","1","0","0","0","0","0","0","0","0","1","1","0","1","1","1","0","1","0","0","0","0","0","0","0","0","1","1","0","1","1","1","0","1","0","0","0","0","0","0","0","0"
"00001569","흑석사거리(서)","00000059","임곡89","20221003","1","0","0","0","1","0","0","0","0","0","0","0","0","0","0","0","1","0","0","0","1","0","0","0","0","0","0","0","0","0","0","0","1","0","0","0","1","0","0","0","0","0","0","0","0","0","0","0"
"00001569","흑석사거리(서)","00000062","첨단92","20221003","1","0","0","0","1","0","0","0","0","0","0","0","0","0","0","0","0","0","0","0","0","0","0","0","0","0","0","0","0","0","0","0","0","0","0","0","0","0","0","0","0","0","0","0","0","0","0","0"
"00001569","흑석사거리(서)","00000064","첨단94","20221003","0","0","0","0","0","0","0","0","0","0","0","0","0","0","0","0","0","0","0","0","0","0","0","0","0","0","0","0","0","0","0","0","0","0","0","0","0","0","0","0","0","0","0","0","0","0","0","0"
"00001569","흑석사거리(서)","00000102","수완12","20221003","0","0","0","0","0","0","0","0","0","0","0","0","0","0","0","0","1","1","1","1","1","1","1","1","0","0","0","0","0","0","0","0","0","0","0","0","0","0","0","0","0","0","0","0","0","0","0","0"
"00001569","흑석사거리(서)","00000108","송정33","20221003","0","1","0","1","0","1","0","1","0","0","0","0","0","0","0","0","0","1","2","1","0","1","2","1","0","0","0","0","0","0","0","0","0","0","0","0","0","0","0","0","0","0","0","0","0","0","0","0"
"00001569","흑석사거리(서)","00000125","선운101","20221003","0","0","1","0","0","0","1","0","0","0","0","0","0","0","0","0","0","0","0","0","0","0","0","0","0","0","0","0","0","0","0","0","0","0","0","0","0","0","0","0","0","0","0","0","0","0","0","0"
"00001571","CBS방송국","00000023","지원45","20221003","6","8","2","8","5","7","2","7","0","0","0","0","1","1","0","1","1","0","1","0","1","0","1","0","0","0","0","0","0","0","0","0","0","1","0","1","0","1","0","1","0","0","0","0","0","0","0","0"
"00001571","CBS방송국","00000035","매월61(칠석)","20221003","5","2","1","2","5","2","1","2","0","0","0","0","0","0","0","0","0","1","2","1","0","1","2","1","0","0","0","0","0","0","0","0","1","0","0","0","1","0","0","0","0","0","0","0","0","0","0","0"
"00001571","CBS방송국","00000043","송암72","20221003","0","2","2","2","0","2","2","2","0","0","0","0","0","0","0","0","0","3","1","3","0","3","1","3","0","0","0","0","0","0","0","0","0","0","0","0","0","0","0","0","0","0","0","0","0","0","0","0"
"00001571","CBS방송국","00000048","진월77","20221003","0","0","2","0","0","0","0","0","0","0","0","0","0","0","2","0","0","0","0","0","0","0","0","0","0","0","0","0","0","0","0","0","0","0","1","0","0","0","1","0","0","0","0","0","0","0","0","0"
"00001571","CBS방송국","00000083","대촌270","20221003","0","0","0","0","0","0","0","0","0","0","0","0","0","0","0","0","0","0","0","0","0","0","0","0","0","0","0","0","0","0","0","0","0","0","0","0","0","0","0","0","0","0","0","0","0","0","0","0"
"00001571","CBS방송국","00000088","금호36","20221003","2","0","1","0","2","0","1","0","0","0","0","0","0","0","0","0","2","5","4","5","2","5","4","5","0","0","0","0","0","0","0","0","0","1","0","1","0","1","0","1","0","0","0","0","0","0","0","0"
"00001571","CBS방송국","00000095","금호46","20221003","0","3","0","3","0","3","0","3","0","0","0","0","0","0","0","0","0","1","1","1","0","1","1","1","0","0","0","0","0","0","0","0","0","0","0","0","0","0","0","0","0","0","0","0","0","0","0","0"
"00001571","CBS방송국","00000112","순환01(운천저수지)","20221003","2","7","8","7","2","6","7","6","0","1","0","1","0","0","1","0","0","0","4","0","0","0","4","0","0","0","0","0","0","0","0","0","0","1","1","1","0","1","1","1","0","0","0","0","0","0","0","0"
"00001571","CBS방송국","00000201","마을760","20221003","0","1","2","1","0","1","2","1","0","0","0","0","0","0","0","0","0","0","1","0","0","0","0","0","0","0","1","0","0","0","0","0","0","2","0","2","0","2","0","2","0","0","0","0","0","0","0","0"
"00001572","CBS방송국","00000001","순환01(시청행)","20221003","4","3","14","3","4","3","8","3","0","0","1","0","0","0","5","0","2","5","2","5","2","5","2","5","0","0","0","0","0","0","0","0","0","0","0","0","0","0","0","0","0","0","0","0","0","0","0","0"
"00001572","CBS방송국","00000023","지원45","20221003","5","11","5","11","4","9","4","9","0","0","0","0","1","2","1","2","2","2","3","2","2","2","3","2","0","0","0","0","0","0","0","0","0","1","1","1","0","1","1","1","0","0","0","0","0","0","0","0"
"00001572","CBS방송국","00000035","매월61(칠석)","20221003","5","9","8","9","5","9","7","9","0","0","0","0","0","0","1","0","1","2","1","2","1","2","1","2","0","0","0","0","0","0","0","0","0","1","0","1","0","1","0","1","0","0","0","0","0","0","0","0"
"00001572","CBS방송국","00000043","송암72","20221003","5","9","3","9","5","8","3","8","0","0","0","0","0","1","0","1","1","0","0","0","1","0","0","0","0","0","0","0","0","0","0","0","0","0","0","0","0","0","0","0","0","0","0","0","0","0","0","0"
"00001572","CBS방송국","00000048","진월77","20221003","0","0","1","0","0","0","1","0","0","0","0","0","0","0","0","0","0","0","0","0","0","0","0","0","0","0","0","0","0","0","0","0","0","0","0","0","0","0","0","0","0","0","0","0","0","0","0","0"
"00001572","CBS방송국","00000083","대촌270","20221003","0","1","0","1","0","1","0","1","0","0","0","0","0","0","0","0","0","1","0","1","0","1","0","1","0","0","0","0","0","0","0","0","0","0","0","0","0","0","0","0","0","0","0","0","0","0","0","0"
"00001572","CBS방송국","00000088","금호36","20221003","11","14","11","14","11","13","11","13","0","0","0","0","0","1","0","1","0","0","1","0","0","0","1","0","0","0","0","0","0","0","0","0","3","1","3","1","3","1","3","1","0","0","0","0","0","0","0","0"
"00001572","CBS방송국","00000095","금호46","20221003","8","14","1","14","8","7","1","7","0","0","0","0","0","7","0","7","1","0","0","0","1","0","0","0","0","0","0","0","0","0","0","0","0","0","0","0","0","0","0","0","0","0","0","0","0","0","0","0"
"00001572","CBS방송국","00000201","마을760","20221003","9","9","9","9","8","9","9","9","0","0","0","0","1","0","0","0","1","0","1","0","1","0","1","0","0","0","0","0","0","0","0","0","1","0","1","0","1","0","1","0","0","0","0","0","0","0","0","0"
"00001573","5.18기념공원","00000023","지원45","20221003","1","2","1","2","1","2","1","2","0","0","0","0","0","0","0","0","2","2","2","2","2","2","1","2","0","0","0","0","0","0","1","0","0","0","0","0","0","0","0","0","0","0","0","0","0","0","0","0"
"00001573","5.18기념공원","00000025","운림50","20221003","0","0","0","0","0","0","0","0","0","0","0","0","0","0","0","0","5","1","1","1","5","0","1","0","0","0","0","0","0","1","0","1","0","0","0","0","0","0","0","0","0","0","0","0","0","0","0","0"
"00001573","5.18기념공원","00000115","선운14","20221003","1","0","2","0","1","0","2","0","0","0","0","0","0","0","0","0","0","0","0","0","0","0","0","0","0","0","0","0","0","0","0","0","0","0","1","0","0","0","1","0","0","0","0","0","0","0","0","0"
"00001574","5.18기념공원","00000023","지원45","20221003","2","4","7","4","2","4","5","4","0","0","2","0","0","0","0","0","0","0","0","0","0","0","0","0","0","0","0","0","0","0","0","0","0","0","0","0","0","0","0","0","0","0","0","0","0","0","0","0"
"00001574","5.18기념공원","00000025","운림50","20221003","0","2","3","2","0","0","3","0","0","0","0","0","0","2","0","2","0","0","0","0","0","0","0","0","0","0","0","0","0","0","0","0","0","0","0","0","0","0","0","0","0","0","0","0","0","0","0","0"
"00001574","5.18기념공원","00000115","선운14","20221003","0","0","2","0","0","0","0","0","0","0","0","0","0","0","2","0","1","0","1","0","1","0","1","0","0","0","0","0","0","0","0","0","0","0","0","0","0","0","0","0","0","0","0","0","0","0","0","0"
"00001576","대성초교","00000003","매월06","20221003","6","6","6","6","5","6","6","6","0","0","0","0","1","0","0","0","0","2","2","2","0","2","2","2","0","0","0","0","0","0","0","0","0","0","0","0","0","0","0","0","0","0","0","0","0","0","0","0"
"00001576","대성초교","00000004","진월07","20221003","6","8","6","8","5","6","3","6","0","0","1","0","1","2","2","2","2","1","5","1","2","1","5","1","0","0","0","0","0","0","0","0","0","0","1","0","0","0","1","0","0","0","0","0","0","0","0","0"
"00001576","대성초교","00000023","지원45","20221003","7","3","7","3","7","3","6","3","0","0","0","0","0","0","1","0","1","1","0","1","1","1","0","1","0","0","0","0","0","0","0","0","0","2","1","2","0","2","1","2","0","0","0","0","0","0","0","0"
"00001576","대성초교","00000073","대촌170","20221003","2","2","0","2","2","2","0","2","0","0","0","0","0","0","0","0","0","0","0","0","0","0","0","0","0","0","0","0","0","0","0","0","0","0","0","0","0","0","0","0","0","0","0","0","0","0","0","0"
"00001576","대성초교","00000091","송암74","20221003","7","5","9","5","7","5","7","5","0","0","0","0","0","0","2","0","0","0","0","0","0","0","0","0","0","0","0","0","0","0","0","0","1","0","0","0","1","0","0","0","0","0","0","0","0","0","0","0"
"00001576","대성초교","00000102","수완12","20221003","1","3","5","3","1","3","5","3","0","0","0","0","0","0","0","0","0","0","9","0","0","0","8","0","0","0","0","0","0","0","1","0","1","0","0","0","1","0","0","0","0","0","0","0","0","0","0","0"
"00001577","KT&G광주공장","00000017","첨단30","20221003","2","2","5","2","2","1","5","1","0","0","0","0","0","1","0","1","0","1","0","1","0","1","0","1","0","0","0","0","0","0","0","0","0","0","0","0","0","0","0","0","0","0","0","0","0","0","0","0"
"00001577","KT&G광주공장","00000032","금남57","20221003","3","3","5","3","3","3","5","3","0","0","0","0","0","0","0","0","0","1","0","1","0","0","0","0","0","1","0","1","0","0","0","0","0","0","0","0","0","0","0","0","0","0","0","0","0","0","0","0"
"00001577","KT&G광주공장","00000055","용전84","20221003","2","3","0","3","2","3","0","3","0","0","0","0","0","0","0","0","0","0","0","0","0","0","0","0","0","0","0","0","0","0","0","0","0","1","0","1","0","1","0","1","0","0","0","0","0","0","0","0"
"00001577","KT&G광주공장","00000065","첨단95","20221003","2","5","7","5","2","2","5","2","0","2","0","2","0","1","2","1","0","3","1","3","0","1","0","1","0","0","0","0","0","2","1","2","0","0","0","0","0","0","0","0","0","0","0","0","0","0","0","0"
"00001577","KT&G광주공장","00000117","첨단23","20221003","2","2","1","2","2","2","1","2","0","0","0","0","0","0","0","0","1","0","0","0","1","0","0","0","0","0","0","0","0","0","0","0","0","2","0","2","0","0","0","0","0","0","0","0","0","2","0","2"
"00001577","KT&G광주공장","00000120","양산60","20221003","5","3","1","3","4","2","1","2","0","0","0","0","1","1","0","1","0","0","0","0","0","0","0","0","0","0","0","0","0","0","0","0","0","0","0","0","0","0","0","0","0","0","0","0","0","0","0","0"
"00001577","KT&G광주공장","00000213","마을788","20221003","1","2","2","2","1","2","2","2","0","0","0","0","0","0","0","0","0","0","0","0","0","0","0","0","0","0","0","0","0","0","0","0","0","0","0","0","0","0","0","0","0","0","0","0","0","0","0","0"
"00001578","KT&G광주공장","00000017","첨단30","20221003","4","2","5","2","3","2","4","2","0","0","0","0","1","0","1","0","1","0","0","0","1","0","0","0","0","0","0","0","0","0","0","0","0","0","0","0","0","0","0","0","0","0","0","0","0","0","0","0"
"00001578","KT&G광주공장","00000032","금남57","20221003","0","2","2","2","0","0","0","0","0","0","0","0","0","2","2","2","1","1","1","1","1","1","1","1","0","0","0","0","0","0","0","0","0","0","0","0","0","0","0","0","0","0","0","0","0","0","0","0"
"00001578","KT&G광주공장","00000055","용전84","20221003","0","0","0","0","0","0","0","0","0","0","0","0","0","0","0","0","1","0","1","0","1","0","1","0","0","0","0","0","0","0","0","0","0","0","0","0","0","0","0","0","0","0","0","0","0","0","0","0"
"00001578","KT&G광주공장","00000065","첨단95","20221003","0","0","0","0","0","0","0","0","0","0","0","0","0","0","0","0","1","1","3","1","1","1","2","1","0","0","1","0","0","0","0","0","0","0","1","0","0","0","1","0","0","0","0","0","0","0","0","0"
"00001578","KT&G광주공장","00000117","첨단23","20221003","1","2","0","2","1","1","0","1","0","1","0","1","0","0","0","0","0","0","1","0","0","0","1","0","0","0","0","0","0","0","0","0","0","0","0","0","0","0","0","0","0","0","0","0","0","0","0","0"
"00001578","KT&G광주공장","00000120","양산60","20221003","0","0","0","0","0","0","0","0","0","0","0","0","0","0","0","0","1","1","4","1","1","1","3","1","0","0","1","0","0","0","0","0","0","0","0","0","0","0","0","0","0","0","0","0","0","0","0","0"
"00001578","KT&G광주공장","00000213","마을788","20221003","1","0","0","0","1","0","0","0","0","0","0","0","0","0","0","0","0","0","1","0","0","0","1","0","0","0","0","0","0","0","0","0","0","0","0","0","0","0","0","0","0","0","0","0","0","0","0","0"
"00001579","김대중컨벤션센터(마륵)역","00000001","순환01(시청행)","20221003","0","0","0","0","0","0","0","0","0","0","0","0","0","0","0","0","0","1","0","1","0","1","0","1","0","0","0","0","0","0","0","0","1","0","0","0","1","0","0","0","0","0","0","0","0","0","0","0"
"00001579","김대중컨벤션센터(마륵)역","00000010","송정19","20221003","1","0","0","0","1","0","0","0","0","0","0","0","0","0","0","0","1","1","0","1","1","1","0","1","0","0","0","0","0","0","0","0","4","0","1","0","4","0","1","0","0","0","0","0","0","0","0","0"
"00001579","김대중컨벤션센터(마륵)역","00000011","첨단20","20221003","0","0","3","0","0","0","3","0","0","0","0","0","0","0","0","0","0","0","1","0","0","0","1","0","0","0","0","0","0","0","0","0","1","1","0","1","1","1","0","1","0","0","0","0","0","0","0","0"
"00001579","김대중컨벤션센터(마륵)역","00000020","일곡38","20221003","1","0","2","0","1","0","1","0","0","0","0","0","0","0","1","0","0","0","0","0","0","0","0","0","0","0","0","0","0","0","0","0","0","0","1","0","0","0","1","0","0","0","0","0","0","0","0","0"
"00001579","김대중컨벤션센터(마륵)역","00000025","운림50","20221003","1","0","0","0","1","0","0","0","0","0","0","0","0","0","0","0","0","0","0","0","0","0","0","0","0","0","0","0","0","0","0","0","0","1","0","1","0","1","0","1","0","0","0","0","0","0","0","0"
"00001579","김대중컨벤션센터(마륵)역","00000038","상무64","20221003","0","0","0","0","0","0","0","0","0","0","0","0","0","0","0","0","1","2","0","2","1","2","0","2","0","0","0","0","0","0","0","0","0","2","0","2","0","2","0","2","0","0","0","0","0","0","0","0"
"00001579","김대중컨벤션센터(마륵)역","00000040","대촌69","20221003","0","0","0","0","0","0","0","0","0","0","0","0","0","0","0","0","0","0","0","0","0","0","0","0","0","0","0","0","0","0","0","0","0","0","0","0","0","0","0","0","0","0","0","0","0","0","0","0"
"00001579","김대중컨벤션센터(마륵)역","00000044","송암73","20221003","0","0","0","0","0","0","0","0","0","0","0","0","0","0","0","0","0","0","1","0","0","0","1","0","0","0","0","0","0","0","0","0","0","3","2","3","0","3","2","3","0","0","0","0","0","0","0","0"
"00001579","김대중컨벤션센터(마륵)역","00000083","대촌270","20221003","0","0","0","0","0","0","0","0","0","0","0","0","0","0","0","0","0","2","0","2","0","2","0","2","0","0","0","0","0","0","0","0","0","0","0","0","0","0","0","0","0","0","0","0","0","0","0","0"
"00001579","김대중컨벤션센터(마륵)역","00000109","좌석02","20221003","2","0","4","0","2","0","4","0","0","0","0","0","0","0","0","0","0","0","1","0","0","0","1","0","0","0","0","0","0","0","0","0","0","0","1","0","0","0","1","0","0","0","0","0","0","0","0","0"
"00001579","김대중컨벤션센터(마륵)역","00000112","순환01(운천저수지)","20221003","0","0","0","0","0","0","0","0","0","0","0","0","0","0","0","0","1","1","0","1","1","1","0","1","0","0","0","0","0","0","0","0","0","0","1","0","0","0","1","0","0","0","0","0","0","0","0","0"
"00001579","김대중컨벤션센터(마륵)역","00000127","상무62","20221003","0","0","1","0","0","0","1","0","0","0","0","0","0","0","0","0","0","0","0","0","0","0","0","0","0","0","0","0","0","0","0","0","0","0","0","0","0","0","0","0","0","0","0","0","0","0","0","0"
"00001580","한국알프스","00000011","첨단20","20221003","3","3","6","3","3","3","6","3","0","0","0","0","0","0","0","0","0","0","0","0","0","0","0","0","0","0","0","0","0","0","0","0","0","0","0","0","0","0","0","0","0","0","0","0","0","0","0","0"
"00001580","한국알프스","00000081","진곡196","20221003","0","2","0","2","0","2","0","2","0","0","0","0","0","0","0","0","0","0","0","0","0","0","0","0","0","0","0","0","0","0","0","0","0","0","0","0","0","0","0","0","0","0","0","0","0","0","0","0"
"00001581","중소기업진흥공단호남연수원","00000058","석곡87","20221003","0","0","0","0","0","0","0","0","0","0","0","0","0","0","0","0","2","0","0","0","2","0","0","0","0","0","0","0","0","0","0","0","0","0","0","0","0","0","0","0","0","0","0","0","0","0","0","0"
"00001581","중소기업진흥공단호남연수원","00000086","518","20221003","0","0","0","0","0","0","0","0","0","0","0","0","0","0","0","0","0","0","0","0","0","0","0","0","0","0","0","0","0","0","0","0","0","0","0","0","0","0","0","0","0","0","0","0","0","0","0","0"
"00001583","월암","00000010","송정19","20221003","0","1","0","1","0","1","0","1","0","0","0","0","0","0","0","0","0","1","0","1","0","1","0","1","0","0","0","0","0","0","0","0","0","0","0","0","0","0","0","0","0","0","0","0","0","0","0","0"
"00001583","월암","00000011","첨단20","20221003","0","0","1","0","0","0","1","0","0","0","0","0","0","0","0","0","0","0","0","0","0","0","0","0","0","0","0","0","0","0","0","0","0","0","0","0","0","0","0","0","0","0","0","0","0","0","0","0"
"00001583","월암","00000020","일곡38","20221003","0","0","0","0","0","0","0","0","0","0","0","0","0","0","0","0","0","0","0","0","0","0","0","0","0","0","0","0","0","0","0","0","0","0","0","0","0","0","0","0","0","0","0","0","0","0","0","0"
"00001583","월암","00000025","운림50","20221003","0","0","0","0","0","0","0","0","0","0","0","0","0","0","0","0","0","0","0","0","0","0","0","0","0","0","0","0","0","0","0","0","0","0","0","0","0","0","0","0","0","0","0","0","0","0","0","0"
"00001583","월암","00000044","송암73","20221003","0","0","0","0","0","0","0","0","0","0","0","0","0","0","0","0","0","0","0","0","0","0","0","0","0","0","0","0","0","0","0","0","0","0","0","0","0","0","0","0","0","0","0","0","0","0","0","0"
"00001583","월암","00000127","상무62","20221003","0","0","0","0","0","0","0","0","0","0","0","0","0","0","0","0","1","0","0","0","1","0","0","0","0","0","0","0","0","0","0","0","0","0","0","0","0","0","0","0","0","0","0","0","0","0","0","0"
"00001584","동천우미린아파트","00000009","문흥18","20221003","2","7","5","7","2","7","5","7","0","0","0","0","0","0","0","0","3","7","6","7","3","5","5","5","0","0","0","0","0","2","1","2","0","2","0","2","0","1","0","1","0","0","0","0","0","1","0","1"
"00001584","동천우미린아파트","00000033","금남58","20221003","1","0","0","0","1","0","0","0","0","0","0","0","0","0","0","0","0","0","1","0","0","0","0","0","0","0","0","0","0","0","1","0","0","0","1","0","0","0","1","0","0","0","0","0","0","0","0","0"
"00001584","동천우미린아파트","00000037","상무63","20221003","1","0","0","0","1","0","0","0","0","0","0","0","0","0","0","0","0","0","1","0","0","0","0","0","0","0","0","0","0","0","1","0","0","0","0","0","0","0","0","0","0","0","0","0","0","0","0","0"
"00001584","동천우미린아파트","00000098","수완49","20221003","2","0","0","0","2","0","0","0","0","0","0","0","0","0","0","0","1","0","1","0","1","0","1","0","0","0","0","0","0","0","0","0","1","0","0","0","1","0","0","0","0","0","0","0","0","0","0","0"
"00001585","공군부대후문","00000010","송정19","20221003","0","0","0","0","0","0","0","0","0","0","0","0","0","0","0","0","0","0","0","0","0","0","0","0","0","0","0","0","0","0","0","0","0","0","0","0","0","0","0","0","0","0","0","0","0","0","0","0"
"00001585","공군부대후문","00000044","송암73","20221003","0","0","0","0","0","0","0","0","0","0","0","0","0","0","0","0","0","2","0","2","0","2","0","2","0","0","0","0","0","0","0","0","0","0","0","0","0","0","0","0","0","0","0","0","0","0","0","0"
"00001585","공군부대후문","00000081","진곡196","20221003","0","0","0","0","0","0","0","0","0","0","0","0","0","0","0","0","0","0","0","0","0","0","0","0","0","0","0","0","0","0","0","0","0","2","0","2","0","2","0","2","0","0","0","0","0","0","0","0"
"00001585","공군부대후문","00000092","첨단40","20221003","0","0","0","0","0","0","0","0","0","0","0","0","0","0","0","0","0","1","0","1","0","1","0","1","0","0","0","0","0","0","0","0","0","0","0","0","0","0","0","0","0","0","0","0","0","0","0","0"
"00001585","공군부대후문","00000125","선운101","20221003","0","0","0","0","0","0","0","0","0","0","0","0","0","0","0","0","0","0","0","0","0","0","0","0","0","0","0","0","0","0","0","0","0","0","0","0","0","0","0","0","0","0","0","0","0","0","0","0"
"00001585","공군부대후문","00000203","마을700","20221003","2","0","0","0","2","0","0","0","0","0","0","0","0","0","0","0","0","1","2","1","0","1","2","1","0","0","0","0","0","0","0","0","0","0","0","0","0","0","0","0","0","0","0","0","0","0","0","0"
"00001589","보문고","00000019","봉선37","20221003","2","0","0","0","2","0","0","0","0","0","0","0","0","0","0","0","2","0","5","0","2","0","4","0","0","0","1","0","0","0","0","0","0","0","1","0","0","0","1","0","0","0","0","0","0","0","0","0"
"00001589","보문고","00000020","일곡38","20221003","0","0","0","0","0","0","0","0","0","0","0","0","0","0","0","0","0","1","2","1","0","1","2","1","0","0","0","0","0","0","0","0","0","0","0","0","0","0","0","0","0","0","0","0","0","0","0","0"
"00001589","보문고","00000060","임곡90","20221003","0","0","0","0","0","0","0","0","0","0","0","0","0","0","0","0","0","0","0","0","0","0","0","0","0","0","0","0","0","0","0","0","0","0","0","0","0","0","0","0","0","0","0","0","0","0","0","0"
"00001589","보문고","00000082","송정197","20221003","1","0","0","0","1","0","0","0","0","0","0","0","0","0","0","0","0","0","1","0","0","0","1","0","0","0","0","0","0","0","0","0","0","0","0","0","0","0","0","0","0","0","0","0","0","0","0","0"
"00001589","보문고","00000085","송정296","20221003","0","0","0","0","0","0","0","0","0","0","0","0","0","0","0","0","0","0","0","0","0","0","0","0","0","0","0","0","0","0","0","0","0","0","0","0","0","0","0","0","0","0","0","0","0","0","0","0"
"00001591","매방골","00000019","봉선37","20221003","0","0","0","0","0","0","0","0","0","0","0","0","0","0","0","0","0","0","0","0","0","0","0","0","0","0","0","0","0","0","0","0","0","0","0","0","0","0","0","0","0","0","0","0","0","0","0","0"
"00001591","매방골","00000020","일곡38","20221003","0","0","0","0","0","0","0","0","0","0","0","0","0","0","0","0","0","0","3","0","0","0","2","0","0","0","1","0","0","0","0","0","0","0","0","0","0","0","0","0","0","0","0","0","0","0","0","0"
"00001591","매방골","00000060","임곡90","20221003","0","0","0","0","0","0","0","0","0","0","0","0","0","0","0","0","1","0","0","0","1","0","0","0","0","0","0","0","0","0","0","0","0","0","0","0","0","0","0","0","0","0","0","0","0","0","0","0"
"00001591","매방골","00000082","송정197","20221003","0","0","0","0","0","0","0","0","0","0","0","0","0","0","0","0","0","0","0","0","0","0","0","0","0","0","0","0","0","0","0","0","0","0","0","0","0","0","0","0","0","0","0","0","0","0","0","0"
"00001592","선암","00000019","봉선37","20221003","0","0","0","0","0","0","0","0","0","0","0","0","0","0","0","0","3","2","1","2","3","2","0","2","0","0","1","0","0","0","0","0","0","0","0","0","0","0","0","0","0","0","0","0","0","0","0","0"
"00001592","선암","00000020","일곡38","20221003","0","0","0","0","0","0","0","0","0","0","0","0","0","0","0","0","0","1","5","1","0","1","5","1","0","0","0","0","0","0","0","0","0","0","0","0","0","0","0","0","0","0","0","0","0","0","0","0"
"00001592","선암","00000060","임곡90","20221003","0","1","0","1","0","1","0","1","0","0","0","0","0","0","0","0","1","0","0","0","1","0","0","0","0","0","0","0","0","0","0","0","0","0","1","0","0","0","0","0","0","0","1","0","0","0","0","0"
"00001592","선암","00000082","송정197","20221003","0","0","0","0","0","0","0","0","0","0","0","0","0","0","0","0","0","1","3","1","0","1","2","1","0","0","1","0","0","0","0","0","0","0","0","0","0","0","0","0","0","0","0","0","0","0","0","0"
"00001592","선암","00000085","송정296","20221003","0","0","0","0","0","0","0","0","0","0","0","0","0","0","0","0","0","0","0","0","0","0","0","0","0","0","0","0","0","0","0","0","0","0","0","0","0","0","0","0","0","0","0","0","0","0","0","0"
"00001592","선암","00000115","선운14","20221003","0","0","1","0","0","0","1","0","0","0","0","0","0","0","0","0","0","0","1","0","0","0","1","0","0","0","0","0","0","0","0","0","0","0","0","0","0","0","0","0","0","0","0","0","0","0","0","0"
"00001592","선암","00000125","선운101","20221003","0","0","0","0","0","0","0","0","0","0","0","0","0","0","0","0","0","0","3","0","0","0","3","0","0","0","0","0","0","0","0","0","0","0","0","0","0","0","0","0","0","0","0","0","0","0","0","0"
"00001593","호남대","00000019","봉선37","20221003","0","0","1","0","0","0","1","0","0","0","0","0","0","0","0","0","4","0","3","0","4","0","2","0","0","0","0","0","0","0","1","0","0","0","0","0","0","0","0","0","0","0","0","0","0","0","0","0"
"00001593","호남대","00000020","일곡38","20221003","0","0","2","0","0","0","1","0","0","0","0","0","0","0","1","0","0","0","1","0","0","0","0","0","0","0","0","0","0","0","1","0","0","0","0","0","0","0","0","0","0","0","0","0","0","0","0","0"
"00001593","호남대","00000060","임곡90","20221003","0","2","0","2","0","2","0","2","0","0","0","0","0","0","0","0","0","1","0","1","0","1","0","1","0","0","0","0","0","0","0","0","0","0","0","0","0","0","0","0","0","0","0","0","0","0","0","0"
"00001593","호남대","00000082","송정197","20221003","0","0","0","0","0","0","0","0","0","0","0","0","0","0","0","0","0","0","1","0","0","0","1","0","0","0","0","0","0","0","0","0","0","0","0","0","0","0","0","0","0","0","0","0","0","0","0","0"
"00001593","호남대","00000085","송정296","20221003","0","0","0","0","0","0","0","0","0","0","0","0","0","0","0","0","1","0","0","0","1","0","0","0","0","0","0","0","0","0","0","0","1","0","0","0","1","0","0","0","0","0","0","0","0","0","0","0"
"00001593","호남대","00000115","선운14","20221003","0","0","0","0","0","0","0","0","0","0","0","0","0","0","0","0","0","1","1","1","0","1","0","1","0","0","0","0","0","0","1","0","0","0","0","0","0","0","0","0","0","0","0","0","0","0","0","0"
"00001593","호남대","00000125","선운101","20221003","0","0","2","0","0","0","0","0","0","0","0","0","0","0","2","0","1","0","2","0","1","0","2","0","0","0","0","0","0","0","0","0","2","0","0","0","2","0","0","0","0","0","0","0","0","0","0","0"
"00001594","샛터마을","00000019","봉선37","20221003","0","0","0","0","0","0","0","0","0","0","0","0","0","0","0","0","0","0","0","0","0","0","0","0","0","0","0","0","0","0","0","0","1","0","0","0","1","0","0","0","0","0","0","0","0","0","0","0"
"00001594","샛터마을","00000020","일곡38","20221003","0","0","0","0","0","0","0","0","0","0","0","0","0","0","0","0","0","0","1","0","0","0","1","0","0","0","0","0","0","0","0","0","0","0","0","0","0","0","0","0","0","0","0","0","0","0","0","0"
"00001594","샛터마을","00000115","선운14","20221003","0","0","0","0","0","0","0","0","0","0","0","0","0","0","0","0","0","1","0","1","0","1","0","1","0","0","0","0","0","0","0","0","0","0","0","0","0","0","0","0","0","0","0","0","0","0","0","0"
"00001594","샛터마을","00000125","선운101","20221003","0","0","0","0","0","0","0","0","0","0","0","0","0","0","0","0","0","0","0","0","0","0","0","0","0","0","0","0","0","0","0","0","0","0","0","0","0","0","0","0","0","0","0","0","0","0","0","0"
"00001595","서봉마을","00000019","봉선37","20221003","0","0","0","0","0","0","0","0","0","0","0","0","0","0","0","0","1","0","0","0","1","0","0","0","0","0","0","0","0","0","0","0","0","0","0","0","0","0","0","0","0","0","0","0","0","0","0","0"
"00001595","서봉마을","00000020","일곡38","20221003","0","0","0","0","0","0","0","0","0","0","0","0","0","0","0","0","1","0","0","0","1","0","0","0","0","0","0","0","0","0","0","0","0","0","0","0","0","0","0","0","0","0","0","0","0","0","0","0"
"00001595","서봉마을","00000125","선운101","20221003","0","0","0","0","0","0","0","0","0","0","0","0","0","0","0","0","0","0","1","0","0","0","1","0","0","0","0","0","0","0","0","0","0","0","0","0","0","0","0","0","0","0","0","0","0","0","0","0"
"00001596","동명고입구","00000125","선운101","20221003","0","0","0","0","0","0","0","0","0","0","0","0","0","0","0","0","0","0","1","0","0","0","0","0","0","0","0","0","0","0","1","0","0","0","0","0","0","0","0","0","0","0","0","0","0","0","0","0"
"00001598","동명고","00000019","봉선37","20221003","0","0","0","0","0","0","0","0","0","0","0","0","0","0","0","0","0","1","0","1","0","1","0","1","0","0","0","0","0","0","0","0","0","0","0","0","0","0","0","0","0","0","0","0","0","0","0","0"
"00001598","동명고","00000020","일곡38","20221003","0","0","0","0","0","0","0","0","0","0","0","0","0","0","0","0","0","1","0","1","0","1","0","1","0","0","0","0","0","0","0","0","0","0","0","0","0","0","0","0","0","0","0","0","0","0","0","0"
"00001599","송산유원지","00000019","봉선37","20221003","0","0","0","0","0","0","0","0","0","0","0","0","0","0","0","0","1","0","0","0","1","0","0","0","0","0","0","0","0","0","0","0","0","0","0","0","0","0","0","0","0","0","0","0","0","0","0","0"
"00001601","송산유원지(종점)","00000019","봉선37","20221003","0","0","0","0","0","0","0","0","0","0","0","0","0","0","0","0","1","0","0","0","1","0","0","0","0","0","0","0","0","0","0","0","0","0","0","0","0","0","0","0","0","0","0","0","0","0","0","0"
"00001601","송산유원지(종점)","00000020","일곡38","20221003","0","0","0","0","0","0","0","0","0","0","0","0","0","0","0","0","1","0","0","0","1","0","0","0","0","0","0","0","0","0","0","0","0","0","0","0","0","0","0","0","0","0","0","0","0","0","0","0"
"00001601","송산유원지(종점)","00000084","임곡290","20221003","0","0","0","0","0","0","0","0","0","0","0","0","0","0","0","0","0","1","2","1","0","1","2","1","0","0","0","0","0","0","0","0","0","0","0","0","0","0","0","0","0","0","0","0","0","0","0","0"
"00001603","중방","00000125","선운101","20221003","0","0","0","0","0","0","0","0","0","0","0","0","0","0","0","0","0","0","0","0","0","0","0","0","0","0","0","0","0","0","0","0","0","0","0","0","0","0","0","0","0","0","0","0","0","0","0","0"
"00001604","운평","00000060","임곡90","20221003","0","0","0","0","0","0","0","0","0","0","0","0","0","0","0","0","0","2","0","2","0","2","0","2","0","0","0","0","0","0","0","0","0","0","0","0","0","0","0","0","0","0","0","0","0","0","0","0"
"00001604","운평","00000125","선운101","20221003","0","0","0","0","0","0","0","0","0","0","0","0","0","0","0","0","0","0","0","0","0","0","0","0","0","0","0","0","0","0","0","0","0","0","0","0","0","0","0","0","0","0","0","0","0","0","0","0"
"00001606","풍숙","00000082","송정197","20221003","0","0","0","0","0","0","0","0","0","0","0","0","0","0","0","0","0","0","1","0","0","0","1","0","0","0","0","0","0","0","0","0","0","0","0","0","0","0","0","0","0","0","0","0","0","0","0","0"
"00001610","송산","00000125","선운101","20221003","0","0","0","0","0","0","0","0","0","0","0","0","0","0","0","0","0","0","0","0","0","0","0","0","0","0","0","0","0","0","0","0","0","0","0","0","0","0","0","0","0","0","0","0","0","0","0","0"
"00001612","지동(광산구)","00000060","임곡90","20221003","0","0","0","0","0","0","0","0","0","0","0","0","0","0","0","0","1","0","2","0","1","0","2","0","0","0","0","0","0","0","0","0","0","0","0","0","0","0","0","0","0","0","0","0","0","0","0","0"
"00001612","지동(광산구)","00000125","선운101","20221003","0","0","0","0","0","0","0","0","0","0","0","0","0","0","0","0","0","0","0","0","0","0","0","0","0","0","0","0","0","0","0","0","0","0","0","0","0","0","0","0","0","0","0","0","0","0","0","0"
"00001613","삼도초교","00000060","임곡90","20221003","0","0","0","0","0","0","0","0","0","0","0","0","0","0","0","0","1","0","0","0","1","0","0","0","0","0","0","0","0","0","0","0","0","0","0","0","0","0","0","0","0","0","0","0","0","0","0","0"
"00001613","삼도초교","00000125","선운101","20221003","0","0","0","0","0","0","0","0","0","0","0","0","0","0","0","0","0","0","0","0","0","0","0","0","0","0","0","0","0","0","0","0","0","0","0","0","0","0","0","0","0","0","0","0","0","0","0","0"
"00001618","봉정","00000093","송정97","20221003","0","0","0","0","0","0","0","0","0","0","0","0","0","0","0","0","1","0","0","0","1","0","0","0","0","0","0","0","0","0","0","0","0","0","0","0","0","0","0","0","0","0","0","0","0","0","0","0"
"00001620","삼암","00000093","송정97","20221003","0","1","0","1","0","1","0","1","0","0","0","0","0","0","0","0","0","0","0","0","0","0","0","0","0","0","0","0","0","0","0","0","0","0","0","0","0","0","0","0","0","0","0","0","0","0","0","0"
"00001621","삼도삼거리","00000125","선운101","20221003","0","0","0","0","0","0","0","0","0","0","0","0","0","0","0","0","0","0","1","0","0","0","0","0","0","0","0","0","0","0","1","0","0","0","0","0","0","0","0","0","0","0","0","0","0","0","0","0"
"00001622","삼도서초교","00000093","송정97","20221003","0","0","0","0","0","0","0","0","0","0","0","0","0","0","0","0","0","0","0","0","0","0","0","0","0","0","0","0","0","0","0","0","0","0","0","0","0","0","0","0","0","0","0","0","0","0","0","0"
"00001625","마암","00000093","송정97","20221003","1","0","0","0","1","0","0","0","0","0","0","0","0","0","0","0","0","0","0","0","0","0","0","0","0","0","0","0","0","0","0","0","0","0","0","0","0","0","0","0","0","0","0","0","0","0","0","0"
"00001626","용성자동차학원","00000093","송정97","20221003","0","0","1","0","0","0","1","0","0","0","0","0","0","0","0","0","0","0","0","0","0","0","0","0","0","0","0","0","0","0","0","0","0","0","0","0","0","0","0","0","0","0","0","0","0","0","0","0"
"00001630","대야","00000093","송정97","20221003","0","0","0","0","0","0","0","0","0","0","0","0","0","0","0","0","0","0","0","0","0","0","0","0","0","0","0","0","0","0","0","0","0","0","0","0","0","0","0","0","0","0","0","0","0","0","0","0"
"00001631","우치","00000093","송정97","20221003","0","0","0","0","0","0","0","0","0","0","0","0","0","0","0","0","0","0","0","0","0","0","0","0","0","0","0","0","0","0","0","0","0","0","0","0","0","0","0","0","0","0","0","0","0","0","0","0"
"00001633","망월","00000093","송정97","20221003","0","0","1","0","0","0","1","0","0","0","0","0","0","0","0","0","0","0","0","0","0","0","0","0","0","0","0","0","0","0","0","0","0","0","0","0","0","0","0","0","0","0","0","0","0","0","0","0"
"00001635","대봉","00000093","송정97","20221003","0","0","0","0","0","0","0","0","0","0","0","0","0","0","0","0","0","0","0","0","0","0","0","0","0","0","0","0","0","0","0","0","0","0","0","0","0","0","0","0","0","0","0","0","0","0","0","0"
"00001636","상무자동차학원","00000093","송정97","20221003","0","0","0","0","0","0","0","0","0","0","0","0","0","0","0","0","0","0","0","0","0","0","0","0","0","0","0","0","0","0","0","0","0","0","0","0","0","0","0","0","0","0","0","0","0","0","0","0"
"00001643","송학입구","00000066","송정96","20221003","1","0","0","0","1","0","0","0","0","0","0","0","0","0","0","0","0","0","0","0","0","0","0","0","0","0","0","0","0","0","0","0","0","0","0","0","0","0","0","0","0","0","0","0","0","0","0","0"
"00001649","신동마을","00000066","송정96","20221003","0","0","0","0","0","0","0","0","0","0","0","0","0","0","0","0","0","0","0","0","0","0","0","0","0","0","0","0","0","0","0","0","0","0","0","0","0","0","0","0","0","0","0","0","0","0","0","0"
"00001651","학동마을","00000066","송정96","20221003","1","1","0","1","1","1","0","1","0","0","0","0","0","0","0","0","0","0","0","0","0","0","0","0","0","0","0","0","0","0","0","0","0","0","0","0","0","0","0","0","0","0","0","0","0","0","0","0"
"00001654","월곡마을","00000093","송정97","20221003","0","0","0","0","0","0","0","0","0","0","0","0","0","0","0","0","1","0","0","0","1","0","0","0","0","0","0","0","0","0","0","0","0","0","0","0","0","0","0","0","0","0","0","0","0","0","0","0"
"00001661","명화동","00000093","송정97","20221003","0","0","0","0","0","0","0","0","0","0","0","0","0","0","0","0","0","0","0","0","0","0","0","0","0","0","0","0","0","0","0","0","0","0","0","0","0","0","0","0","0","0","0","0","0","0","0","0"
"00001662","축산시험장","00000066","송정96","20221003","0","3","1","3","0","3","1","3","0","0","0","0","0","0","0","0","0","0","0","0","0","0","0","0","0","0","0","0","0","0","0","0","0","0","0","0","0","0","0","0","0","0","0","0","0","0","0","0"
"00001664","기곡","00000093","송정97","20221003","0","1","0","1","0","1","0","1","0","0","0","0","0","0","0","0","0","0","0","0","0","0","0","0","0","0","0","0","0","0","0","0","0","0","0","0","0","0","0","0","0","0","0","0","0","0","0","0"
"00001665","용곡입구","00000066","송정96","20221003","2","1","0","1","2","1","0","1","0","0","0","0","0","0","0","0","0","0","0","0","0","0","0","0","0","0","0","0","0","0","0","0","0","0","0","0","0","0","0","0","0","0","0","0","0","0","0","0"
"00001665","용곡입구","00000093","송정97","20221003","1","0","1","0","1","0","1","0","0","0","0","0","0","0","0","0","0","0","0","0","0","0","0","0","0","0","0","0","0","0","0","0","0","0","0","0","0","0","0","0","0","0","0","0","0","0","0","0"
"00001666","평동초교","00000066","송정96","20221003","1","1","0","1","1","1","0","1","0","0","0","0","0","0","0","0","0","0","0","0","0","0","0","0","0","0","0","0","0","0","0","0","0","0","0","0","0","0","0","0","0","0","0","0","0","0","0","0"
"00001666","평동초교","00000093","송정97","20221003","0","1","2","1","0","1","2","1","0","0","0","0","0","0","0","0","0","0","0","0","0","0","0","0","0","0","0","0","0","0","0","0","0","0","0","0","0","0","0","0","0","0","0","0","0","0","0","0"
"00001667","옥동","00000066","송정96","20221003","0","0","0","0","0","0","0","0","0","0","0","0","0","0","0","0","0","0","1","0","0","0","1","0","0","0","0","0","0","0","0","0","0","0","0","0","0","0","0","0","0","0","0","0","0","0","0","0"
"00001667","옥동","00000093","송정97","20221003","1","0","0","0","1","0","0","0","0","0","0","0","0","0","0","0","0","0","0","0","0","0","0","0","0","0","0","0","0","0","0","0","0","0","0","0","0","0","0","0","0","0","0","0","0","0","0","0"
"00001669","상선","00000081","진곡196","20221003","1","0","0","0","0","0","0","0","0","0","0","0","1","0","0","0","0","0","0","0","0","0","0","0","0","0","0","0","0","0","0","0","0","0","0","0","0","0","0","0","0","0","0","0","0","0","0","0"
"00001669","상선","00000109","좌석02","20221003","1","0","0","0","1","0","0","0","0","0","0","0","0","0","0","0","2","0","1","0","2","0","1","0","0","0","0","0","0","0","0","0","0","0","0","0","0","0","0","0","0","0","0","0","0","0","0","0"
"00001671","평호동","00000081","진곡196","20221003","0","0","0","0","0","0","0","0","0","0","0","0","0","0","0","0","1","1","0","1","1","1","0","1","0","0","0","0","0","0","0","0","0","0","0","0","0","0","0","0","0","0","0","0","0","0","0","0"
"00001672","유림","00000081","진곡196","20221003","0","0","0","0","0","0","0","0","0","0","0","0","0","0","0","0","1","2","0","2","1","1","0","1","0","0","0","0","0","1","0","1","0","0","0","0","0","0","0","0","0","0","0","0","0","0","0","0"
"00001673","동곡","00000081","진곡196","20221003","0","0","0","0","0","0","0","0","0","0","0","0","0","0","0","0","1","1","0","1","1","1","0","1","0","0","0","0","0","0","0","0","0","0","0","0","0","0","0","0","0","0","0","0","0","0","0","0"
"00001673","동곡","00000109","좌석02","20221003","0","0","0","0","0","0","0","0","0","0","0","0","0","0","0","0","0","1","0","1","0","1","0","1","0","0","0","0","0","0","0","0","0","1","0","1","0","1","0","1","0","0","0","0","0","0","0","0"
"00001676","용봉입구","00000081","진곡196","20221003","0","0","0","0","0","0","0","0","0","0","0","0","0","0","0","0","0","0","0","0","0","0","0","0","0","0","0","0","0","0","0","0","0","0","0","0","0","0","0","0","0","0","0","0","0","0","0","0"
"00001677","용봉마을","00000066","송정96","20221003","5","0","0","0","5","0","0","0","0","0","0","0","0","0","0","0","0","0","0","0","0","0","0","0","0","0","0","0","0","0","0","0","0","0","0","0","0","0","0","0","0","0","0","0","0","0","0","0"
"00001677","용봉마을","00000069","송정99","20221003","0","1","0","1","0","1","0","1","0","0","0","0","0","0","0","0","0","0","0","0","0","0","0","0","0","0","0","0","0","0","0","0","0","0","0","0","0","0","0","0","0","0","0","0","0","0","0","0"
"00001678","용봉입구","00000081","진곡196","20221003","0","0","0","0","0","0","0","0","0","0","0","0","0","0","0","0","0","0","0","0","0","0","0","0","0","0","0","0","0","0","0","0","0","0","0","0","0","0","0","0","0","0","0","0","0","0","0","0"
"00001679","성산마을","00000081","진곡196","20221003","0","0","0","0","0","0","0","0","0","0","0","0","0","0","0","0","0","0","0","0","0","0","0","0","0","0","0","0","0","0","0","0","0","0","0","0","0","0","0","0","0","0","0","0","0","0","0","0"
"00001680","노안남초교","00000081","진곡196","20221003","0","0","0","0","0","0","0","0","0","0","0","0","0","0","0","0","0","0","0","0","0","0","0","0","0","0","0","0","0","0","0","0","0","0","0","0","0","0","0","0","0","0","0","0","0","0","0","0"
"00001681","동산마을","00000081","진곡196","20221003","0","0","0","0","0","0","0","0","0","0","0","0","0","0","0","0","0","0","0","0","0","0","0","0","0","0","0","0","0","0","0","0","0","0","0","0","0","0","0","0","0","0","0","0","0","0","0","0"
"00001682","산정(나주)","00000081","진곡196","20221003","0","0","0","0","0","0","0","0","0","0","0","0","0","0","0","0","0","0","0","0","0","0","0","0","0","0","0","0","0","0","0","0","0","0","0","0","0","0","0","0","0","0","0","0","0","0","0","0"
"00001683","나주북초교","00000081","진곡196","20221003","0","0","0","0","0","0","0","0","0","0","0","0","0","0","0","0","0","0","0","0","0","0","0","0","0","0","0","0","0","0","0","0","0","0","0","0","0","0","0","0","0","0","0","0","0","0","0","0"
"00001684","나주동신대","00000081","진곡196","20221003","0","0","0","0","0","0","0","0","0","0","0","0","0","0","0","0","0","0","0","0","0","0","0","0","0","0","0","0","0","0","0","0","0","0","0","0","0","0","0","0","0","0","0","0","0","0","0","0"
"00001698","나주동신대","00000081","진곡196","20221003","0","0","0","0","0","0","0","0","0","0","0","0","0","0","0","0","0","0","0","0","0","0","0","0","0","0","0","0","0","0","0","0","0","0","0","0","0","0","0","0","0","0","0","0","0","0","0","0"
"00001699","나주농협송현지점","00000081","진곡196","20221003","0","0","0","0","0","0","0","0","0","0","0","0","0","0","0","0","0","0","0","0","0","0","0","0","0","0","0","0","0","0","0","0","0","0","0","0","0","0","0","0","0","0","0","0","0","0","0","0"
"00001701","산정(나주)","00000081","진곡196","20221003","0","0","0","0","0","0","0","0","0","0","0","0","0","0","0","0","0","0","0","0","0","0","0","0","0","0","0","0","0","0","0","0","0","0","0","0","0","0","0","0","0","0","0","0","0","0","0","0"
"00001703","노안남초교","00000081","진곡196","20221003","0","0","0","0","0","0","0","0","0","0","0","0","0","0","0","0","0","0","0","0","0","0","0","0","0","0","0","0","0","0","0","0","0","0","0","0","0","0","0","0","0","0","0","0","0","0","0","0"
"00001704","성산마을","00000081","진곡196","20221003","0","0","2","0","0","0","0","0","0","0","0","0","0","0","2","0","0","0","0","0","0","0","0","0","0","0","0","0","0","0","0","0","0","0","0","0","0","0","0","0","0","0","0","0","0","0","0","0"
"00001706","창교","00000081","진곡196","20221003","0","1","0","1","0","0","0","0","0","0","0","0","0","1","0","1","0","0","0","0","0","0","0","0","0","0","0","0","0","0","0","0","0","0","0","0","0","0","0","0","0","0","0","0","0","0","0","0"
"00001707","호가정","00000066","송정96","20221003","0","1","0","1","0","1","0","1","0","0","0","0","0","0","0","0","0","0","0","0","0","0","0","0","0","0","0","0","0","0","0","0","0","0","0","0","0","0","0","0","0","0","0","0","0","0","0","0"
"00001707","호가정","00000081","진곡196","20221003","1","0","0","0","1","0","0","0","0","0","0","0","0","0","0","0","0","0","0","0","0","0","0","0","0","0","0","0","0","0","0","0","0","0","0","0","0","0","0","0","0","0","0","0","0","0","0","0"
"00001708","동곡","00000081","진곡196","20221003","2","8","1","8","2","7","1","7","0","0","0","0","0","1","0","1","1","0","0","0","1","0","0","0","0","0","0","0","0","0","0","0","0","0","0","0","0","0","0","0","0","0","0","0","0","0","0","0"
"00001708","동곡","00000109","좌석02","20221003","2","1","1","1","2","1","1","1","0","0","0","0","0","0","0","0","0","0","0","0","0","0","0","0","0","0","0","0","0","0","0","0","4","0","0","0","4","0","0","0","0","0","0","0","0","0","0","0"
"00001709","유림","00000081","진곡196","20221003","0","1","0","1","0","1","0","1","0","0","0","0","0","0","0","0","0","0","0","0","0","0","0","0","0","0","0","0","0","0","0","0","0","0","0","0","0","0","0","0","0","0","0","0","0","0","0","0"
"00001710","평호동","00000069","송정99","20221003","0","1","0","1","0","1","0","1","0","0","0","0","0","0","0","0","0","0","0","0","0","0","0","0","0","0","0","0","0","0","0","0","0","0","0","0","0","0","0","0","0","0","0","0","0","0","0","0"
"00001710","평호동","00000081","진곡196","20221003","0","0","0","0","0","0","0","0","0","0","0","0","0","0","0","0","0","0","0","0","0","0","0","0","0","0","0","0","0","0","0","0","0","0","0","0","0","0","0","0","0","0","0","0","0","0","0","0"
"00001711","하선","00000081","진곡196","20221003","4","0","0","0","4","0","0","0","0","0","0","0","0","0","0","0","0","0","0","0","0","0","0","0","0","0","0","0","0","0","0","0","0","0","1","0","0","0","1","0","0","0","0","0","0","0","0","0"
"00001713","공항","00000093","송정97","20221003","0","0","1","0","0","0","1","0","0","0","0","0","0","0","0","0","0","0","0","0","0","0","0","0","0","0","0","0","0","0","0","0","0","0","0","0","0","0","0","0","0","0","0","0","0","0","0","0"
"00001716","서창사거리","00000012","지원25","20221003","0","0","0","0","0","0","0","0","0","0","0","0","0","0","0","0","0","0","0","0","0","0","0","0","0","0","0","0","0","0","0","0","0","0","0","0","0","0","0","0","0","0","0","0","0","0","0","0"
"00001716","서창사거리","00000025","운림50","20221003","0","0","0","0","0","0","0","0","0","0","0","0","0","0","0","0","0","2","0","2","0","1","0","1","0","1","0","1","0","0","0","0","0","0","0","0","0","0","0","0","0","0","0","0","0","0","0","0"
"00001716","서창사거리","00000038","상무64","20221003","1","0","0","0","0","0","0","0","0","0","0","0","1","0","0","0","0","1","0","1","0","1","0","1","0","0","0","0","0","0","0","0","0","0","0","0","0","0","0","0","0","0","0","0","0","0","0","0"
"00001716","서창사거리","00000040","대촌69","20221003","0","0","1","0","0","0","1","0","0","0","0","0","0","0","0","0","0","0","0","0","0","0","0","0","0","0","0","0","0","0","0","0","0","1","0","1","0","1","0","1","0","0","0","0","0","0","0","0"
"00001716","서창사거리","00000100","진월75","20221003","0","0","2","0","0","0","2","0","0","0","0","0","0","0","0","0","0","1","0","1","0","1","0","1","0","0","0","0","0","0","0","0","0","0","1","0","0","0","1","0","0","0","0","0","0","0","0","0"
"00001717","서창농협 벽진지점","00000001","순환01(시청행)","20221003","0","0","0","0","0","0","0","0","0","0","0","0","0","0","0","0","0","0","1","0","0","0","0","0","0","0","1","0","0","0","0","0","0","0","0","0","0","0","0","0","0","0","0","0","0","0","0","0"
"00001717","서창농협 벽진지점","00000025","운림50","20221003","0","0","0","0","0","0","0","0","0","0","0","0","0","0","0","0","0","1","0","1","0","1","0","1","0","0","0","0","0","0","0","0","0","0","0","0","0","0","0","0","0","0","0","0","0","0","0","0"
"00001717","서창농협 벽진지점","00000038","상무64","20221003","0","0","0","0","0","0","0","0","0","0","0","0","0","0","0","0","0","0","0","0","0","0","0","0","0","0","0","0","0","0","0","0","0","0","0","0","0","0","0","0","0","0","0","0","0","0","0","0"
"00001717","서창농협 벽진지점","00000100","진월75","20221003","1","1","0","1","1","1","0","1","0","0","0","0","0","0","0","0","0","1","0","1","0","1","0","1","0","0","0","0","0","0","0","0","0","1","0","1","0","1","0","1","0","0","0","0","0","0","0","0"
"00001718","마산(서창)","00000025","운림50","20221003","0","0","0","0","0","0","0","0","0","0","0","0","0","0","0","0","1","0","0","0","1","0","0","0","0","0","0","0","0","0","0","0","0","0","0","0","0","0","0","0","0","0","0","0","0","0","0","0"
"00001718","마산(서창)","00000038","상무64","20221003","0","0","0","0","0","0","0","0","0","0","0","0","0","0","0","0","0","0","0","0","0","0","0","0","0","0","0","0","0","0","0","0","0","0","0","0","0","0","0","0","0","0","0","0","0","0","0","0"
"00001723","매월동(북)","00000003","매월06","20221003","0","1","2","1","0","1","2","1","0","0","0","0","0","0","0","0","0","1","0","1","0","1","0","1","0","0","0","0","0","0","0","0","0","0","0","0","0","0","0","0","0","0","0","0","0","0","0","0"
"00001723","매월동(북)","00000007","매월16","20221003","0","0","0","0","0","0","0","0","0","0","0","0","0","0","0","0","0","0","0","0","0","0","0","0","0","0","0","0","0","0","0","0","0","0","0","0","0","0","0","0","0","0","0","0","0","0","0","0"
"00001723","매월동(북)","00000015","일곡28","20221003","0","1","2","1","0","1","2","1","0","0","0","0","0","0","0","0","0","0","0","0","0","0","0","0","0","0","0","0","0","0","0","0","0","2","0","2","0","1","0","1","0","1","0","1","0","0","0","0"
"00001723","매월동(북)","00000042","대촌71","20221003","0","0","0","0","0","0","0","0","0","0","0","0","0","0","0","0","0","0","1","0","0","0","1","0","0","0","0","0","0","0","0","0","0","0","0","0","0","0","0","0","0","0","0","0","0","0","0","0"
"00001724","대동고","00000003","매월06","20221003","5","3","14","3","5","3","8","3","0","0","0","0","0","0","6","0","0","0","0","0","0","0","0","0","0","0","0","0","0","0","0","0","0","1","0","1","0","1","0","1","0","0","0","0","0","0","0","0"
"00001724","대동고","00000007","매월16","20221003","4","2","1","2","4","2","0","2","0","0","0","0","0","0","1","0","0","0","0","0","0","0","0","0","0","0","0","0","0","0","0","0","0","0","0","0","0","0","0","0","0","0","0","0","0","0","0","0"
"00001724","대동고","00000013","매월26","20221003","0","2","7","2","0","2","6","2","0","0","0","0","0","0","1","0","0","0","0","0","0","0","0","0","0","0","0","0","0","0","0","0","0","0","1","0","0","0","0","0","0","0","0","0","0","0","1","0"
"00001724","대동고","00000015","일곡28","20221003","1","4","9","4","1","4","9","4","0","0","0","0","0","0","0","0","0","0","0","0","0","0","0","0","0","0","0","0","0","0","0","0","3","3","1","3","0","3","1","3","0","0","0","0","3","0","0","0"
"00001724","대동고","00000034","금남59","20221003","1","2","1","2","1","1","1","1","0","0","0","0","0","1","0","1","0","0","0","0","0","0","0","0","0","0","0","0","0","0","0","0","0","0","0","0","0","0","0","0","0","0","0","0","0","0","0","0"
"00001724","대동고","00000035","매월61(칠석)","20221003","1","1","0","1","1","1","0","1","0","0","0","0","0","0","0","0","0","3","0","3","0","3","0","3","0","0","0","0","0","0","0","0","0","0","0","0","0","0","0","0","0","0","0","0","0","0","0","0"
"00001724","대동고","00000048","진월77","20221003","1","1","0","1","1","0","0","0","0","0","0","0","0","1","0","1","0","0","0","0","0","0","0","0","0","0","0","0","0","0","0","0","0","0","0","0","0","0","0","0","0","0","0","0","0","0","0","0"
"00001726","서부자동차매매단지","00000035","매월61(칠석)","20221003","0","5","2","5","0","5","2","5","0","0","0","0","0","0","0","0","0","0","0","0","0","0","0","0","0","0","0","0","0","0","0","0","0","0","0","0","0","0","0","0","0","0","0","0","0","0","0","0"
"00001727","종합유통단지","00000035","매월61(칠석)","20221003","0","2","8","2","0","2","8","2","0","0","0","0","0","0","0","0","0","0","1","0","0","0","1","0","0","0","0","0","0","0","0","0","0","0","0","0","0","0","0","0","0","0","0","0","0","0","0","0"
"00001729","서부농수산물도매시장","00000035","매월61(칠석)","20221003","1","1","3","1","1","1","3","1","0","0","0","0","0","0","0","0","0","0","0","0","0","0","0","0","0","0","0","0","0","0","0","0","0","0","0","0","0","0","0","0","0","0","0","0","0","0","0","0"
"00001732","공구단지","00000013","매월26","20221003","0","3","4","3","0","3","4","3","0","0","0","0","0","0","0","0","0","0","0","0","0","0","0","0","0","0","0","0","0","0","0","0","0","0","0","0","0","0","0","0","0","0","0","0","0","0","0","0"
"00001732","공구단지","00000015","일곡28","20221003","0","4","1","4","0","4","1","4","0","0","0","0","0","0","0","0","0","0","0","0","0","0","0","0","0","0","0","0","0","0","0","0","0","0","0","0","0","0","0","0","0","0","0","0","0","0","0","0"
"00001732","공구단지","00000034","금남59","20221003","0","1","0","1","0","1","0","1","0","0","0","0","0","0","0","0","0","0","0","0","0","0","0","0","0","0","0","0","0","0","0","0","0","0","0","0","0","0","0","0","0","0","0","0","0","0","0","0"
"00001732","공구단지","00000035","매월61(칠석)","20221003","0","1","1","1","0","1","1","1","0","0","0","0","0","0","0","0","0","0","1","0","0","0","1","0","0","0","0","0","0","0","0","0","0","0","0","0","0","0","0","0","0","0","0","0","0","0","0","0"
"00001732","공구단지","00000048","진월77","20221003","0","1","1","1","0","1","1","1","0","0","0","0","0","0","0","0","0","0","0","0","0","0","0","0","0","0","0","0","0","0","0","0","0","0","0","0","0","0","0","0","0","0","0","0","0","0","0","0"
"00001732","공구단지","00000049","진월78","20221003","0","0","0","0","0","0","0","0","0","0","0","0","0","0","0","0","0","0","0","0","0","0","0","0","0","0","0","0","0","0","0","0","0","0","0","0","0","0","0","0","0","0","0","0","0","0","0","0"
"00001733","매월종합상가입구","00000008","진월17","20221003","1","4","5","4","1","3","3","3","0","1","0","1","0","0","2","0","0","0","0","0","0","0","0","0","0","0","0","0","0","0","0","0","0","0","1","0","0","0","1","0","0","0","0","0","0","0","0","0"
"00001733","매월종합상가입구","00000015","일곡28","20221003","2","3","3","3","2","3","2","3","0","0","0","0","0","0","1","0","0","0","0","0","0","0","0","0","0","0","0","0","0","0","0","0","0","0","0","0","0","0","0","0","0","0","0","0","0","0","0","0"
"00001733","매월종합상가입구","00000044","송암73","20221003","0","0","1","0","0","0","1","0","0","0","0","0","0","0","0","0","0","0","0","0","0","0","0","0","0","0","0","0","0","0","0","0","0","0","0","0","0","0","0","0","0","0","0","0","0","0","0","0"
"00001733","매월종합상가입구","00000091","송암74","20221003","0","0","0","0","0","0","0","0","0","0","0","0","0","0","0","0","0","1","0","1","0","0","0","0","0","1","0","1","0","0","0","0","0","0","0","0","0","0","0","0","0","0","0","0","0","0","0","0"
"00001734","운리마을","00000008","진월17","20221003","1","2","0","2","1","2","0","2","0","0","0","0","0","0","0","0","0","0","1","0","0","0","0","0","0","0","0","0","0","0","1","0","0","0","0","0","0","0","0","0","0","0","0","0","0","0","0","0"
"00001734","운리마을","00000015","일곡28","20221003","2","0","1","0","2","0","1","0","0","0","0","0","0","0","0","0","0","0","0","0","0","0","0","0","0","0","0","0","0","0","0","0","0","0","0","0","0","0","0","0","0","0","0","0","0","0","0","0"
"00001734","운리마을","00000024","송암47","20221003","2","0","0","0","2","0","0","0","0","0","0","0","0","0","0","0","0","0","0","0","0","0","0","0","0","0","0","0","0","0","0","0","0","0","0","0","0","0","0","0","0","0","0","0","0","0","0","0"
"00001734","운리마을","00000043","송암72","20221003","0","0","0","0","0","0","0","0","0","0","0","0","0","0","0","0","0","0","0","0","0","0","0","0","0","0","0","0","0","0","0","0","0","0","0","0","0","0","0","0","0","0","0","0","0","0","0","0"
"00001734","운리마을","00000044","송암73","20221003","0","0","0","0","0","0","0","0","0","0","0","0","0","0","0","0","0","0","0","0","0","0","0","0","0","0","0","0","0","0","0","0","0","1","0","1","0","1","0","1","0","0","0","0","0","0","0","0"
"00001734","운리마을","00000091","송암74","20221003","0","1","0","1","0","1","0","1","0","0","0","0","0","0","0","0","0","0","0","0","0","0","0","0","0","0","0","0","0","0","0","0","0","0","0","0","0","0","0","0","0","0","0","0","0","0","0","0"
"00001735","동명회/송원고","00000008","진월17","20221003","1","1","2","1","1","1","2","1","0","0","0","0","0","0","0","0","0","1","3","1","0","1","3","1","0","0","0","0","0","0","0","0","0","0","0","0","0","0","0","0","0","0","0","0","0","0","0","0"
"00001735","동명회/송원고","00000015","일곡28","20221003","1","4","6","4","1","0","6","0","0","4","0","4","0","0","0","0","0","6","1","6","0","3","1","3","0","3","0","3","0","0","0","0","3","0","1","0","3","0","0","0","0","0","0","0","0","0","1","0"
"00001735","동명회/송원고","00000024","송암47","20221003","0","0","0","0","0","0","0","0","0","0","0","0","0","0","0","0","2","2","1","2","2","1","1","1","0","0","0","0","0","1","0","1","0","0","0","0","0","0","0","0","0","0","0","0","0","0","0","0"
"00001735","동명회/송원고","00000043","송암72","20221003","0","0","0","0","0","0","0","0","0","0","0","0","0","0","0","0","2","3","0","3","2","3","0","3","0","0","0","0","0","0","0","0","0","0","0","0","0","0","0","0","0","0","0","0","0","0","0","0"
"00001735","동명회/송원고","00000044","송암73","20221003","0","1","2","1","0","1","2","1","0","0","0","0","0","0","0","0","1","0","1","0","1","0","1","0","0","0","0","0","0","0","0","0","0","0","0","0","0","0","0","0","0","0","0","0","0","0","0","0"
"00001735","동명회/송원고","00000091","송암74","20221003","0","3","1","3","0","0","1","0","0","1","0","1","0","2","0","2","5","5","1","5","5","2","1","2","0","1","0","1","0","2","0","2","0","0","0","0","0","0","0","0","0","0","0","0","0","0","0","0"
"00001738","송암공단입구","00000004","진월07","20221003","5","10","30","10","3","6","30","6","0","0","0","0","2","4","0","4","0","0","0","0","0","0","0","0","0","0","0","0","0","0","0","0","1","3","1","3","1","3","1","3","0","0","0","0","0","0","0","0"
"00001738","송암공단입구","00000008","진월17","20221003","2","3","8","3","2","3","8","3","0","0","0","0","0","0","0","0","0","1","3","1","0","1","2","1","0","0","1","0","0","0","0","0","0","0","0","0","0","0","0","0","0","0","0","0","0","0","0","0"
"00001738","송암공단입구","00000015","일곡28","20221003","4","5","5","5","4","3","5","3","0","0","0","0","0","2","0","2","0","0","0","0","0","0","0","0","0","0","0","0","0","0","0","0","1","2","1","2","0","2","1","2","0","0","0","0","1","0","0","0"
"00001738","송암공단입구","00000024","송암47","20221003","0","0","2","0","0","0","2","0","0","0","0","0","0","0","0","0","1","0","0","0","1","0","0","0","0","0","0","0","0","0","0","0","0","0","0","0","0","0","0","0","0","0","0","0","0","0","0","0"
"00001738","송암공단입구","00000043","송암72","20221003","0","0","0","0","0","0","0","0","0","0","0","0","0","0","0","0","0","0","0","0","0","0","0","0","0","0","0","0","0","0","0","0","0","0","0","0","0","0","0","0","0","0","0","0","0","0","0","0"
"00001738","송암공단입구","00000044","송암73","20221003","1","1","5","1","1","1","4","1","0","0","0","0","0","0","1","0","1","0","0","0","1","0","0","0","0","0","0","0","0","0","0","0","0","0","0","0","0","0","0","0","0","0","0","0","0","0","0","0"
"00001738","송암공단입구","00000047","봉선76","20221003","0","0","0","0","0","0","0","0","0","0","0","0","0","0","0","0","0","0","0","0","0","0","0","0","0","0","0","0","0","0","0","0","0","0","0","0","0","0","0","0","0","0","0","0","0","0","0","0"
"00001738","송암공단입구","00000091","송암74","20221003","0","0","0","0","0","0","0","0","0","0","0","0","0","0","0","0","0","3","0","3","0","3","0","3","0","0","0","0","0","0","0","0","0","0","0","0","0","0","0","0","0","0","0","0","0","0","0","0"
"00001738","송암공단입구","00000100","진월75","20221003","0","0","0","0","0","0","0","0","0","0","0","0","0","0","0","0","0","0","0","0","0","0","0","0","0","0","0","0","0","0","0","0","0","0","0","0","0","0","0","0","0","0","0","0","0","0","0","0"
"00001738","송암공단입구","00000101","송암31","20221003","3","4","5","4","3","2","4","2","0","0","0","0","0","2","1","2","0","0","0","0","0","0","0","0","0","0","0","0","0","0","0","0","0","0","0","0","0","0","0","0","0","0","0","0","0","0","0","0"
"00001738","송암공단입구","00000111","송암68","20221003","0","0","1","0","0","0","1","0","0","0","0","0","0","0","0","0","0","0","0","0","0","0","0","0","0","0","0","0","0","0","0","0","0","0","2","0","0","0","2","0","0","0","0","0","0","0","0","0"
"00001738","송암공단입구","00000114","수완03","20221003","1","2","5","2","1","2","3","2","0","0","0","0","0","0","2","0","0","0","0","0","0","0","0","0","0","0","0","0","0","0","0","0","1","1","5","1","1","1","4","1","0","0","0","0","0","0","1","0"
"00001739","남선산업","00000008","진월17","20221003","0","4","1","4","0","4","1","4","0","0","0","0","0","0","0","0","0","1","0","1","0","1","0","1","0","0","0","0","0","0","0","0","0","0","0","0","0","0","0","0","0","0","0","0","0","0","0","0"
"00001739","남선산업","00000015","일곡28","20221003","0","3","1","3","0","2","0","2","0","0","1","0","0","1","0","1","0","0","1","0","0","0","1","0","0","0","0","0","0","0","0","0","1","0","0","0","1","0","0","0","0","0","0","0","0","0","0","0"
"00001739","남선산업","00000024","송암47","20221003","0","0","0","0","0","0","0","0","0","0","0","0","0","0","0","0","0","0","0","0","0","0","0","0","0","0","0","0","0","0","0","0","0","0","0","0","0","0","0","0","0","0","0","0","0","0","0","0"
"00001739","남선산업","00000041","대촌70","20221003","1","0","0","0","1","0","0","0","0","0","0","0","0","0","0","0","0","0","1","0","0","0","1","0","0","0","0","0","0","0","0","0","0","0","0","0","0","0","0","0","0","0","0","0","0","0","0","0"
"00001739","남선산업","00000044","송암73","20221003","1","2","1","2","1","0","1","0","0","0","0","0","0","2","0","2","0","0","0","0","0","0","0","0","0","0","0","0","0","0","0","0","0","0","0","0","0","0","0","0","0","0","0","0","0","0","0","0"
"00001739","남선산업","00000050","진월79","20221003","0","1","0","1","0","1","0","1","0","0","0","0","0","0","0","0","1","2","0","2","1","2","0","2","0","0","0","0","0","0","0","0","0","0","0","0","0","0","0","0","0","0","0","0","0","0","0","0"
"00001739","남선산업","00000073","대촌170","20221003","0","0","0","0","0","0","0","0","0","0","0","0","0","0","0","0","2","1","1","1","2","1","1","1","0","0","0","0","0","0","0","0","0","0","0","0","0","0","0","0","0","0","0","0","0","0","0","0"
"00001739","남선산업","00000101","송암31","20221003","2","2","2","2","2","2","2","2","0","0","0","0","0","0","0","0","0","0","0","0","0","0","0","0","0","0","0","0","0","0","0","0","0","0","0","0","0","0","0","0","0","0","0","0","0","0","0","0"
"00001739","남선산업","00000208","마을715(대촌)","20221003","2","2","0","2","2","1","0","1","0","0","0","0","0","1","0","1","0","0","1","0","0","0","1","0","0","0","0","0","0","0","0","0","0","0","0","0","0","0","0","0","0","0","0","0","0","0","0","0"
"00001740","송하삼익아파트","00000004","진월07","20221003","13","14","6","14","11","13","6","13","0","0","0","0","2","1","0","1","0","0","0","0","0","0","0","0","0","0","0","0","0","0","0","0","1","7","3","7","1","7","3","7","0","0","0","0","0","0","0","0"
"00001740","송하삼익아파트","00000008","진월17","20221003","10","3","3","3","9","3","2","3","0","0","0","0","1","0","1","0","0","0","0","0","0","0","0","0","0","0","0","0","0","0","0","0","0","0","0","0","0","0","0","0","0","0","0","0","0","0","0","0"
"00001740","송하삼익아파트","00000015","일곡28","20221003","7","9","1","9","7","9","1","9","0","0","0","0","0","0","0","0","1","0","1","0","1","0","1","0","0","0","0","0","0","0","0","0","0","0","1","0","0","0","1","0","0","0","0","0","0","0","0","0"
"00001740","송하삼익아파트","00000024","송암47","20221003","2","0","0","0","2","0","0","0","0","0","0","0","0","0","0","0","0","0","0","0","0","0","0","0","0","0","0","0","0","0","0","0","0","0","0","0","0","0","0","0","0","0","0","0","0","0","0","0"
"00001740","송하삼익아파트","00000041","대촌70","20221003","1","1","0","1","1","1","0","1","0","0","0","0","0","0","0","0","2","3","0","3","2","3","0","3","0","0","0","0","0","0","0","0","0","0","0","0","0","0","0","0","0","0","0","0","0","0","0","0"
"00001740","송하삼익아파트","00000044","송암73","20221003","8","3","2","3","8","2","2","2","0","0","0","0","0","1","0","1","0","0","0","0","0","0","0","0","0","0","0","0","0","0","0","0","0","0","1","0","0","0","1","0","0","0","0","0","0","0","0","0"
"00001740","송하삼익아파트","00000050","진월79","20221003","3","1","4","1","3","1","4","1","0","0","0","0","0","0","0","0","0","1","0","1","0","1","0","1","0","0","0","0","0","0","0","0","0","0","0","0","0","0","0","0","0","0","0","0","0","0","0","0"
"00001740","송하삼익아파트","00000073","대촌170","20221003","0","0","0","0","0","0","0","0","0","0","0","0","0","0","0","0","0","2","0","2","0","2","0","2","0","0","0","0","0","0","0","0","0","0","0","0","0","0","0","0","0","0","0","0","0","0","0","0"
"00001740","송하삼익아파트","00000101","송암31","20221003","5","4","2","4","5","3","2","3","0","0","0","0","0","1","0","1","0","0","0","0","0","0","0","0","0","0","0","0","0","0","0","0","0","0","0","0","0","0","0","0","0","0","0","0","0","0","0","0"
"00001740","송하삼익아파트","00000208","마을715(대촌)","20221003","0","2","1","2","0","2","1","2","0","0","0","0","0","0","0","0","0","0","0","0","0","0","0","0","0","0","0","0","0","0","0","0","0","0","0","0","0","0","0","0","0","0","0","0","0","0","0","0"
"00001744","대성여고","00000004","진월07","20221003","0","1","1","1","0","1","1","1","0","0","0","0","0","0","0","0","8","3","25","3","7","3","20","3","0","0","3","0","1","0","2","0","0","0","1","0","0","0","1","0","0","0","0","0","0","0","0","0"
"00001744","대성여고","00000008","진월17","20221003","4","4","5","4","4","2","3","2","0","0","0","0","0","2","2","2","2","2","0","2","2","2","0","2","0","0","0","0","0","0","0","0","1","0","4","0","1","0","3","0","0","0","0","0","0","0","1","0"
"00001744","대성여고","00000015","일곡28","20221003","1","6","4","6","1","6","4","6","0","0","0","0","0","0","0","0","0","6","3","6","0","2","2","2","0","1","0","1","0","3","1","3","0","0","1","0","0","0","1","0","0","0","0","0","0","0","0","0"
"00001744","대성여고","00000041","대촌70","20221003","3","2","8","2","3","1","3","1","0","0","1","0","0","1","4","1","0","0","1","0","0","0","1","0","0","0","0","0","0","0","0","0","1","0","2","0","1","0","2","0","0","0","0","0","0","0","0","0"
"00001744","대성여고","00000044","송암73","20221003","2","0","3","0","2","0","1","0","0","0","1","0","0","0","1","0","2","0","2","0","1","0","2","0","0","0","0","0","1","0","0","0","1","1","0","1","1","1","0","1","0","0","0","0","0","0","0","0"
"00001744","대성여고","00000048","진월77","20221003","0","0","1","0","0","0","1","0","0","0","0","0","0","0","0","0","0","0","0","0","0","0","0","0","0","0","0","0","0","0","0","0","1","0","2","0","1","0","2","0","0","0","0","0","0","0","0","0"
"00001744","대성여고","00000049","진월78","20221003","0","3","1","3","0","0","1","0","0","0","0","0","0","3","0","3","0","0","0","0","0","0","0","0","0","0","0","0","0","0","0","0","0","0","0","0","0","0","0","0","0","0","0","0","0","0","0","0"
"00001744","대성여고","00000050","진월79","20221003","0","7","2","7","0","1","0","1","0","0","0","0","0","6","2","6","0","1","1","1","0","1","1","1","0","0","0","0","0","0","0","0","3","1","6","1","3","1","3","1","0","0","0","0","0","0","3","0"
"00001744","대성여고","00000065","첨단95","20221003","1","3","3","3","1","3","2","3","0","0","0","0","0","0","1","0","0","0","4","0","0","0","4","0","0","0","0","0","0","0","0","0","2","1","2","1","2","1","2","1","0","0","0","0","0","0","0","0"
"00001744","대성여고","00000069","송정99","20221003","0","0","0","0","0","0","0","0","0","0","0","0","0","0","0","0","0","0","0","0","0","0","0","0","0","0","0","0","0","0","0","0","0","0","0","0","0","0","0","0","0","0","0","0","0","0","0","0"
"00001744","대성여고","00000073","대촌170","20221003","0","0","1","0","0","0","0","0","0","0","1","0","0","0","0","0","0","0","1","0","0","0","1","0","0","0","0","0","0","0","0","0","3","1","2","1","3","1","2","1","0","0","0","0","0","0","0","0"
"00001744","대성여고","00000074","진월177","20221003","2","2","5","2","2","2","4","2","0","0","0","0","0","0","1","0","0","0","1","0","0","0","0","0","0","0","0","0","0","0","1","0","0","0","2","0","0","0","1","0","0","0","0","0","0","0","1","0"
"00001744","대성여고","00000100","진월75","20221003","0","1","9","1","0","0","1","0","0","0","0","0","0","1","8","1","2","0","1","0","2","0","1","0","0","0","0","0","0","0","0","0","1","2","6","2","1","2","5","2","0","0","1","0","0","0","0","0"
"00001744","대성여고","00000101","송암31","20221003","2","0","2","0","2","0","1","0","0","0","0","0","0","0","1","0","2","0","3","0","2","0","3","0","0","0","0","0","0","0","0","0","0","0","0","0","0","0","0","0","0","0","0","0","0","0","0","0"
"00001744","대성여고","00000114","수완03","20221003","4","22","15","22","4","14","11","14","0","1","1","1","0","7","3","7","4","5","8","5","4","5","8","5","0","0","0","0","0","0","0","0","3","9","19","9","3","6","14","6","0","0","1","0","0","3","4","3"
"00001744","대성여고","00000208","마을715(대촌)","20221003","0","8","0","8","0","0","0","0","0","0","0","0","0","8","0","8","2","0","0","0","2","0","0","0","0","0","0","0","0","0","0","0","0","2","5","2","0","0","4","0","0","1","0","1","0","1","1","1"
"00001746","송하삼익아파트","00000004","진월07","20221003","0","0","1","0","0","0","1","0","0","0","0","0","0","0","0","0","1","2","5","2","0","1","5","1","0","0","0","0","1","1","0","1","0","0","0","0","0","0","0","0","0","0","0","0","0","0","0","0"
"00001746","송하삼익아파트","00000008","진월17","20221003","1","1","7","1","1","1","7","1","0","0","0","0","0","0","0","0","0","1","1","1","0","1","1","1","0","0","0","0","0","0","0","0","2","2","0","2","2","2","0","2","0","0","0","0","0","0","0","0"
"00001746","송하삼익아파트","00000015","일곡28","20221003","4","1","3","1","4","1","3","1","0","0","0","0","0","0","0","0","0","0","0","0","0","0","0","0","0","0","0","0","0","0","0","0","1","0","0","0","1","0","0","0","0","0","0","0","0","0","0","0"
"00001746","송하삼익아파트","00000024","송암47","20221003","0","4","2","4","0","4","2","4","0","0","0","0","0","0","0","0","0","0","0","0","0","0","0","0","0","0","0","0","0","0","0","0","1","0","0","0","0","0","0","0","0","0","0","0","1","0","0","0"
"00001746","송하삼익아파트","00000041","대촌70","20221003","0","1","3","1","0","1","2","1","0","0","0","0","0","0","1","0","0","0","0","0","0","0","0","0","0","0","0","0","0","0","0","0","0","1","0","1","0","1","0","1","0","0","0","0","0","0","0","0"
"00001746","송하삼익아파트","00000044","송암73","20221003","2","0","1","0","2","0","1","0","0","0","0","0","0","0","0","0","1","1","1","1","1","1","1","1","0","0","0","0","0","0","0","0","0","0","0","0","0","0","0","0","0","0","0","0","0","0","0","0"
"00001746","송하삼익아파트","00000049","진월78","20221003","0","0","0","0","0","0","0","0","0","0","0","0","0","0","0","0","0","0","0","0","0","0","0","0","0","0","0","0","0","0","0","0","0","0","0","0","0","0","0","0","0","0","0","0","0","0","0","0"
"00001746","송하삼익아파트","00000050","진월79","20221003","0","1","0","1","0","0","0","0","0","0","0","0","0","1","0","1","0","0","0","0","0","0","0","0","0","0","0","0","0","0","0","0","2","0","1","0","2","0","1","0","0","0","0","0","0","0","0","0"
"00001746","송하삼익아파트","00000069","송정99","20221003","0","0","0","0","0","0","0","0","0","0","0","0","0","0","0","0","0","0","0","0","0","0","0","0","0","0","0","0","0","0","0","0","0","0","0","0","0","0","0","0","0","0","0","0","0","0","0","0"
"00001746","송하삼익아파트","00000073","대촌170","20221003","1","1","0","1","1","1","0","1","0","0","0","0","0","0","0","0","0","0","0","0","0","0","0","0","0","0","0","0","0","0","0","0","0","0","0","0","0","0","0","0","0","0","0","0","0","0","0","0"
"00001746","송하삼익아파트","00000101","송암31","20221003","2","1","0","1","2","1","0","1","0","0","0","0","0","0","0","0","1","1","2","1","1","1","2","1","0","0","0","0","0","0","0","0","0","1","0","1","0","1","0","1","0","0","0","0","0","0","0","0"
"00001746","송하삼익아파트","00000208","마을715(대촌)","20221003","0","0","0","0","0","0","0","0","0","0","0","0","0","0","0","0","0","0","0","0","0","0","0","0","0","0","0","0","0","0","0","0","0","0","1","0","0","0","1","0","0","0","0","0","0","0","0","0"
"00001747","남선산업","00000008","진월17","20221003","0","1","2","1","0","1","2","1","0","0","0","0","0","0","0","0","1","1","1","1","0","1","1","1","0","0","0","0","1","0","0","0","0","0","1","0","0","0","1","0","0","0","0","0","0","0","0","0"
"00001747","남선산업","00000015","일곡28","20221003","0","1","0","1","0","1","0","1","0","0","0","0","0","0","0","0","1","0","4","0","1","0","4","0","0","0","0","0","0","0","0","0","0","0","0","0","0","0","0","0","0","0","0","0","0","0","0","0"
"00001747","남선산업","00000024","송암47","20221003","0","0","0","0","0","0","0","0","0","0","0","0","0","0","0","0","0","0","0","0","0","0","0","0","0","0","0","0","0","0","0","0","0","0","0","0","0","0","0","0","0","0","0","0","0","0","0","0"
"00001747","남선산업","00000041","대촌70","20221003","0","0","0","0","0","0","0","0","0","0","0","0","0","0","0","0","0","0","0","0","0","0","0","0","0","0","0","0","0","0","0","0","0","0","1","0","0","0","1","0","0","0","0","0","0","0","0","0"
"00001747","남선산업","00000044","송암73","20221003","0","1","0","1","0","1","0","1","0","0","0","0","0","0","0","0","0","0","0","0","0","0","0","0","0","0","0","0","0","0","0","0","1","0","0","0","1","0","0","0","0","0","0","0","0","0","0","0"
"00001747","남선산업","00000049","진월78","20221003","0","0","0","0","0","0","0","0","0","0","0","0","0","0","0","0","0","0","1","0","0","0","1","0","0","0","0","0","0","0","0","0","0","0","0","0","0","0","0","0","0","0","0","0","0","0","0","0"
"00001747","남선산업","00000050","진월79","20221003","0","0","0","0","0","0","0","0","0","0","0","0","0","0","0","0","0","0","1","0","0","0","0","0","0","0","1","0","0","0","0","0","0","0","0","0","0","0","0","0","0","0","0","0","0","0","0","0"
"00001747","남선산업","00000073","대촌170","20221003","0","0","0","0","0","0","0","0","0","0","0","0","0","0","0","0","0","0","0","0","0","0","0","0","0","0","0","0","0","0","0","0","0","0","0","0","0","0","0","0","0","0","0","0","0","0","0","0"
"00001747","남선산업","00000101","송암31","20221003","0","0","0","0","0","0","0","0","0","0","0","0","0","0","0","0","3","1","2","1","3","1","2","1","0","0","0","0","0","0","0","0","0","0","0","0","0","0","0","0","0","0","0","0","0","0","0","0"
"00001747","남선산업","00000208","마을715(대촌)","20221003","0","0","0","0","0","0","0","0","0","0","0","0","0","0","0","0","2","1","0","1","2","1","0","1","0","0","0","0","0","0","0","0","0","0","0","0","0","0","0","0","0","0","0","0","0","0","0","0"
"00001748","송암공단입구","00000004","진월07","20221003","0","0","0","0","0","0","0","0","0","0","0","0","0","0","0","0","1","5","1","5","1","4","0","4","0","1","1","1","0","0","0","0","0","0","0","0","0","0","0","0","0","0","0","0","0","0","0","0"
"00001748","송암공단입구","00000008","진월17","20221003","9","3","4","3","8","3","4","3","0","0","0","0","1","0","0","0","1","1","0","1","1","1","0","1","0","0","0","0","0","0","0","0","1","3","3","3","0","3","2","3","0","0","0","0","1","0","1","0"
"00001748","송암공단입구","00000015","일곡28","20221003","0","1","1","1","0","1","1","1","0","0","0","0","0","0","0","0","1","1","1","1","1","1","1","1","0","0","0","0","0","0","0","0","0","0","0","0","0","0","0","0","0","0","0","0","0","0","0","0"
"00001748","송암공단입구","00000024","송암47","20221003","1","3","8","3","1","3","8","3","0","0","0","0","0","0","0","0","0","0","0","0","0","0","0","0","0","0","0","0","0","0","0","0","1","3","2","3","1","3","1","3","0","0","1","0","0","0","0","0"
"00001748","송암공단입구","00000043","송암72","20221003","4","5","2","5","4","5","2","5","0","0","0","0","0","0","0","0","0","0","0","0","0","0","0","0","0","0","0","0","0","0","0","0","1","1","2","1","1","1","2","1","0","0","0","0","0","0","0","0"
"00001748","송암공단입구","00000044","송암73","20221003","0","1","0","1","0","0","0","0","0","0","0","0","0","1","0","1","0","0","0","0","0","0","0","0","0","0","0","0","0","0","0","0","0","3","0","3","0","3","0","3","0","0","0","0","0","0","0","0"
"00001748","송암공단입구","00000047","봉선76","20221003","0","0","0","0","0","0","0","0","0","0","0","0","0","0","0","0","0","0","1","0","0","0","1","0","0","0","0","0","0","0","0","0","0","0","0","0","0","0","0","0","0","0","0","0","0","0","0","0"
"00001748","송암공단입구","00000091","송암74","20221003","2","2","3","2","2","1","2","1","0","0","1","0","0","1","0","1","0","0","0","0","0","0","0","0","0","0","0","0","0","0","0","0","1","0","3","0","1","0","3","0","0","0","0","0","0","0","0","0"
"00001748","송암공단입구","00000100","진월75","20221003","0","0","0","0","0","0","0","0","0","0","0","0","0","0","0","0","1","0","0","0","1","0","0","0","0","0","0","0","0","0","0","0","0","0","0","0","0","0","0","0","0","0","0","0","0","0","0","0"
"00001748","송암공단입구","00000101","송암31","20221003","0","0","0","0","0","0","0","0","0","0","0","0","0","0","0","0","1","0","1","0","1","0","1","0","0","0","0","0","0","0","0","0","0","0","0","0","0","0","0","0","0","0","0","0","0","0","0","0"
"00001748","송암공단입구","00000111","송암68","20221003","0","0","0","0","0","0","0","0","0","0","0","0","0","0","0","0","2","1","0","1","2","1","0","1","0","0","0","0","0","0","0","0","0","0","0","0","0","0","0","0","0","0","0","0","0","0","0","0"
"00001748","송암공단입구","00000114","수완03","20221003","0","0","0","0","0","0","0","0","0","0","0","0","0","0","0","0","5","3","2","3","5","3","1","3","0","0","1","0","0","0","0","0","0","0","0","0","0","0","0","0","0","0","0","0","0","0","0","0"
"00001755","동명회/송원고","00000008","진월17","20221003","3","0","1","0","3","0","1","0","0","0","0","0","0","0","0","0","0","0","1","0","0","0","1","0","0","0","0","0","0","0","0","0","0","0","0","0","0","0","0","0","0","0","0","0","0","0","0","0"
"00001755","동명회/송원고","00000015","일곡28","20221003","0","0","0","0","0","0","0","0","0","0","0","0","0","0","0","0","0","1","0","1","0","1","0","1","0","0","0","0","0","0","0","0","0","0","0","0","0","0","0","0","0","0","0","0","0","0","0","0"
"00001755","동명회/송원고","00000024","송암47","20221003","1","0","0","0","1","0","0","0","0","0","0","0","0","0","0","0","0","0","0","0","0","0","0","0","0","0","0","0","0","0","0","0","0","0","0","0","0","0","0","0","0","0","0","0","0","0","0","0"
"00001755","동명회/송원고","00000043","송암72","20221003","0","0","0","0","0","0","0","0","0","0","0","0","0","0","0","0","0","0","0","0","0","0","0","0","0","0","0","0","0","0","0","0","0","0","1","0","0","0","1","0","0","0","0","0","0","0","0","0"
"00001755","동명회/송원고","00000044","송암73","20221003","0","0","0","0","0","0","0","0","0","0","0","0","0","0","0","0","0","0","0","0","0","0","0","0","0","0","0","0","0","0","0","0","0","0","0","0","0","0","0","0","0","0","0","0","0","0","0","0"
"00001755","동명회/송원고","00000091","송암74","20221003","1","1","2","1","1","1","0","1","0","0","1","0","0","0","1","0","0","0","0","0","0","0","0","0","0","0","0","0","0","0","0","0","0","0","0","0","0","0","0","0","0","0","0","0","0","0","0","0"
"00001756","운리마을","00000008","진월17","20221003","0","0","0","0","0","0","0","0","0","0","0","0","0","0","0","0","1","2","1","2","1","1","1","1","0","0","0","0","0","1","0","1","0","0","0","0","0","0","0","0","0","0","0","0","0","0","0","0"
"00001756","운리마을","00000015","일곡28","20221003","0","0","0","0","0","0","0","0","0","0","0","0","0","0","0","0","2","1","0","1","2","1","0","1","0","0","0","0","0","0","0","0","0","0","0","0","0","0","0","0","0","0","0","0","0","0","0","0"
"00001756","운리마을","00000024","송암47","20221003","1","0","0","0","0","0","0","0","0","0","0","0","1","0","0","0","0","0","1","0","0","0","1","0","0","0","0","0","0","0","0","0","0","0","0","0","0","0","0","0","0","0","0","0","0","0","0","0"
"00001756","운리마을","00000044","송암73","20221003","0","0","0","0","0","0","0","0","0","0","0","0","0","0","0","0","0","0","0","0","0","0","0","0","0","0","0","0","0","0","0","0","0","0","0","0","0","0","0","0","0","0","0","0","0","0","0","0"
"00001756","운리마을","00000091","송암74","20221003","0","0","0","0","0","0","0","0","0","0","0","0","0","0","0","0","0","0","0","0","0","0","0","0","0","0","0","0","0","0","0","0","0","0","0","0","0","0","0","0","0","0","0","0","0","0","0","0"
"00001757","풍암대주아파트","00000008","진월17","20221003","1","0","1","0","1","0","1","0","0","0","0","0","0","0","0","0","1","3","1","3","1","3","1","3","0","0","0","0","0","0","0","0","0","0","0","0","0","0","0","0","0","0","0","0","0","0","0","0"
"00001757","풍암대주아파트","00000015","일곡28","20221003","0","0","0","0","0","0","0","0","0","0","0","0","0","0","0","0","2","2","3","2","1","2","3","2","0","0","0","0","1","0","0","0","0","0","0","0","0","0","0","0","0","0","0","0","0","0","0","0"
"00001757","풍암대주아파트","00000024","송암47","20221003","3","0","2","0","1","0","2","0","0","0","0","0","2","0","0","0","0","0","3","0","0","0","3","0","0","0","0","0","0","0","0","0","1","0","0","0","1","0","0","0","0","0","0","0","0","0","0","0"
"00001757","풍암대주아파트","00000043","송암72","20221003","1","2","0","2","1","2","0","2","0","0","0","0","0","0","0","0","0","0","0","0","0","0","0","0","0","0","0","0","0","0","0","0","0","0","0","0","0","0","0","0","0","0","0","0","0","0","0","0"
"00001757","풍암대주아파트","00000044","송암73","20221003","0","0","1","0","0","0","1","0","0","0","0","0","0","0","0","0","0","0","0","0","0","0","0","0","0","0","0","0","0","0","0","0","0","0","0","0","0","0","0","0","0","0","0","0","0","0","0","0"
"00001757","풍암대주아파트","00000091","송암74","20221003","0","1","0","1","0","0","0","0","0","1","0","1","0","0","0","0","0","0","1","0","0","0","1","0","0","0","0","0","0","0","0","0","0","0","0","0","0","0","0","0","0","0","0","0","0","0","0","0"
"00001757","풍암대주아파트","00000201","마을760","20221003","0","0","1","0","0","0","0","0","0","0","1","0","0","0","0","0","0","2","0","2","0","1","0","1","0","0","0","0","0","1","0","1","0","0","1","0","0","0","1","0","0","0","0","0","0","0","0","0"
"00001758","공구단지","00000007","매월16","20221003","0","0","0","0","0","0","0","0","0","0","0","0","0","0","0","0","0","1","0","1","0","1","0","1","0","0","0","0","0","0","0","0","0","0","0","0","0","0","0","0","0","0","0","0","0","0","0","0"
"00001758","공구단지","00000013","매월26","20221003","0","2","0","2","0","2","0","2","0","0","0","0","0","0","0","0","1","3","1","3","1","3","1","3","0","0","0","0","0","0","0","0","0","0","0","0","0","0","0","0","0","0","0","0","0","0","0","0"
"00001758","공구단지","00000015","일곡28","20221003","0","0","0","0","0","0","0","0","0","0","0","0","0","0","0","0","0","1","1","1","0","0","1","0","0","1","0","1","0","0","0","0","0","0","0","0","0","0","0","0","0","0","0","0","0","0","0","0"
"00001758","공구단지","00000034","금남59","20221003","0","0","0","0","0","0","0","0","0","0","0","0","0","0","0","0","1","0","0","0","1","0","0","0","0","0","0","0","0","0","0","0","0","0","0","0","0","0","0","0","0","0","0","0","0","0","0","0"
"00001758","공구단지","00000035","매월61(칠석)","20221003","0","0","0","0","0","0","0","0","0","0","0","0","0","0","0","0","0","1","0","1","0","1","0","1","0","0","0","0","0","0","0","0","0","0","0","0","0","0","0","0","0","0","0","0","0","0","0","0"
"00001758","공구단지","00000042","대촌71","20221003","0","0","0","0","0","0","0","0","0","0","0","0","0","0","0","0","0","0","0","0","0","0","0","0","0","0","0","0","0","0","0","0","0","0","0","0","0","0","0","0","0","0","0","0","0","0","0","0"
"00001758","공구단지","00000049","진월78","20221003","0","0","0","0","0","0","0","0","0","0","0","0","0","0","0","0","0","0","1","0","0","0","1","0","0","0","0","0","0","0","0","0","0","0","0","0","0","0","0","0","0","0","0","0","0","0","0","0"
"00001758","공구단지","00000083","대촌270","20221003","0","0","0","0","0","0","0","0","0","0","0","0","0","0","0","0","1","0","0","0","1","0","0","0","0","0","0","0","0","0","0","0","0","0","0","0","0","0","0","0","0","0","0","0","0","0","0","0"
"00001759","화훼단지","00000003","매월06","20221003","0","0","0","0","0","0","0","0","0","0","0","0","0","0","0","0","2","0","1","0","2","0","1","0","0","0","0","0","0","0","0","0","0","0","0","0","0","0","0","0","0","0","0","0","0","0","0","0"
"00001759","화훼단지","00000013","매월26","20221003","0","0","0","0","0","0","0","0","0","0","0","0","0","0","0","0","0","2","0","2","0","2","0","2","0","0","0","0","0","0","0","0","1","0","0","0","1","0","0","0","0","0","0","0","0","0","0","0"
"00001759","화훼단지","00000015","일곡28","20221003","0","0","0","0","0","0","0","0","0","0","0","0","0","0","0","0","2","1","1","1","2","1","1","1","0","0","0","0","0","0","0","0","0","0","0","0","0","0","0","0","0","0","0","0","0","0","0","0"
"00001759","화훼단지","00000034","금남59","20221003","0","0","0","0","0","0","0","0","0","0","0","0","0","0","0","0","1","1","0","1","1","1","0","1","0","0","0","0","0","0","0","0","0","0","0","0","0","0","0","0","0","0","0","0","0","0","0","0"
"00001760","대동고","00000003","매월06","20221003","0","0","0","0","0","0","0","0","0","0","0","0","0","0","0","0","3","0","0","0","3","0","0","0","0","0","0","0","0","0","0","0","0","0","0","0","0","0","0","0","0","0","0","0","0","0","0","0"
"00001760","대동고","00000007","매월16","20221003","0","0","0","0","0","0","0","0","0","0","0","0","0","0","0","0","0","0","0","0","0","0","0","0","0","0","0","0","0","0","0","0","0","0","0","0","0","0","0","0","0","0","0","0","0","0","0","0"
"00001760","대동고","00000013","매월26","20221003","0","0","0","0","0","0","0","0","0","0","0","0","0","0","0","0","0","0","0","0","0","0","0","0","0","0","0","0","0","0","0","0","0","0","0","0","0","0","0","0","0","0","0","0","0","0","0","0"
"00001760","대동고","00000015","일곡28","20221003","0","0","0","0","0","0","0","0","0","0","0","0","0","0","0","0","0","0","0","0","0","0","0","0","0","0","0","0","0","0","0","0","0","0","0","0","0","0","0","0","0","0","0","0","0","0","0","0"
"00001760","대동고","00000034","금남59","20221003","0","0","0","0","0","0","0","0","0","0","0","0","0","0","0","0","1","0","0","0","1","0","0","0","0","0","0","0","0","0","0","0","0","0","0","0","0","0","0","0","0","0","0","0","0","0","0","0"
"00001760","대동고","00000035","매월61(칠석)","20221003","1","0","0","0","1","0","0","0","0","0","0","0","0","0","0","0","0","0","0","0","0","0","0","0","0","0","0","0","0","0","0","0","1","1","0","1","1","1","0","1","0","0","0","0","0","0","0","0"
"00001760","대동고","00000083","대촌270","20221003","0","0","0","0","0","0","0","0","0","0","0","0","0","0","0","0","0","2","0","2","0","1","0","1","0","1","0","1","0","0","0","0","0","0","0","0","0","0","0","0","0","0","0","0","0","0","0","0"
"00001762","절골입구(서)","00000035","매월61(칠석)","20221003","0","0","0","0","0","0","0","0","0","0","0","0","0","0","0","0","0","0","0","0","0","0","0","0","0","0","0","0","0","0","0","0","0","0","0","0","0","0","0","0","0","0","0","0","0","0","0","0"
"00001763","중촌","00000035","매월61(칠석)","20221003","0","0","0","0","0","0","0","0","0","0","0","0","0","0","0","0","0","0","0","0","0","0","0","0","0","0","0","0","0","0","0","0","0","0","0","0","0","0","0","0","0","0","0","0","0","0","0","0"
"00001763","중촌","00000083","대촌270","20221003","0","0","0","0","0","0","0","0","0","0","0","0","0","0","0","0","0","0","0","0","0","0","0","0","0","0","0","0","0","0","0","0","0","0","0","0","0","0","0","0","0","0","0","0","0","0","0","0"
"00001764","서창치안센터","00000035","매월61(칠석)","20221003","0","0","0","0","0","0","0","0","0","0","0","0","0","0","0","0","0","0","0","0","0","0","0","0","0","0","0","0","0","0","0","0","0","0","0","0","0","0","0","0","0","0","0","0","0","0","0","0"
"00001768","개동","00000040","대촌69","20221003","0","0","0","0","0","0","0","0","0","0","0","0","0","0","0","0","0","0","0","0","0","0","0","0","0","0","0","0","0","0","0","0","0","0","0","0","0","0","0","0","0","0","0","0","0","0","0","0"
"00001769","대촌한일베라체","00000035","매월61(칠석)","20221003","0","0","0","0","0","0","0","0","0","0","0","0","0","0","0","0","0","3","0","3","0","3","0","3","0","0","0","0","0","0","0","0","0","0","0","0","0","0","0","0","0","0","0","0","0","0","0","0"
"00001769","대촌한일베라체","00000040","대촌69","20221003","0","0","0","0","0","0","0","0","0","0","0","0","0","0","0","0","0","0","0","0","0","0","0","0","0","0","0","0","0","0","0","0","0","0","0","0","0","0","0","0","0","0","0","0","0","0","0","0"
"00001769","대촌한일베라체","00000041","대촌70","20221003","4","8","3","8","3","2","3","2","0","0","0","0","1","6","0","6","0","0","0","0","0","0","0","0","0","0","0","0","0","0","0","0","0","0","0","0","0","0","0","0","0","0","0","0","0","0","0","0"
"00001769","대촌한일베라체","00000208","마을715(대촌)","20221003","1","7","0","7","0","5","0","5","0","0","0","0","1","2","0","2","0","0","0","0","0","0","0","0","0","0","0","0","0","0","0","0","0","0","0","0","0","0","0","0","0","0","0","0","0","0","0","0"
"00001770","지석사거리","00000040","대촌69","20221003","0","0","0","0","0","0","0","0","0","0","0","0","0","0","0","0","1","0","0","0","1","0","0","0","0","0","0","0","0","0","0","0","0","0","0","0","0","0","0","0","0","0","0","0","0","0","0","0"
"00001772","대촌미곡처리장","00000041","대촌70","20221003","0","0","0","0","0","0","0","0","0","0","0","0","0","0","0","0","1","0","0","0","1","0","0","0","0","0","0","0","0","0","0","0","0","0","0","0","0","0","0","0","0","0","0","0","0","0","0","0"
"00001774","대지동하촌","00000041","대촌70","20221003","0","0","0","0","0","0","0","0","0","0","0","0","0","0","0","0","2","0","0","0","2","0","0","0","0","0","0","0","0","0","0","0","0","0","0","0","0","0","0","0","0","0","0","0","0","0","0","0"
"00001775","육묘장","00000041","대촌70","20221003","0","0","0","0","0","0","0","0","0","0","0","0","0","0","0","0","0","0","1","0","0","0","1","0","0","0","0","0","0","0","0","0","0","0","0","0","0","0","0","0","0","0","0","0","0","0","0","0"
"00001777","신장","00000041","대촌70","20221003","2","4","2","4","2","3","2","3","0","1","0","1","0","0","0","0","0","0","0","0","0","0","0","0","0","0","0","0","0","0","0","0","0","0","0","0","0","0","0","0","0","0","0","0","0","0","0","0"
"00001791","화장앞길","00000042","대촌71","20221003","0","0","1","0","0","0","1","0","0","0","0","0","0","0","0","0","0","0","0","0","0","0","0","0","0","0","0","0","0","0","0","0","0","0","0","0","0","0","0","0","0","0","0","0","0","0","0","0"
"00001791","화장앞길","00000083","대촌270","20221003","1","0","0","0","1","0","0","0","0","0","0","0","0","0","0","0","0","0","0","0","0","0","0","0","0","0","0","0","0","0","0","0","0","0","0","0","0","0","0","0","0","0","0","0","0","0","0","0"
"00001793","농막","00000042","대촌71","20221003","0","2","0","2","0","1","0","1","0","0","0","0","0","1","0","1","0","0","0","0","0","0","0","0","0","0","0","0","0","0","0","0","0","0","0","0","0","0","0","0","0","0","0","0","0","0","0","0"
"00001793","농막","00000069","송정99","20221003","0","1","0","1","0","1","0","1","0","0","0","0","0","0","0","0","0","0","0","0","0","0","0","0","0","0","0","0","0","0","0","0","0","0","0","0","0","0","0","0","0","0","0","0","0","0","0","0"
"00001794","시산","00000042","대촌71","20221003","0","0","1","0","0","0","1","0","0","0","0","0","0","0","0","0","0","0","0","0","0","0","0","0","0","0","0","0","0","0","0","0","0","0","0","0","0","0","0","0","0","0","0","0","0","0","0","0"
"00001802","서창농협 벽진지점","00000001","순환01(시청행)","20221003","1","0","1","0","1","0","1","0","0","0","0","0","0","0","0","0","0","0","0","0","0","0","0","0","0","0","0","0","0","0","0","0","0","0","0","0","0","0","0","0","0","0","0","0","0","0","0","0"
"00001802","서창농협 벽진지점","00000012","지원25","20221003","0","0","0","0","0","0","0","0","0","0","0","0","0","0","0","0","0","0","0","0","0","0","0","0","0","0","0","0","0","0","0","0","0","0","0","0","0","0","0","0","0","0","0","0","0","0","0","0"
"00001802","서창농협 벽진지점","00000025","운림50","20221003","0","1","1","1","0","0","1","0","0","1","0","1","0","0","0","0","0","0","0","0","0","0","0","0","0","0","0","0","0","0","0","0","0","0","0","0","0","0","0","0","0","0","0","0","0","0","0","0"
"00001802","서창농협 벽진지점","00000038","상무64","20221003","0","0","0","0","0","0","0","0","0","0","0","0","0","0","0","0","0","0","0","0","0","0","0","0","0","0","0","0","0","0","0","0","0","0","0","0","0","0","0","0","0","0","0","0","0","0","0","0"
"00001802","서창농협 벽진지점","00000040","대촌69","20221003","0","0","0","0","0","0","0","0","0","0","0","0","0","0","0","0","0","0","0","0","0","0","0","0","0","0","0","0","0","0","0","0","0","0","0","0","0","0","0","0","0","0","0","0","0","0","0","0"
"00001802","서창농협 벽진지점","00000083","대촌270","20221003","1","0","0","0","1","0","0","0","0","0","0","0","0","0","0","0","0","0","0","0","0","0","0","0","0","0","0","0","0","0","0","0","0","0","0","0","0","0","0","0","0","0","0","0","0","0","0","0"
"00001802","서창농협 벽진지점","00000100","진월75","20221003","0","1","0","1","0","1","0","1","0","0","0","0","0","0","0","0","0","1","0","1","0","1","0","1","0","0","0","0","0","0","0","0","0","0","0","0","0","0","0","0","0","0","0","0","0","0","0","0"
"00001802","서창농협 벽진지점","00000112","순환01(운천저수지)","20221003","1","0","0","0","1","0","0","0","0","0","0","0","0","0","0","0","1","0","0","0","1","0","0","0","0","0","0","0","0","0","0","0","0","0","0","0","0","0","0","0","0","0","0","0","0","0","0","0"
"00001805","석곡파출소","00000076","두암181","20221003","0","0","0","0","0","0","0","0","0","0","0","0","0","0","0","0","1","0","0","0","1","0","0","0","0","0","0","0","0","0","0","0","0","0","0","0","0","0","0","0","0","0","0","0","0","0","0","0"
"00001805","석곡파출소","00000086","518","20221003","0","0","0","0","0","0","0","0","0","0","0","0","0","0","0","0","0","0","0","0","0","0","0","0","0","0","0","0","0","0","0","0","0","0","0","0","0","0","0","0","0","0","0","0","0","0","0","0"
"00001810","고서사거리","00000076","두암181","20221003","0","0","0","0","0","0","0","0","0","0","0","0","0","0","0","0","0","0","0","0","0","0","0","0","0","0","0","0","0","0","0","0","0","0","0","0","0","0","0","0","0","0","0","0","0","0","0","0"
"00001813","교산","00000076","두암181","20221003","0","0","0","0","0","0","0","0","0","0","0","0","0","0","0","0","0","0","0","0","0","0","0","0","0","0","0","0","0","0","0","0","0","0","0","0","0","0","0","0","0","0","0","0","0","0","0","0"
"00001815","산덕","00000076","두암181","20221003","0","0","0","0","0","0","0","0","0","0","0","0","0","0","0","0","0","0","0","0","0","0","0","0","0","0","0","0","0","0","0","0","0","0","0","0","0","0","0","0","0","0","0","0","0","0","0","0"
"00001816","보평리","00000076","두암181","20221003","0","0","0","0","0","0","0","0","0","0","0","0","0","0","0","0","0","0","0","0","0","0","0","0","0","0","0","0","0","0","0","0","0","0","0","0","0","0","0","0","0","0","0","0","0","0","0","0"
"00001817","창평고입구","00000076","두암181","20221003","0","0","0","0","0","0","0","0","0","0","0","0","0","0","0","0","0","0","0","0","0","0","0","0","0","0","0","0","0","0","0","0","0","0","0","0","0","0","0","0","0","0","0","0","0","0","0","0"
"00001818","창평초교","00000076","두암181","20221003","0","0","0","0","0","0","0","0","0","0","0","0","0","0","0","0","0","0","0","0","0","0","0","0","0","0","0","0","0","0","0","0","0","0","0","0","0","0","0","0","0","0","0","0","0","0","0","0"
"00001821","신갈","00000076","두암181","20221003","0","0","0","0","0","0","0","0","0","0","0","0","0","0","0","0","0","0","0","0","0","0","0","0","0","0","0","0","0","0","0","0","0","0","0","0","0","0","0","0","0","0","0","0","0","0","0","0"
"00001822","대덕","00000076","두암181","20221003","0","1","0","1","0","1","0","1","0","0","0","0","0","0","0","0","0","0","0","0","0","0","0","0","0","0","0","0","0","0","0","0","0","0","0","0","0","0","0","0","0","0","0","0","0","0","0","0"
"00001824","오강리","00000076","두암181","20221003","0","0","0","0","0","0","0","0","0","0","0","0","0","0","0","0","0","0","0","0","0","0","0","0","0","0","0","0","0","0","0","0","0","0","0","0","0","0","0","0","0","0","0","0","0","0","0","0"
"00001825","고서중","00000076","두암181","20221003","0","0","0","0","0","0","0","0","0","0","0","0","0","0","0","0","0","0","0","0","0","0","0","0","0","0","0","0","0","0","0","0","0","0","0","0","0","0","0","0","0","0","0","0","0","0","0","0"
"00001826","고서사거리","00000076","두암181","20221003","0","0","0","0","0","0","0","0","0","0","0","0","0","0","0","0","0","0","0","0","0","0","0","0","0","0","0","0","0","0","0","0","0","0","0","0","0","0","0","0","0","0","0","0","0","0","0","0"
"00001830","보촌2구","00000076","두암181","20221003","0","0","0","0","0","0","0","0","0","0","0","0","0","0","0","0","0","0","0","0","0","0","0","0","0","0","0","0","0","0","0","0","0","0","0","0","0","0","0","0","0","0","0","0","0","0","0","0"
"00001831","석곡파출소","00000076","두암181","20221003","0","0","0","0","0","0","0","0","0","0","0","0","0","0","0","0","0","0","0","0","0","0","0","0","0","0","0","0","0","0","0","0","0","0","0","0","0","0","0","0","0","0","0","0","0","0","0","0"
"00001831","석곡파출소","00000086","518","20221003","0","4","0","4","0","4","0","4","0","0","0","0","0","0","0","0","0","0","0","0","0","0","0","0","0","0","0","0","0","0","0","0","0","0","0","0","0","0","0","0","0","0","0","0","0","0","0","0"
"00001855","수북면사무소","00000077","용전184","20221003","0","0","0","0","0","0","0","0","0","0","0","0","0","0","0","0","0","0","0","0","0","0","0","0","0","0","0","0","0","0","0","0","0","0","0","0","0","0","0","0","0","0","0","0","0","0","0","0"
"00001857","고성리","00000077","용전184","20221003","0","0","0","0","0","0","0","0","0","0","0","0","0","0","0","0","0","0","0","0","0","0","0","0","0","0","0","0","0","0","0","0","0","0","0","0","0","0","0","0","0","0","0","0","0","0","0","0"
"00001858","월성(담양)","00000077","용전184","20221003","0","0","0","0","0","0","0","0","0","0","0","0","0","0","0","0","0","0","0","0","0","0","0","0","0","0","0","0","0","0","0","0","0","0","0","0","0","0","0","0","0","0","0","0","0","0","0","0"
"00001860","성산리","00000077","용전184","20221003","0","0","0","0","0","0","0","0","0","0","0","0","0","0","0","0","0","0","0","0","0","0","0","0","0","0","0","0","0","0","0","0","0","0","0","0","0","0","0","0","0","0","0","0","0","0","0","0"
"00001861","행정리","00000077","용전184","20221003","0","0","0","0","0","0","0","0","0","0","0","0","0","0","0","0","0","0","0","0","0","0","0","0","0","0","0","0","0","0","0","0","0","0","0","0","0","0","0","0","0","0","0","0","0","0","0","0"
"00001863","병풍리","00000077","용전184","20221003","0","0","0","0","0","0","0","0","0","0","0","0","0","0","0","0","0","0","0","0","0","0","0","0","0","0","0","0","0","0","0","0","0","0","0","0","0","0","0","0","0","0","0","0","0","0","0","0"
"00001865","한재초교","00000077","용전184","20221003","0","0","0","0","0","0","0","0","0","0","0","0","0","0","0","0","0","0","0","0","0","0","0","0","0","0","0","0","0","0","0","0","0","0","0","0","0","0","0","0","0","0","0","0","0","0","0","0"
"00001867","한재중","00000077","용전184","20221003","0","0","0","0","0","0","0","0","0","0","0","0","0","0","0","0","0","0","0","0","0","0","0","0","0","0","0","0","0","0","0","0","0","0","0","0","0","0","0","0","0","0","0","0","0","0","0","0"
"00001868","시목","00000077","용전184","20221003","0","0","0","0","0","0","0","0","0","0","0","0","0","0","0","0","0","0","0","0","0","0","0","0","0","0","0","0","0","0","0","0","0","0","0","0","0","0","0","0","0","0","0","0","0","0","0","0"
"00001872","용산교(북구)","00000077","용전184","20221003","0","0","0","0","0","0","0","0","0","0","0","0","0","0","0","0","0","0","0","0","0","0","0","0","0","0","0","0","0","0","0","0","0","0","0","0","0","0","0","0","0","0","0","0","0","0","0","0"
"00001873","전통공예문화학교","00000006","지원15","20221003","0","0","0","0","0","0","0","0","0","0","0","0","0","0","0","0","0","0","0","0","0","0","0","0","0","0","0","0","0","0","0","0","0","0","0","0","0","0","0","0","0","0","0","0","0","0","0","0"
"00001873","전통공예문화학교","00000055","용전84","20221003","0","0","0","0","0","0","0","0","0","0","0","0","0","0","0","0","0","0","0","0","0","0","0","0","0","0","0","0","0","0","0","0","0","0","0","0","0","0","0","0","0","0","0","0","0","0","0","0"
"00001877","효령노인복지타운","00000006","지원15","20221003","0","0","0","0","0","0","0","0","0","0","0","0","0","0","0","0","1","0","0","0","1","0","0","0","0","0","0","0","0","0","0","0","0","0","0","0","0","0","0","0","0","0","0","0","0","0","0","0"
"00001877","효령노인복지타운","00000055","용전84","20221003","0","0","0","0","0","0","0","0","0","0","0","0","0","0","0","0","0","0","0","0","0","0","0","0","0","0","0","0","0","0","0","0","0","0","0","0","0","0","0","0","0","0","0","0","0","0","0","0"
"00001877","효령노인복지타운","00000057","용전86","20221003","0","0","0","0","0","0","0","0","0","0","0","0","0","0","0","0","0","1","0","1","0","1","0","1","0","0","0","0","0","0","0","0","0","0","0","0","0","0","0","0","0","0","0","0","0","0","0","0"
"00001878","북초교","00000006","지원15","20221003","0","0","0","0","0","0","0","0","0","0","0","0","0","0","0","0","0","0","0","0","0","0","0","0","0","0","0","0","0","0","0","0","0","0","0","0","0","0","0","0","0","0","0","0","0","0","0","0"
"00001880","영락공원입구","00000086","518","20221003","0","0","0","0","0","0","0","0","0","0","0","0","0","0","0","0","0","0","0","0","0","0","0","0","0","0","0","0","0","0","0","0","0","0","0","0","0","0","0","0","0","0","0","0","0","0","0","0"
"00001882","수곡","00000086","518","20221003","0","0","0","0","0","0","0","0","0","0","0","0","0","0","0","0","0","0","0","0","0","0","0","0","0","0","0","0","0","0","0","0","0","0","0","0","0","0","0","0","0","0","0","0","0","0","0","0"
"00001884","단지삼거리","00000006","지원15","20221003","0","0","0","0","0","0","0","0","0","0","0","0","0","0","0","0","0","0","0","0","0","0","0","0","0","0","0","0","0","0","0","0","0","0","0","0","0","0","0","0","0","0","0","0","0","0","0","0"
"00001884","단지삼거리","00000055","용전84","20221003","0","0","0","0","0","0","0","0","0","0","0","0","0","0","0","0","0","0","0","0","0","0","0","0","0","0","0","0","0","0","0","0","0","0","0","0","0","0","0","0","0","0","0","0","0","0","0","0"
"00001884","단지삼거리","00000086","518","20221003","0","0","1","0","0","0","1","0","0","0","0","0","0","0","0","0","0","0","0","0","0","0","0","0","0","0","0","0","0","0","0","0","0","0","0","0","0","0","0","0","0","0","0","0","0","0","0","0"
"00001885","단지마을","00000086","518","20221003","0","0","0","0","0","0","0","0","0","0","0","0","0","0","0","0","0","0","0","0","0","0","0","0","0","0","0","0","0","0","0","0","0","0","0","0","0","0","0","0","0","0","0","0","0","0","0","0"
"00001886","시립공원묘지","00000086","518","20221003","0","0","0","0","0","0","0","0","0","0","0","0","0","0","0","0","0","0","0","0","0","0","0","0","0","0","0","0","0","0","0","0","0","0","0","0","0","0","0","0","0","0","0","0","0","0","0","0"
"00001887","공원묘지","00000086","518","20221003","0","6","0","6","0","6","0","6","0","0","0","0","0","0","0","0","0","0","0","0","0","0","0","0","0","0","0","0","0","0","0","0","0","0","0","0","0","0","0","0","0","0","0","0","0","0","0","0"
"00001888","국립5.18민주묘지","00000086","518","20221003","0","0","0","0","0","0","0","0","0","0","0","0","0","0","0","0","0","0","0","0","0","0","0","0","0","0","0","0","0","0","0","0","0","0","0","0","0","0","0","0","0","0","0","0","0","0","0","0"
"00001889","어운","00000086","518","20221003","3","0","0","0","3","0","0","0","0","0","0","0","0","0","0","0","0","0","0","0","0","0","0","0","0","0","0","0","0","0","0","0","0","0","0","0","0","0","0","0","0","0","0","0","0","0","0","0"
"00001890","주룡","00000086","518","20221003","2","0","0","0","2","0","0","0","0","0","0","0","0","0","0","0","1","0","0","0","1","0","0","0","0","0","0","0","0","0","0","0","0","0","0","0","0","0","0","0","0","0","0","0","0","0","0","0"
"00001891","복다우","00000086","518","20221003","1","2","1","2","1","2","1","2","0","0","0","0","0","0","0","0","0","0","0","0","0","0","0","0","0","0","0","0","0","0","0","0","0","0","0","0","0","0","0","0","0","0","0","0","0","0","0","0"
"00001892","공원묘지입구","00000086","518","20221003","0","0","0","0","0","0","0","0","0","0","0","0","0","0","0","0","0","0","0","0","0","0","0","0","0","0","0","0","0","0","0","0","0","0","0","0","0","0","0","0","0","0","0","0","0","0","0","0"
"00001893","태령","00000006","지원15","20221003","0","0","0","0","0","0","0","0","0","0","0","0","0","0","0","0","0","0","1","0","0","0","1","0","0","0","0","0","0","0","0","0","0","0","0","0","0","0","0","0","0","0","0","0","0","0","0","0"
"00001895","와우리","00000055","용전84","20221003","0","0","0","0","0","0","0","0","0","0","0","0","0","0","0","0","0","0","0","0","0","0","0","0","0","0","0","0","0","0","0","0","0","0","0","0","0","0","0","0","0","0","0","0","0","0","0","0"
"00001896","양지","00000055","용전84","20221003","0","0","0","0","0","0","0","0","0","0","0","0","0","0","0","0","0","0","0","0","0","0","0","0","0","0","0","0","0","0","0","0","0","0","0","0","0","0","0","0","0","0","0","0","0","0","0","0"
"00001897","월전(담양)","00000055","용전84","20221003","0","0","0","0","0","0","0","0","0","0","0","0","0","0","0","0","0","0","0","0","0","0","0","0","0","0","0","0","0","0","0","0","0","0","0","0","0","0","0","0","0","0","0","0","0","0","0","0"
"00001898","양지분교","00000055","용전84","20221003","0","0","0","0","0","0","0","0","0","0","0","0","0","0","0","0","0","0","0","0","0","0","0","0","0","0","0","0","0","0","0","0","0","0","0","0","0","0","0","0","0","0","0","0","0","0","0","0"
"00001899","송강정종점","00000055","용전84","20221003","0","0","0","0","0","0","0","0","0","0","0","0","0","0","0","0","0","0","0","0","0","0","0","0","0","0","0","0","0","0","0","0","0","0","0","0","0","0","0","0","0","0","0","0","0","0","0","0"
"00001904","연천","00000078","충효187","20221003","1","0","0","0","1","0","0","0","0","0","0","0","0","0","0","0","0","0","0","0","0","0","0","0","0","0","0","0","0","0","0","0","0","0","0","0","0","0","0","0","0","0","0","0","0","0","0","0"
"00001905","반석","00000078","충효187","20221003","0","0","0","0","0","0","0","0","0","0","0","0","0","0","0","0","0","0","0","0","0","0","0","0","0","0","0","0","0","0","0","0","0","0","0","0","0","0","0","0","0","0","0","0","0","0","0","0"
"00001907","소쇄원","00000078","충효187","20221003","0","0","0","0","0","0","0","0","0","0","0","0","0","0","0","0","0","0","0","0","0","0","0","0","0","0","0","0","0","0","0","0","0","0","0","0","0","0","0","0","0","0","0","0","0","0","0","0"
"00001910","가사문학관","00000078","충효187","20221003","0","4","2","4","0","4","2","4","0","0","0","0","0","0","0","0","0","0","0","0","0","0","0","0","0","0","0","0","0","0","0","0","0","0","0","0","0","0","0","0","0","0","0","0","0","0","0","0"
"00001912","충효동환벽당","00000078","충효187","20221003","0","2","0","2","0","2","0","2","0","0","0","0","0","0","0","0","0","0","0","0","0","0","0","0","0","0","0","0","0","0","0","0","0","0","0","0","0","0","0","0","0","0","0","0","0","0","0","0"
"00001912","충효동환벽당","00000121","충효188","20221003","0","0","0","0","0","0","0","0","0","0","0","0","0","0","0","0","0","1","0","1","0","1","0","1","0","0","0","0","0","0","0","0","0","0","0","0","0","0","0","0","0","0","0","0","0","0","0","0"
"00001913","광주호호수생태원","00000078","충효187","20221003","2","8","6","8","2","5","5","5","0","0","0","0","0","3","1","3","0","0","0","0","0","0","0","0","0","0","0","0","0","0","0","0","0","0","0","0","0","0","0","0","0","0","0","0","0","0","0","0"
"00001913","광주호호수생태원","00000121","충효188","20221003","0","0","0","0","0","0","0","0","0","0","0","0","0","0","0","0","0","1","0","1","0","1","0","1","0","0","0","0","0","0","0","0","0","0","0","0","0","0","0","0","0","0","0","0","0","0","0","0"
"00001914","수리","00000078","충효187","20221003","0","1","0","1","0","1","0","1","0","0","0","0","0","0","0","0","0","0","0","0","0","0","0","0","0","0","0","0","0","0","0","0","0","0","0","0","0","0","0","0","0","0","0","0","0","0","0","0"
"00001915","석제","00000078","충효187","20221003","1","2","0","2","1","2","0","2","0","0","0","0","0","0","0","0","0","0","0","0","0","0","0","0","0","0","0","0","0","0","0","0","0","0","0","0","0","0","0","0","0","0","0","0","0","0","0","0"
"00001916","금곡","00000078","충효187","20221003","3","0","3","0","3","0","3","0","0","0","0","0","0","0","0","0","0","0","0","0","0","0","0","0","0","0","0","0","0","0","0","0","0","0","0","0","0","0","0","0","0","0","0","0","0","0","0","0"
"00001917","충장사(북)","00000078","충효187","20221003","0","0","0","0","0","0","0","0","0","0","0","0","0","0","0","0","0","0","0","0","0","0","0","0","0","0","0","0","0","0","0","0","0","0","0","0","0","0","0","0","0","0","0","0","0","0","0","0"
"00001918","인성고","00000041","대촌70","20221003","1","2","0","2","1","2","0","2","0","0","0","0","0","0","0","0","0","0","0","0","0","0","0","0","0","0","0","0","0","0","0","0","0","0","0","0","0","0","0","0","0","0","0","0","0","0","0","0"
"00001918","인성고","00000050","진월79","20221003","0","0","0","0","0","0","0","0","0","0","0","0","0","0","0","0","2","1","0","1","2","1","0","1","0","0","0","0","0","0","0","0","0","0","1","0","0","0","1","0","0","0","0","0","0","0","0","0"
"00001918","인성고","00000069","송정99","20221003","0","0","0","0","0","0","0","0","0","0","0","0","0","0","0","0","0","0","0","0","0","0","0","0","0","0","0","0","0","0","0","0","0","0","0","0","0","0","0","0","0","0","0","0","0","0","0","0"
"00001918","인성고","00000073","대촌170","20221003","0","0","0","0","0","0","0","0","0","0","0","0","0","0","0","0","0","0","1","0","0","0","1","0","0","0","0","0","0","0","0","0","0","0","0","0","0","0","0","0","0","0","0","0","0","0","0","0"
"00001918","인성고","00000100","진월75","20221003","0","1","0","1","0","1","0","1","0","0","0","0","0","0","0","0","0","0","0","0","0","0","0","0","0","0","0","0","0","0","0","0","0","0","0","0","0","0","0","0","0","0","0","0","0","0","0","0"
"00001918","인성고","00000111","송암68","20221003","0","1","1","1","0","1","1","1","0","0","0","0","0","0","0","0","0","0","0","0","0","0","0","0","0","0","0","0","0","0","0","0","0","0","1","0","0","0","1","0","0","0","0","0","0","0","0","0"
"00001918","인성고","00000208","마을715(대촌)","20221003","0","0","0","0","0","0","0","0","0","0","0","0","0","0","0","0","0","0","0","0","0","0","0","0","0","0","0","0","0","0","0","0","0","0","0","0","0","0","0","0","0","0","0","0","0","0","0","0"
"00001919","송암동","00000041","대촌70","20221003","0","0","0","0","0","0","0","0","0","0","0","0","0","0","0","0","0","0","0","0","0","0","0","0","0","0","0","0","0","0","0","0","0","0","0","0","0","0","0","0","0","0","0","0","0","0","0","0"
"00001919","송암동","00000049","진월78","20221003","0","0","0","0","0","0","0","0","0","0","0","0","0","0","0","0","0","1","0","1","0","0","0","0","0","0","0","0","0","1","0","1","0","0","0","0","0","0","0","0","0","0","0","0","0","0","0","0"
"00001920","광곡입구","00000114","수완03","20221003","0","0","0","0","0","0","0","0","0","0","0","0","0","0","0","0","2","0","1","0","2","0","1","0","0","0","0","0","0","0","0","0","0","0","0","0","0","0","0","0","0","0","0","0","0","0","0","0"
"00001924","향등","00000041","대촌70","20221003","0","0","0","0","0","0","0","0","0","0","0","0","0","0","0","0","1","0","0","0","1","0","0","0","0","0","0","0","0","0","0","0","0","0","0","0","0","0","0","0","0","0","0","0","0","0","0","0"
"00001924","향등","00000073","대촌170","20221003","0","0","0","0","0","0","0","0","0","0","0","0","0","0","0","0","0","0","0","0","0","0","0","0","0","0","0","0","0","0","0","0","0","0","0","0","0","0","0","0","0","0","0","0","0","0","0","0"
"00001925","양과동","00000041","대촌70","20221003","0","1","0","1","0","0","0","0","0","0","0","0","0","1","0","1","1","0","0","0","1","0","0","0","0","0","0","0","0","0","0","0","0","0","0","0","0","0","0","0","0","0","0","0","0","0","0","0"
"00001926","수춘","00000041","대촌70","20221003","0","0","1","0","0","0","1","0","0","0","0","0","0","0","0","0","1","0","1","0","1","0","1","0","0","0","0","0","0","0","0","0","0","0","0","0","0","0","0","0","0","0","0","0","0","0","0","0"
"00001926","수춘","00000073","대촌170","20221003","0","0","0","0","0","0","0","0","0","0","0","0","0","0","0","0","1","0","0","0","1","0","0","0","0","0","0","0","0","0","0","0","0","0","0","0","0","0","0","0","0","0","0","0","0","0","0","0"
"00001929","복수","00000041","대촌70","20221003","0","1","1","1","0","1","1","1","0","0","0","0","0","0","0","0","0","0","0","0","0","0","0","0","0","0","0","0","0","0","0","0","0","0","0","0","0","0","0","0","0","0","0","0","0","0","0","0"
"00001931","원산","00000041","대촌70","20221003","0","0","0","0","0","0","0","0","0","0","0","0","0","0","0","0","0","0","0","0","0","0","0","0","0","0","0","0","0","0","0","0","0","0","0","0","0","0","0","0","0","0","0","0","0","0","0","0"
"00001931","원산","00000208","마을715(대촌)","20221003","0","1","0","1","0","1","0","1","0","0","0","0","0","0","0","0","0","0","0","0","0","0","0","0","0","0","0","0","0","0","0","0","0","0","0","0","0","0","0","0","0","0","0","0","0","0","0","0"
"00001932","상지석","00000041","대촌70","20221003","0","0","0","0","0","0","0","0","0","0","0","0","0","0","0","0","0","1","0","1","0","1","0","1","0","0","0","0","0","0","0","0","0","0","0","0","0","0","0","0","0","0","0","0","0","0","0","0"
"00001933","하지석","00000041","대촌70","20221003","0","0","0","0","0","0","0","0","0","0","0","0","0","0","0","0","0","1","0","1","0","1","0","1","0","0","0","0","0","0","0","0","0","0","0","0","0","0","0","0","0","0","0","0","0","0","0","0"
"00001933","하지석","00000073","대촌170","20221003","0","0","0","0","0","0","0","0","0","0","0","0","0","0","0","0","0","0","1","0","0","0","1","0","0","0","0","0","0","0","0","0","0","0","0","0","0","0","0","0","0","0","0","0","0","0","0","0"
"00001933","하지석","00000208","마을715(대촌)","20221003","0","0","0","0","0","0","0","0","0","0","0","0","0","0","0","0","0","0","1","0","0","0","0","0","0","0","0","0","0","0","1","0","0","0","0","0","0","0","0","0","0","0","0","0","0","0","0","0"
"00001934","대촌동행정복지센터","00000041","대촌70","20221003","0","1","2","1","0","1","2","1","0","0","0","0","0","0","0","0","0","1","0","1","0","1","0","1","0","0","0","0","0","0","0","0","0","1","0","1","0","1","0","1","0","0","0","0","0","0","0","0"
"00001934","대촌동행정복지센터","00000069","송정99","20221003","0","0","0","0","0","0","0","0","0","0","0","0","0","0","0","0","0","0","0","0","0","0","0","0","0","0","0","0","0","0","0","0","0","0","0","0","0","0","0","0","0","0","0","0","0","0","0","0"
"00001934","대촌동행정복지센터","00000208","마을715(대촌)","20221003","0","0","0","0","0","0","0","0","0","0","0","0","0","0","0","0","2","1","0","1","2","1","0","1","0","0","0","0","0","0","0","0","0","0","0","0","0","0","0","0","0","0","0","0","0","0","0","0"
"00001940","남평교","00000073","대촌170","20221003","0","0","0","0","0","0","0","0","0","0","0","0","0","0","0","0","0","0","0","0","0","0","0","0","0","0","0","0","0","0","0","0","0","1","0","1","0","1","0","1","0","0","0","0","0","0","0","0"
"00001943","나주축산농협","00000073","대촌170","20221003","0","1","2","1","0","1","2","1","0","0","0","0","0","0","0","0","0","0","0","0","0","0","0","0","0","0","0","0","0","0","0","0","0","0","0","0","0","0","0","0","0","0","0","0","0","0","0","0"
"00001946","광주어망","00000073","대촌170","20221003","0","0","0","0","0","0","0","0","0","0","0","0","0","0","0","0","1","0","0","0","1","0","0","0","0","0","0","0","0","0","0","0","0","0","0","0","0","0","0","0","0","0","0","0","0","0","0","0"
"00001948","방축마을","00000073","대촌170","20221003","0","0","0","0","0","0","0","0","0","0","0","0","0","0","0","0","0","0","1","0","0","0","1","0","0","0","0","0","0","0","0","0","0","0","0","0","0","0","0","0","0","0","0","0","0","0","0","0"
"00001953","산제 윗길","00000073","대촌170","20221003","0","0","0","0","0","0","0","0","0","0","0","0","0","0","0","0","1","0","0","0","1","0","0","0","0","0","0","0","0","0","0","0","0","0","0","0","0","0","0","0","0","0","0","0","0","0","0","0"
"00001958","행정","00000073","대촌170","20221003","1","0","0","0","1","0","0","0","0","0","0","0","0","0","0","0","0","0","0","0","0","0","0","0","0","0","0","0","0","0","0","0","0","0","0","0","0","0","0","0","0","0","0","0","0","0","0","0"
"00001960","산제 아랫길","00000073","대촌170","20221003","0","0","0","0","0","0","0","0","0","0","0","0","0","0","0","0","0","0","0","0","0","0","0","0","0","0","0","0","0","0","0","0","0","0","0","0","0","0","0","0","0","0","0","0","0","0","0","0"
"00001961","팔마아파트","00000073","대촌170","20221003","2","0","0","0","2","0","0","0","0","0","0","0","0","0","0","0","0","0","0","0","0","0","0","0","0","0","0","0","0","0","0","0","0","0","0","0","0","0","0","0","0","0","0","0","0","0","0","0"
"00001962","남평미래병원","00000073","대촌170","20221003","5","0","0","0","5","0","0","0","0","0","0","0","0","0","0","0","0","0","0","0","0","0","0","0","0","0","0","0","0","0","0","0","0","0","0","0","0","0","0","0","0","0","0","0","0","0","0","0"
"00001968","하칠석/고싸움전수관","00000073","대촌170","20221003","2","0","0","0","2","0","0","0","0","0","0","0","0","0","0","0","0","0","0","0","0","0","0","0","0","0","0","0","0","0","0","0","0","0","0","0","0","0","0","0","0","0","0","0","0","0","0","0"
"00001971","하지석","00000041","대촌70","20221003","0","1","0","1","0","1","0","1","0","0","0","0","0","0","0","0","0","0","0","0","0","0","0","0","0","0","0","0","0","0","0","0","0","0","0","0","0","0","0","0","0","0","0","0","0","0","0","0"
"00001971","하지석","00000208","마을715(대촌)","20221003","1","0","1","0","0","0","1","0","0","0","0","0","1","0","0","0","0","0","0","0","0","0","0","0","0","0","0","0","0","0","0","0","0","0","0","0","0","0","0","0","0","0","0","0","0","0","0","0"
"00001972","상지석","00000041","대촌70","20221003","1","0","3","0","1","0","3","0","0","0","0","0","0","0","0","0","0","0","0","0","0","0","0","0","0","0","0","0","0","0","0","0","0","0","0","0","0","0","0","0","0","0","0","0","0","0","0","0"
"00001974","포충사","00000073","대촌170","20221003","1","0","0","0","1","0","0","0","0","0","0","0","0","0","0","0","0","0","0","0","0","0","0","0","0","0","0","0","0","0","0","0","0","0","0","0","0","0","0","0","0","0","0","0","0","0","0","0"
"00001975","이장1동","00000041","대촌70","20221003","1","6","5","6","1","6","5","6","0","0","0","0","0","0","0","0","0","0","0","0","0","0","0","0","0","0","0","0","0","0","0","0","0","0","0","0","0","0","0","0","0","0","0","0","0","0","0","0"
"00001975","이장1동","00000069","송정99","20221003","0","0","0","0","0","0","0","0","0","0","0","0","0","0","0","0","1","0","0","0","1","0","0","0","0","0","0","0","0","0","0","0","0","0","0","0","0","0","0","0","0","0","0","0","0","0","0","0"
"00001975","이장1동","00000073","대촌170","20221003","1","0","1","0","1","0","1","0","0","0","0","0","0","0","0","0","0","0","0","0","0","0","0","0","0","0","0","0","0","0","0","0","0","0","0","0","0","0","0","0","0","0","0","0","0","0","0","0"
"00001976","양과동","00000041","대촌70","20221003","1","2","1","2","1","2","1","2","0","0","0","0","0","0","0","0","0","0","0","0","0","0","0","0","0","0","0","0","0","0","0","0","0","0","0","0","0","0","0","0","0","0","0","0","0","0","0","0"
"00001976","양과동","00000073","대촌170","20221003","0","1","0","1","0","1","0","1","0","0","0","0","0","0","0","0","0","0","0","0","0","0","0","0","0","0","0","0","0","0","0","0","0","0","0","0","0","0","0","0","0","0","0","0","0","0","0","0"
"00001977","향등","00000041","대촌70","20221003","0","0","0","0","0","0","0","0","0","0","0","0","0","0","0","0","0","1","0","1","0","1","0","1","0","0","0","0","0","0","0","0","0","0","0","0","0","0","0","0","0","0","0","0","0","0","0","0"
"00001978","송암동","00000041","대촌70","20221003","4","2","0","2","4","2","0","2","0","0","0","0","0","0","0","0","0","0","1","0","0","0","1","0","0","0","0","0","0","0","0","0","1","0","0","0","1","0","0","0","0","0","0","0","0","0","0","0"
"00001978","송암동","00000049","진월78","20221003","1","0","0","0","1","0","0","0","0","0","0","0","0","0","0","0","0","0","0","0","0","0","0","0","0","0","0","0","0","0","0","0","0","0","0","0","0","0","0","0","0","0","0","0","0","0","0","0"
"00001978","송암동","00000050","진월79","20221003","0","5","3","5","0","5","2","5","0","0","0","0","0","0","1","0","0","0","0","0","0","0","0","0","0","0","0","0","0","0","0","0","0","0","0","0","0","0","0","0","0","0","0","0","0","0","0","0"
"00001978","송암동","00000069","송정99","20221003","2","0","0","0","2","0","0","0","0","0","0","0","0","0","0","0","0","0","0","0","0","0","0","0","0","0","0","0","0","0","0","0","0","0","0","0","0","0","0","0","0","0","0","0","0","0","0","0"
"00001978","송암동","00000073","대촌170","20221003","0","0","0","0","0","0","0","0","0","0","0","0","0","0","0","0","0","1","0","1","0","1","0","1","0","0","0","0","0","0","0","0","0","0","0","0","0","0","0","0","0","0","0","0","0","0","0","0"
"00001978","송암동","00000100","진월75","20221003","2","0","2","0","2","0","2","0","0","0","0","0","0","0","0","0","0","0","0","0","0","0","0","0","0","0","0","0","0","0","0","0","0","0","0","0","0","0","0","0","0","0","0","0","0","0","0","0"
"00001978","송암동","00000111","송암68","20221003","0","1","1","1","0","1","1","1","0","0","0","0","0","0","0","0","1","0","0","0","1","0","0","0","0","0","0","0","0","0","0","0","0","0","0","0","0","0","0","0","0","0","0","0","0","0","0","0"
"00001978","송암동","00000208","마을715(대촌)","20221003","2","1","2","1","2","0","1","0","0","0","0","0","0","1","1","1","0","0","0","0","0","0","0","0","0","0","0","0","0","0","0","0","0","0","0","0","0","0","0","0","0","0","0","0","0","0","0","0"
"00001979","인성고","00000041","대촌70","20221003","5","3","3","3","4","2","3","2","0","0","0","0","1","1","0","1","1","0","1","0","1","0","1","0","0","0","0","0","0","0","0","0","0","0","0","0","0","0","0","0","0","0","0","0","0","0","0","0"
"00001979","인성고","00000050","진월79","20221003","0","0","0","0","0","0","0","0","0","0","0","0","0","0","0","0","0","0","0","0","0","0","0","0","0","0","0","0","0","0","0","0","0","0","0","0","0","0","0","0","0","0","0","0","0","0","0","0"
"00001979","인성고","00000069","송정99","20221003","0","0","0","0","0","0","0","0","0","0","0","0","0","0","0","0","0","0","0","0","0","0","0","0","0","0","0","0","0","0","0","0","0","0","0","0","0","0","0","0","0","0","0","0","0","0","0","0"
"00001979","인성고","00000073","대촌170","20221003","0","1","0","1","0","0","0","0","0","0","0","0","0","1","0","1","0","0","0","0","0","0","0","0","0","0","0","0","0","0","0","0","0","0","0","0","0","0","0","0","0","0","0","0","0","0","0","0"
"00001979","인성고","00000100","진월75","20221003","1","0","0","0","0","0","0","0","0","0","0","0","1","0","0","0","1","0","1","0","0","0","1","0","0","0","0","0","1","0","0","0","0","0","0","0","0","0","0","0","0","0","0","0","0","0","0","0"
"00001979","인성고","00000111","송암68","20221003","0","0","0","0","0","0","0","0","0","0","0","0","0","0","0","0","1","1","1","1","1","1","1","1","0","0","0","0","0","0","0","0","0","0","0","0","0","0","0","0","0","0","0","0","0","0","0","0"
"00001979","인성고","00000208","마을715(대촌)","20221003","1","0","1","0","0","0","1","0","0","0","0","0","1","0","0","0","0","0","0","0","0","0","0","0","0","0","0","0","0","0","0","0","0","0","0","0","0","0","0","0","0","0","0","0","0","0","0","0"
"00001980","금호타운아파트","00000024","송암47","20221003","1","0","0","0","1","0","0","0","0","0","0","0","0","0","0","0","0","1","1","1","0","1","1","1","0","0","0","0","0","0","0","0","0","0","0","0","0","0","0","0","0","0","0","0","0","0","0","0"
"00001980","금호타운아파트","00000048","진월77","20221003","0","0","0","0","0","0","0","0","0","0","0","0","0","0","0","0","0","0","1","0","0","0","1","0","0","0","0","0","0","0","0","0","0","0","0","0","0","0","0","0","0","0","0","0","0","0","0","0"
"00001980","금호타운아파트","00000074","진월177","20221003","1","3","1","3","1","2","0","2","0","0","0","0","0","1","1","1","0","0","0","0","0","0","0","0","0","0","0","0","0","0","0","0","0","0","0","0","0","0","0","0","0","0","0","0","0","0","0","0"
"00001980","금호타운아파트","00000114","수완03","20221003","7","3","1","3","7","3","1","3","0","0","0","0","0","0","0","0","1","8","5","8","1","8","3","8","0","0","0","0","0","0","2","0","1","0","0","0","1","0","0","0","0","0","0","0","0","0","0","0"
"00001981","광주대","00000024","송암47","20221003","0","0","0","0","0","0","0","0","0","0","0","0","0","0","0","0","0","0","1","0","0","0","1","0","0","0","0","0","0","0","0","0","0","0","0","0","0","0","0","0","0","0","0","0","0","0","0","0"
"00001981","광주대","00000074","진월177","20221003","0","1","1","1","0","1","1","1","0","0","0","0","0","0","0","0","0","0","0","0","0","0","0","0","0","0","0","0","0","0","0","0","0","1","1","1","0","1","1","1","0","0","0","0","0","0","0","0"
"00001981","광주대","00000114","수완03","20221003","0","0","3","0","0","0","2","0","0","0","0","0","0","0","1","0","0","1","3","1","0","1","1","1","0","0","0","0","0","0","2","0","0","0","0","0","0","0","0","0","0","0","0","0","0","0","0","0"
"00001989","고룡정보산업학교","00000059","임곡89","20221003","0","1","0","1","0","1","0","1","0","0","0","0","0","0","0","0","0","0","0","0","0","0","0","0","0","0","0","0","0","0","0","0","0","0","0","0","0","0","0","0","0","0","0","0","0","0","0","0"
"00001992","빛고을노인건강타운","00000024","송암47","20221003","0","2","0","2","0","2","0","2","0","0","0","0","0","0","0","0","0","0","0","0","0","0","0","0","0","0","0","0","0","0","0","0","0","0","0","0","0","0","0","0","0","0","0","0","0","0","0","0"
"00001992","빛고을노인건강타운","00000030","금남55","20221003","1","0","0","0","1","0","0","0","0","0","0","0","0","0","0","0","0","0","0","0","0","0","0","0","0","0","0","0","0","0","0","0","0","0","0","0","0","0","0","0","0","0","0","0","0","0","0","0"
"00001992","빛고을노인건강타운","00000034","금남59","20221003","1","3","0","3","1","3","0","3","0","0","0","0","0","0","0","0","1","0","0","0","1","0","0","0","0","0","0","0","0","0","0","0","0","0","0","0","0","0","0","0","0","0","0","0","0","0","0","0"
"00001992","빛고을노인건강타운","00000065","첨단95","20221003","1","1","1","1","1","1","1","1","0","0","0","0","0","0","0","0","0","0","1","0","0","0","1","0","0","0","0","0","0","0","0","0","0","0","0","0","0","0","0","0","0","0","0","0","0","0","0","0"
"00001993","구암","00000024","송암47","20221003","0","0","0","0","0","0","0","0","0","0","0","0","0","0","0","0","0","0","0","0","0","0","0","0","0","0","0","0","0","0","0","0","0","0","0","0","0","0","0","0","0","0","0","0","0","0","0","0"
"00001993","구암","00000048","진월77","20221003","0","0","0","0","0","0","0","0","0","0","0","0","0","0","0","0","0","0","0","0","0","0","0","0","0","0","0","0","0","0","0","0","0","0","0","0","0","0","0","0","0","0","0","0","0","0","0","0"
"00001993","구암","00000074","진월177","20221003","0","0","0","0","0","0","0","0","0","0","0","0","0","0","0","0","0","0","0","0","0","0","0","0","0","0","0","0","0","0","0","0","0","0","0","0","0","0","0","0","0","0","0","0","0","0","0","0"
"00001993","구암","00000114","수완03","20221003","1","0","3","0","1","0","3","0","0","0","0","0","0","0","0","0","1","1","4","1","1","1","4","1","0","0","0","0","0","0","0","0","0","0","0","0","0","0","0","0","0","0","0","0","0","0","0","0"
"00001996","노대","00000074","진월177","20221003","0","2","0","2","0","2","0","2","0","0","0","0","0","0","0","0","0","0","0","0","0","0","0","0","0","0","0","0","0","0","0","0","0","0","0","0","0","0","0","0","0","0","0","0","0","0","0","0"
"00001997","녹서","00000082","송정197","20221003","0","0","0","0","0","0","0","0","0","0","0","0","0","0","0","0","0","0","0","0","0","0","0","0","0","0","0","0","0","0","0","0","0","0","0","0","0","0","0","0","0","0","0","0","0","0","0","0"
"00002001","장성남면농협","00000079","첨단192","20221003","0","0","0","0","0","0","0","0","0","0","0","0","0","0","0","0","0","0","0","0","0","0","0","0","0","0","0","0","0","0","0","0","0","0","0","0","0","0","0","0","0","0","0","0","0","0","0","0"
"00002002","능주고","00000072","지원152(능주역)","20221003","1","0","0","0","1","0","0","0","0","0","0","0","0","0","0","0","0","0","0","0","0","0","0","0","0","0","0","0","0","0","0","0","0","0","0","0","0","0","0","0","0","0","0","0","0","0","0","0"
"00002003","능주면사무소","00000072","지원152(능주역)","20221003","0","0","0","0","0","0","0","0","0","0","0","0","0","0","0","0","0","0","0","0","0","0","0","0","0","0","0","0","0","0","0","0","0","0","0","0","0","0","0","0","0","0","0","0","0","0","0","0"
"00002007","덕성","00000079","첨단192","20221003","0","0","0","0","0","0","0","0","0","0","0","0","0","0","0","0","0","0","0","0","0","0","0","0","0","0","0","0","0","0","0","0","0","0","0","0","0","0","0","0","0","0","0","0","0","0","0","0"
"00002010","용호(광산구)","00000085","송정296","20221003","0","1","0","1","0","1","0","1","0","0","0","0","0","0","0","0","0","0","0","0","0","0","0","0","0","0","0","0","0","0","0","0","0","0","0","0","0","0","0","0","0","0","0","0","0","0","0","0"
"00002014","매화동(장성)","00000080","첨단193","20221003","0","0","0","0","0","0","0","0","0","0","0","0","0","0","0","0","0","0","0","0","0","0","0","0","0","0","0","0","0","0","0","0","0","0","0","0","0","0","0","0","0","0","0","0","0","0","0","0"
"00002016","가마","00000085","송정296","20221003","0","1","0","1","0","1","0","1","0","0","0","0","0","0","0","0","0","0","0","0","0","0","0","0","0","0","0","0","0","0","0","0","0","0","0","0","0","0","0","0","0","0","0","0","0","0","0","0"
"00002017","방혜","00000084","임곡290","20221003","0","0","0","0","0","0","0","0","0","0","0","0","0","0","0","0","0","0","0","0","0","0","0","0","0","0","0","0","0","0","0","0","0","0","0","0","0","0","0","0","0","0","0","0","0","0","0","0"
"00002021","장성백운","00000079","첨단192","20221003","0","0","0","0","0","0","0","0","0","0","0","0","0","0","0","0","0","0","0","0","0","0","0","0","0","0","0","0","0","0","0","0","0","0","0","0","0","0","0","0","0","0","0","0","0","0","0","0"
"00002023","벽라리(화순역)","00000072","지원152(능주역)","20221003","1","0","0","0","1","0","0","0","0","0","0","0","0","0","0","0","0","0","0","0","0","0","0","0","0","0","0","0","0","0","0","0","0","0","0","0","0","0","0","0","0","0","0","0","0","0","0","0"
"00002023","벽라리(화순역)","00000123","지원152(도웅리)","20221003","0","0","0","0","0","0","0","0","0","0","0","0","0","0","0","0","0","0","0","0","0","0","0","0","0","0","0","0","0","0","0","0","0","0","0","0","0","0","0","0","0","0","0","0","0","0","0","0"
"00002025","보강","00000082","송정197","20221003","0","0","0","0","0","0","0","0","0","0","0","0","0","0","0","0","0","0","0","0","0","0","0","0","0","0","0","0","0","0","0","0","0","0","0","0","0","0","0","0","0","0","0","0","0","0","0","0"
"00002026","보화촌","00000059","임곡89","20221003","1","0","0","0","1","0","0","0","0","0","0","0","0","0","0","0","0","0","0","0","0","0","0","0","0","0","0","0","0","0","0","0","0","0","0","0","0","0","0","0","0","0","0","0","0","0","0","0"
"00002026","보화촌","00000061","임곡91","20221003","0","0","0","0","0","0","0","0","0","0","0","0","0","0","0","0","0","0","0","0","0","0","0","0","0","0","0","0","0","0","0","0","0","0","0","0","0","0","0","0","0","0","0","0","0","0","0","0"
"00002027","본량삼거리","00000060","임곡90","20221003","0","0","0","0","0","0","0","0","0","0","0","0","0","0","0","0","0","0","1","0","0","0","1","0","0","0","0","0","0","0","0","0","0","0","0","0","0","0","0","0","0","0","0","0","0","0","0","0"
"00002027","본량삼거리","00000085","송정296","20221003","1","0","0","0","1","0","0","0","0","0","0","0","0","0","0","0","0","0","0","0","0","0","0","0","0","0","0","0","0","0","0","0","0","0","0","0","0","0","0","0","0","0","0","0","0","0","0","0"
"00002028","본량학생야영장","00000085","송정296","20221003","1","2","0","2","1","2","0","2","0","0","0","0","0","0","0","0","0","0","0","0","0","0","0","0","0","0","0","0","0","0","0","0","0","0","0","0","0","0","0","0","0","0","0","0","0","0","0","0"
"00002029","본량초교","00000085","송정296","20221003","0","2","1","2","0","1","1","1","0","0","0","0","0","1","0","1","0","0","0","0","0","0","0","0","0","0","0","0","0","0","0","0","0","0","0","0","0","0","0","0","0","0","0","0","0","0","0","0"
"00002030","본량파출소","00000060","임곡90","20221003","0","0","0","0","0","0","0","0","0","0","0","0","0","0","0","0","0","0","0","0","0","0","0","0","0","0","0","0","0","0","0","0","0","0","0","0","0","0","0","0","0","0","0","0","0","0","0","0"
"00002031","북성","00000082","송정197","20221003","0","0","0","0","0","0","0","0","0","0","0","0","0","0","0","0","0","0","0","0","0","0","0","0","0","0","0","0","0","0","0","0","0","0","0","0","0","0","0","0","0","0","0","0","0","0","0","0"
"00002031","북성","00000085","송정296","20221003","0","0","0","0","0","0","0","0","0","0","0","0","0","0","0","0","0","0","0","0","0","0","0","0","0","0","0","0","0","0","0","0","0","0","0","0","0","0","0","0","0","0","0","0","0","0","0","0"
"00002033","비아농협","00000011","첨단20","20221003","0","4","3","4","0","3","3","3","0","0","0","0","0","1","0","1","0","1","1","1","0","1","1","1","0","0","0","0","0","0","0","0","1","3","1","3","1","3","1","3","0","0","0","0","0","0","0","0"
"00002033","비아농협","00000061","임곡91","20221003","0","1","0","1","0","1","0","1","0","0","0","0","0","0","0","0","0","0","0","0","0","0","0","0","0","0","0","0","0","0","0","0","0","0","1","0","0","0","1","0","0","0","0","0","0","0","0","0"
"00002033","비아농협","00000062","첨단92","20221003","0","0","2","0","0","0","2","0","0","0","0","0","0","0","0","0","0","0","0","0","0","0","0","0","0","0","0","0","0","0","0","0","0","0","0","0","0","0","0","0","0","0","0","0","0","0","0","0"
"00002033","비아농협","00000079","첨단192","20221003","0","0","0","0","0","0","0","0","0","0","0","0","0","0","0","0","0","0","0","0","0","0","0","0","0","0","0","0","0","0","0","0","0","1","0","1","0","1","0","1","0","0","0","0","0","0","0","0"
"00002034","산수보건소","00000060","임곡90","20221003","0","0","0","0","0","0","0","0","0","0","0","0","0","0","0","0","0","0","0","0","0","0","0","0","0","0","0","0","0","0","0","0","0","0","0","0","0","0","0","0","0","0","0","0","0","0","0","0"
"00002038","삼화교","00000059","임곡89","20221003","0","3","0","3","0","3","0","3","0","0","0","0","0","0","0","0","0","0","0","0","0","0","0","0","0","0","0","0","0","0","0","0","0","0","0","0","0","0","0","0","0","0","0","0","0","0","0","0"
"00002039","상림","00000080","첨단193","20221003","0","0","0","0","0","0","0","0","0","0","0","0","0","0","0","0","0","0","0","0","0","0","0","0","0","0","0","0","0","0","0","0","0","0","0","0","0","0","0","0","0","0","0","0","0","0","0","0"
"00002043","석동","00000059","임곡89","20221003","1","0","0","0","1","0","0","0","0","0","0","0","0","0","0","0","0","0","0","0","0","0","0","0","0","0","0","0","0","0","0","0","0","0","0","0","0","0","0","0","0","0","0","0","0","0","0","0"
"00002044","성내","00000059","임곡89","20221003","0","1","0","1","0","1","0","1","0","0","0","0","0","0","0","0","0","0","0","0","0","0","0","0","0","0","0","0","0","0","0","0","0","0","0","0","0","0","0","0","0","0","0","0","0","0","0","0"
"00002044","성내","00000084","임곡290","20221003","0","0","0","0","0","0","0","0","0","0","0","0","0","0","0","0","0","0","0","0","0","0","0","0","0","0","0","0","0","0","0","0","0","0","0","0","0","0","0","0","0","0","0","0","0","0","0","0"
"00002045","세량리","00000074","진월177","20221003","0","0","0","0","0","0","0","0","0","0","0","0","0","0","0","0","0","0","0","0","0","0","0","0","0","0","0","0","0","0","0","0","0","0","0","0","0","0","0","0","0","0","0","0","0","0","0","0"
"00002046","만연빌딩","00000072","지원152(능주역)","20221003","0","0","0","0","0","0","0","0","0","0","0","0","0","0","0","0","0","0","0","0","0","0","0","0","0","0","0","0","0","0","0","0","0","0","0","0","0","0","0","0","0","0","0","0","0","0","0","0"
"00002046","만연빌딩","00000123","지원152(도웅리)","20221003","0","0","0","0","0","0","0","0","0","0","0","0","0","0","0","0","0","0","0","0","0","0","0","0","0","0","0","0","0","0","0","0","0","0","0","0","0","0","0","0","0","0","0","0","0","0","0","0"
"00002049","신당","00000060","임곡90","20221003","0","0","0","0","0","0","0","0","0","0","0","0","0","0","0","0","0","0","0","0","0","0","0","0","0","0","0","0","0","0","0","0","0","0","0","0","0","0","0","0","0","0","0","0","0","0","0","0"
"00002051","신봉정","00000084","임곡290","20221003","0","2","0","2","0","2","0","2","0","0","0","0","0","0","0","0","0","0","0","0","0","0","0","0","0","0","0","0","0","0","0","0","0","0","0","0","0","0","0","0","0","0","0","0","0","0","0","0"
"00002052","신촌(본량)","00000085","송정296","20221003","1","1","0","1","1","1","0","1","0","0","0","0","0","0","0","0","0","0","0","0","0","0","0","0","0","0","0","0","0","0","0","0","0","0","0","0","0","0","0","0","0","0","0","0","0","0","0","0"
"00002053","양곡","00000085","송정296","20221003","1","0","1","0","1","0","1","0","0","0","0","0","0","0","0","0","0","0","0","0","0","0","0","0","0","0","0","0","0","0","0","0","0","0","0","0","0","0","0","0","0","0","0","0","0","0","0","0"
"00002055","연계삼거리","00000059","임곡89","20221003","0","0","1","0","0","0","1","0","0","0","0","0","0","0","0","0","0","0","0","0","0","0","0","0","0","0","0","0","0","0","0","0","0","0","0","0","0","0","0","0","0","0","0","0","0","0","0","0"
"00002056","연동 동길","00000061","임곡91","20221003","0","0","0","0","0","0","0","0","0","0","0","0","0","0","0","0","0","0","0","0","0","0","0","0","0","0","0","0","0","0","0","0","0","0","0","0","0","0","0","0","0","0","0","0","0","0","0","0"
"00002057","연동 서길","00000059","임곡89","20221003","0","0","0","0","0","0","0","0","0","0","0","0","0","0","0","0","1","0","0","0","1","0","0","0","0","0","0","0","0","0","0","0","0","0","0","0","0","0","0","0","0","0","0","0","0","0","0","0"
"00002060","연화공장","00000072","지원152(능주역)","20221003","1","0","0","0","1","0","0","0","0","0","0","0","0","0","0","0","0","0","0","0","0","0","0","0","0","0","0","0","0","0","0","0","0","0","0","0","0","0","0","0","0","0","0","0","0","0","0","0"
"00002061","예림","00000085","송정296","20221003","1","2","0","2","1","2","0","2","0","0","0","0","0","0","0","0","0","0","0","0","0","0","0","0","0","0","0","0","0","0","0","0","0","0","0","0","0","0","0","0","0","0","0","0","0","0","0","0"
"00002062","오룡","00000059","임곡89","20221003","0","0","0","0","0","0","0","0","0","0","0","0","0","0","0","0","1","0","0","0","1","0","0","0","0","0","0","0","0","0","0","0","0","0","0","0","0","0","0","0","0","0","0","0","0","0","0","0"
"00002066","외등","00000084","임곡290","20221003","0","0","0","0","0","0","0","0","0","0","0","0","0","0","0","0","0","0","0","0","0","0","0","0","0","0","0","0","0","0","0","0","0","0","0","0","0","0","0","0","0","0","0","0","0","0","0","0"
"00002068","원지리","00000072","지원152(능주역)","20221003","1","0","0","0","1","0","0","0","0","0","0","0","0","0","0","0","0","0","0","0","0","0","0","0","0","0","0","0","0","0","0","0","0","0","0","0","0","0","0","0","0","0","0","0","0","0","0","0"
"00002069","월봉서원입구","00000059","임곡89","20221003","0","0","1","0","0","0","1","0","0","0","0","0","0","0","0","0","0","0","0","0","0","0","0","0","0","0","0","0","0","0","0","0","0","0","0","0","0","0","0","0","0","0","0","0","0","0","0","0"
"00002070","월산(본량)","00000085","송정296","20221003","0","0","1","0","0","0","1","0","0","0","0","0","0","0","0","0","0","0","0","0","0","0","0","0","0","0","0","0","0","0","0","0","0","0","0","0","0","0","0","0","0","0","0","0","0","0","0","0"
"00002071","월정(장성)","00000079","첨단192","20221003","0","0","0","0","0","0","0","0","0","0","0","0","0","0","0","0","0","0","0","0","0","0","0","0","0","0","0","0","0","0","0","0","0","0","0","0","0","0","0","0","0","0","0","0","0","0","0","0"
"00002072","월정","00000080","첨단193","20221003","0","0","1","0","0","0","1","0","0","0","0","0","0","0","0","0","0","0","0","0","0","0","0","0","0","0","0","0","0","0","0","0","0","0","0","0","0","0","0","0","0","0","0","0","0","0","0","0"
"00002074","광일고","00000060","임곡90","20221003","0","0","1","0","0","0","1","0","0","0","0","0","0","0","0","0","0","0","0","0","0","0","0","0","0","0","0","0","0","0","0","0","0","0","0","0","0","0","0","0","0","0","0","0","0","0","0","0"
"00002074","광일고","00000061","임곡91","20221003","0","1","0","1","0","1","0","1","0","0","0","0","0","0","0","0","0","0","0","0","0","0","0","0","0","0","0","0","0","0","0","0","0","0","1","0","0","0","1","0","0","0","0","0","0","0","0","0"
"00002075","가정","00000059","임곡89","20221003","0","0","0","0","0","0","0","0","0","0","0","0","0","0","0","0","0","0","0","0","0","0","0","0","0","0","0","0","0","0","0","0","0","0","0","0","0","0","0","0","0","0","0","0","0","0","0","0"
"00002077","임곡역","00000059","임곡89","20221003","0","0","1","0","0","0","1","0","0","0","0","0","0","0","0","0","0","0","0","0","0","0","0","0","0","0","0","0","0","0","0","0","0","0","0","0","0","0","0","0","0","0","0","0","0","0","0","0"
"00002077","임곡역","00000060","임곡90","20221003","0","0","0","0","0","0","0","0","0","0","0","0","0","0","0","0","0","0","0","0","0","0","0","0","0","0","0","0","0","0","0","0","0","0","0","0","0","0","0","0","0","0","0","0","0","0","0","0"
"00002077","임곡역","00000084","임곡290","20221003","0","1","0","1","0","1","0","1","0","0","0","0","0","0","0","0","0","0","0","0","0","0","0","0","0","0","0","0","0","0","0","0","0","0","0","0","0","0","0","0","0","0","0","0","0","0","0","0"
"00002078","원임곡","00000059","임곡89","20221003","0","1","0","1","0","1","0","1","0","0","0","0","0","0","0","0","0","0","0","0","0","0","0","0","0","0","0","0","0","0","0","0","0","0","0","0","0","0","0","0","0","0","0","0","0","0","0","0"
"00002078","원임곡","00000060","임곡90","20221003","0","2","0","2","0","2","0","2","0","0","0","0","0","0","0","0","0","0","0","0","0","0","0","0","0","0","0","0","0","0","0","0","0","0","0","0","0","0","0","0","0","0","0","0","0","0","0","0"
"00002078","원임곡","00000061","임곡91","20221003","0","0","0","0","0","0","0","0","0","0","0","0","0","0","0","0","0","0","0","0","0","0","0","0","0","0","0","0","0","0","0","0","0","0","0","0","0","0","0","0","0","0","0","0","0","0","0","0"
"00002079","임곡정수장","00000060","임곡90","20221003","0","0","0","0","0","0","0","0","0","0","0","0","0","0","0","0","0","1","0","1","0","1","0","1","0","0","0","0","0","0","0","0","0","0","0","0","0","0","0","0","0","0","0","0","0","0","0","0"
"00002082","자풍","00000079","첨단192","20221003","0","0","0","0","0","0","0","0","0","0","0","0","0","0","0","0","0","0","0","0","0","0","0","0","0","0","0","0","0","0","0","0","0","0","0","0","0","0","0","0","0","0","0","0","0","0","0","0"
"00002083","작동","00000080","첨단193","20221003","0","0","0","0","0","0","0","0","0","0","0","0","0","0","0","0","0","0","0","0","0","0","0","0","0","0","0","0","0","0","0","0","0","0","0","0","0","0","0","0","0","0","0","0","0","0","0","0"
"00002084","장수동","00000096","일곡10","20221003","0","0","0","0","0","0","0","0","0","0","0","0","0","0","0","0","0","0","0","0","0","0","0","0","0","0","0","0","0","0","0","0","0","0","0","0","0","0","0","0","0","0","0","0","0","0","0","0"
"00002086","종산","00000059","임곡89","20221003","1","0","0","0","1","0","0","0","0","0","0","0","0","0","0","0","0","0","0","0","0","0","0","0","0","0","0","0","0","0","0","0","0","0","0","0","0","0","0","0","0","0","0","0","0","0","0","0"
"00002089","장성남중","00000079","첨단192","20221003","0","0","0","0","0","0","0","0","0","0","0","0","0","0","0","0","0","0","0","0","0","0","0","0","0","0","0","0","0","0","0","0","0","0","0","0","0","0","0","0","0","0","0","0","0","0","0","0"
"00002091","산음","00000060","임곡90","20221003","0","0","0","0","0","0","0","0","0","0","0","0","0","0","0","0","1","0","0","0","1","0","0","0","0","0","0","0","0","0","0","0","0","0","0","0","0","0","0","0","0","0","0","0","0","0","0","0"
"00002095","창암","00000059","임곡89","20221003","0","1","0","1","0","1","0","1","0","0","0","0","0","0","0","0","0","0","0","0","0","0","0","0","0","0","0","0","0","0","0","0","0","0","0","0","0","0","0","0","0","0","0","0","0","0","0","0"
"00002097","천동(광산구)","00000059","임곡89","20221003","0","1","0","1","0","1","0","1","0","0","0","0","0","0","0","0","0","0","0","0","0","0","0","0","0","0","0","0","0","0","0","0","0","0","0","0","0","0","0","0","0","0","0","0","0","0","0","0"
"00002101","평산리(장성)","00000079","첨단192","20221003","0","0","0","0","0","0","0","0","0","0","0","0","0","0","0","0","0","0","0","0","0","0","0","0","0","0","0","0","0","0","0","0","0","0","0","0","0","0","0","0","0","0","0","0","0","0","0","0"
"00002104","학동(본량)","00000082","송정197","20221003","0","0","0","0","0","0","0","0","0","0","0","0","0","0","0","0","0","0","0","0","0","0","0","0","0","0","0","0","0","0","0","0","0","0","0","0","0","0","0","0","0","0","0","0","0","0","0","0"
"00002106","화산(장성)","00000082","송정197","20221003","0","0","0","0","0","0","0","0","0","0","0","0","0","0","0","0","0","0","0","0","0","0","0","0","0","0","0","0","0","0","0","0","0","0","0","0","0","0","0","0","0","0","0","0","0","0","0","0"
"00002107","화순제일중","00000072","지원152(능주역)","20221003","2","1","0","1","1","1","0","1","0","0","0","0","1","0","0","0","0","0","0","0","0","0","0","0","0","0","0","0","0","0","0","0","0","0","0","0","0","0","0","0","0","0","0","0","0","0","0","0"
"00002107","화순제일중","00000123","지원152(도웅리)","20221003","0","4","2","4","0","3","1","3","0","0","0","0","0","1","1","1","0","0","0","0","0","0","0","0","0","0","0","0","0","0","0","0","0","0","0","0","0","0","0","0","0","0","0","0","0","0","0","0"
"00002108","화순교(동)","00000072","지원152(능주역)","20221003","0","0","0","0","0","0","0","0","0","0","0","0","0","0","0","0","0","0","0","0","0","0","0","0","0","0","0","0","0","0","0","0","0","0","0","0","0","0","0","0","0","0","0","0","0","0","0","0"
"00002108","화순교(동)","00000123","지원152(도웅리)","20221003","0","0","0","0","0","0","0","0","0","0","0","0","0","0","0","0","0","0","0","0","0","0","0","0","0","0","0","0","0","0","0","0","0","0","0","0","0","0","0","0","0","0","0","0","0","0","0","0"
"00002110","대리교통광장(서)","00000072","지원152(능주역)","20221003","0","0","0","0","0","0","0","0","0","0","0","0","0","0","0","0","0","0","0","0","0","0","0","0","0","0","0","0","0","0","0","0","0","0","0","0","0","0","0","0","0","0","0","0","0","0","0","0"
"00002110","대리교통광장(서)","00000123","지원152(도웅리)","20221003","0","0","0","0","0","0","0","0","0","0","0","0","0","0","0","0","0","0","0","0","0","0","0","0","0","0","0","0","0","0","0","0","0","0","0","0","0","0","0","0","0","0","0","0","0","0","0","0"
"00002112","화순우체국","00000072","지원152(능주역)","20221003","0","1","0","1","0","1","0","1","0","0","0","0","0","0","0","0","0","0","0","0","0","0","0","0","0","0","0","0","0","0","0","0","0","0","0","0","0","0","0","0","0","0","0","0","0","0","0","0"
"00002112","화순우체국","00000123","지원152(도웅리)","20221003","0","0","0","0","0","0","0","0","0","0","0","0","0","0","0","0","0","0","0","0","0","0","0","0","0","0","0","0","0","0","0","0","0","0","0","0","0","0","0","0","0","0","0","0","0","0","0","0"
"00002115","화순중(남)","00000072","지원152(능주역)","20221003","0","0","0","0","0","0","0","0","0","0","0","0","0","0","0","0","0","0","0","0","0","0","0","0","0","0","0","0","0","0","0","0","0","0","0","0","0","0","0","0","0","0","0","0","0","0","0","0"
"00002115","화순중(남)","00000123","지원152(도웅리)","20221003","0","0","0","0","0","0","0","0","0","0","0","0","0","0","0","0","0","0","0","0","0","0","0","0","0","0","0","0","0","0","0","0","0","0","0","0","0","0","0","0","0","0","0","0","0","0","0","0"
"00002116","화순터미널","00000072","지원152(능주역)","20221003","0","0","0","0","0","0","0","0","0","0","0","0","0","0","0","0","0","0","0","0","0","0","0","0","0","0","0","0","0","0","0","0","0","0","0","0","0","0","0","0","0","0","0","0","0","0","0","0"
"00002116","화순터미널","00000123","지원152(도웅리)","20221003","0","0","0","0","0","0","0","0","0","0","0","0","0","0","0","0","0","0","0","0","0","0","0","0","0","0","0","0","0","0","0","0","0","0","0","0","0","0","0","0","0","0","0","0","0","0","0","0"
"00002117","황산","00000060","임곡90","20221003","0","0","0","0","0","0","0","0","0","0","0","0","0","0","0","0","0","0","0","0","0","0","0","0","0","0","0","0","0","0","0","0","0","0","0","0","0","0","0","0","0","0","0","0","0","0","0","0"
"00002117","황산","00000085","송정296","20221003","1","0","0","0","1","0","0","0","0","0","0","0","0","0","0","0","0","0","0","0","0","0","0","0","0","0","0","0","0","0","0","0","0","0","0","0","0","0","0","0","0","0","0","0","0","0","0","0"
"00002119","송산유원지","00000019","봉선37","20221003","1","3","2","3","0","3","2","3","0","0","0","0","1","0","0","0","0","0","0","0","0","0","0","0","0","0","0","0","0","0","0","0","0","0","0","0","0","0","0","0","0","0","0","0","0","0","0","0"
"00002119","송산유원지","00000020","일곡38","20221003","0","2","3","2","0","2","3","2","0","0","0","0","0","0","0","0","0","0","0","0","0","0","0","0","0","0","0","0","0","0","0","0","0","0","0","0","0","0","0","0","0","0","0","0","0","0","0","0"
"00002119","송산유원지","00000115","선운14","20221003","0","0","2","0","0","0","2","0","0","0","0","0","0","0","0","0","0","0","0","0","0","0","0","0","0","0","0","0","0","0","0","0","0","0","0","0","0","0","0","0","0","0","0","0","0","0","0","0"
"00002122","운평","00000085","송정296","20221003","2","3","0","3","2","3","0","3","0","0","0","0","0","0","0","0","0","0","0","0","0","0","0","0","0","0","0","0","0","0","0","0","0","0","0","0","0","0","0","0","0","0","0","0","0","0","0","0"
"00002122","운평","00000125","선운101","20221003","3","3","2","3","3","3","2","3","0","0","0","0","0","0","0","0","0","0","0","0","0","0","0","0","0","0","0","0","0","0","0","0","0","0","0","0","0","0","0","0","0","0","0","0","0","0","0","0"
"00002123","죽산","00000082","송정197","20221003","0","0","0","0","0","0","0","0","0","0","0","0","0","0","0","0","0","0","0","0","0","0","0","0","0","0","0","0","0","0","0","0","0","0","0","0","0","0","0","0","0","0","0","0","0","0","0","0"
"00002123","죽산","00000085","송정296","20221003","1","0","0","0","1","0","0","0","0","0","0","0","0","0","0","0","0","0","0","0","0","0","0","0","0","0","0","0","0","0","0","0","0","0","0","0","0","0","0","0","0","0","0","0","0","0","0","0"
"00002124","풍숙","00000085","송정296","20221003","1","0","3","0","1","0","3","0","0","0","0","0","0","0","0","0","0","0","0","0","0","0","0","0","0","0","0","0","0","0","0","0","0","0","0","0","0","0","0","0","0","0","0","0","0","0","0","0"
"00002125","가삼","00000060","임곡90","20221003","0","0","0","0","0","0","0","0","0","0","0","0","0","0","0","0","0","0","0","0","0","0","0","0","0","0","0","0","0","0","0","0","0","0","0","0","0","0","0","0","0","0","0","0","0","0","0","0"
"00002125","가삼","00000125","선운101","20221003","0","0","0","0","0","0","0","0","0","0","0","0","0","0","0","0","0","0","0","0","0","0","0","0","0","0","0","0","0","0","0","0","0","0","0","0","0","0","0","0","0","0","0","0","0","0","0","0"
"00002126","송산","00000060","임곡90","20221003","0","1","0","1","0","1","0","1","0","0","0","0","0","0","0","0","0","0","0","0","0","0","0","0","0","0","0","0","0","0","0","0","0","0","0","0","0","0","0","0","0","0","0","0","0","0","0","0"
"00002126","송산","00000125","선운101","20221003","0","1","1","1","0","1","1","1","0","0","0","0","0","0","0","0","0","0","0","0","0","0","0","0","0","0","0","0","0","0","0","0","0","0","0","0","0","0","0","0","0","0","0","0","0","0","0","0"
"00002128","지동(광산구)","00000060","임곡90","20221003","0","1","0","1","0","1","0","1","0","0","0","0","0","0","0","0","0","0","0","0","0","0","0","0","0","0","0","0","0","0","0","0","0","0","0","0","0","0","0","0","0","0","0","0","0","0","0","0"
"00002131","삼도삼거리","00000125","선운101","20221003","3","0","0","0","3","0","0","0","0","0","0","0","0","0","0","0","0","0","0","0","0","0","0","0","0","0","0","0","0","0","0","0","0","0","0","0","0","0","0","0","0","0","0","0","0","0","0","0"
"00002135","마암","00000093","송정97","20221003","0","0","0","0","0","0","0","0","0","0","0","0","0","0","0","0","0","0","1","0","0","0","1","0","0","0","0","0","0","0","0","0","0","0","0","0","0","0","0","0","0","0","0","0","0","0","0","0"
"00002140","대야","00000093","송정97","20221003","3","0","0","0","3","0","0","0","0","0","0","0","0","0","0","0","0","0","0","0","0","0","0","0","0","0","0","0","0","0","0","0","0","0","0","0","0","0","0","0","0","0","0","0","0","0","0","0"
"00002141","우치","00000093","송정97","20221003","0","1","0","1","0","1","0","1","0","0","0","0","0","0","0","0","0","0","0","0","0","0","0","0","0","0","0","0","0","0","0","0","0","0","0","0","0","0","0","0","0","0","0","0","0","0","0","0"
"00002143","망월","00000093","송정97","20221003","1","0","0","0","1","0","0","0","0","0","0","0","0","0","0","0","0","0","0","0","0","0","0","0","0","0","0","0","0","0","0","0","0","0","0","0","0","0","0","0","0","0","0","0","0","0","0","0"
"00002144","대봉삼거리","00000093","송정97","20221003","1","0","0","0","1","0","0","0","0","0","0","0","0","0","0","0","0","0","0","0","0","0","0","0","0","0","0","0","0","0","0","0","0","0","0","0","0","0","0","0","0","0","0","0","0","0","0","0"
"00002145","대봉","00000093","송정97","20221003","1","0","0","0","1","0","0","0","0","0","0","0","0","0","0","0","0","0","0","0","0","0","0","0","0","0","0","0","0","0","0","0","0","0","0","0","0","0","0","0","0","0","0","0","0","0","0","0"
"00002156","광산구유스호스텔","00000066","송정96","20221003","0","0","0","0","0","0","0","0","0","0","0","0","0","0","0","0","0","0","0","0","0","0","0","0","0","0","0","0","0","0","0","0","0","0","0","0","0","0","0","0","0","0","0","0","0","0","0","0"
"00002164","연동","00000093","송정97","20221003","0","1","0","1","0","1","0","1","0","0","0","0","0","0","0","0","0","0","0","0","0","0","0","0","0","0","0","0","0","0","0","0","0","0","0","0","0","0","0","0","0","0","0","0","0","0","0","0"
"00002165","회룡(광산구)","00000093","송정97","20221003","0","1","0","1","0","1","0","1","0","0","0","0","0","0","0","0","0","0","0","0","0","0","0","0","0","0","0","0","0","0","0","0","0","0","0","0","0","0","0","0","0","0","0","0","0","0","0","0"
"00002166","도야","00000093","송정97","20221003","0","0","0","0","0","0","0","0","0","0","0","0","0","0","0","0","0","0","0","0","0","0","0","0","0","0","0","0","0","0","0","0","0","0","0","0","0","0","0","0","0","0","0","0","0","0","0","0"
"00002167","신광(삼도)","00000093","송정97","20221003","1","0","0","0","1","0","0","0","0","0","0","0","0","0","0","0","0","0","0","0","0","0","0","0","0","0","0","0","0","0","0","0","0","0","0","0","0","0","0","0","0","0","0","0","0","0","0","0"
"00002168","대산","00000093","송정97","20221003","0","0","0","0","0","0","0","0","0","0","0","0","0","0","0","0","0","0","0","0","0","0","0","0","0","0","0","0","0","0","0","0","0","0","0","0","0","0","0","0","0","0","0","0","0","0","0","0"
"00002171","축산시험장","00000066","송정96","20221003","0","0","0","0","0","0","0","0","0","0","0","0","0","0","0","0","0","1","0","1","0","1","0","1","0","0","0","0","0","0","0","0","0","0","0","0","0","0","0","0","0","0","0","0","0","0","0","0"
"00002171","축산시험장","00000093","송정97","20221003","0","0","0","0","0","0","0","0","0","0","0","0","0","0","0","0","1","0","0","0","1","0","0","0","0","0","0","0","0","0","0","0","0","0","0","0","0","0","0","0","0","0","0","0","0","0","0","0"
"00002174","용곡입구","00000066","송정96","20221003","0","0","0","0","0","0","0","0","0","0","0","0","0","0","0","0","0","1","0","1","0","1","0","1","0","0","0","0","0","0","0","0","0","0","0","0","0","0","0","0","0","0","0","0","0","0","0","0"
"00002174","용곡입구","00000093","송정97","20221003","0","0","0","0","0","0","0","0","0","0","0","0","0","0","0","0","1","0","0","0","1","0","0","0","0","0","0","0","0","0","0","0","0","0","0","0","0","0","0","0","0","0","0","0","0","0","0","0"
"00002175","평동초교","00000066","송정96","20221003","0","0","0","0","0","0","0","0","0","0","0","0","0","0","0","0","2","0","0","0","2","0","0","0","0","0","0","0","0","0","0","0","0","0","0","0","0","0","0","0","0","0","0","0","0","0","0","0"
"00002176","옥동","00000066","송정96","20221003","0","0","0","0","0","0","0","0","0","0","0","0","0","0","0","0","0","0","0","0","0","0","0","0","0","0","0","0","0","0","0","0","0","0","0","0","0","0","0","0","0","0","0","0","0","0","0","0"
"00002176","옥동","00000093","송정97","20221003","0","0","0","0","0","0","0","0","0","0","0","0","0","0","0","0","0","0","0","0","0","0","0","0","0","0","0","0","0","0","0","0","0","0","0","0","0","0","0","0","0","0","0","0","0","0","0","0"
"00002177","평동우체국","00000066","송정96","20221003","0","0","0","0","0","0","0","0","0","0","0","0","0","0","0","0","0","0","0","0","0","0","0","0","0","0","0","0","0","0","0","0","0","0","0","0","0","0","0","0","0","0","0","0","0","0","0","0"
"00002177","평동우체국","00000093","송정97","20221003","0","0","0","0","0","0","0","0","0","0","0","0","0","0","0","0","0","0","0","0","0","0","0","0","0","0","0","0","0","0","0","0","0","0","0","0","0","0","0","0","0","0","0","0","0","0","0","0"
"00002180","마산(서창)","00000025","운림50","20221003","0","0","1","0","0","0","1","0","0","0","0","0","0","0","0","0","0","0","0","0","0","0","0","0","0","0","0","0","0","0","0","0","0","0","0","0","0","0","0","0","0","0","0","0","0","0","0","0"
"00002180","마산(서창)","00000040","대촌69","20221003","0","0","0","0","0","0","0","0","0","0","0","0","0","0","0","0","0","0","0","0","0","0","0","0","0","0","0","0","0","0","0","0","0","0","0","0","0","0","0","0","0","0","0","0","0","0","0","0"
"00002181","동하","00000025","운림50","20221003","0","0","2","0","0","0","0","0","0","0","0","0","0","0","2","0","0","0","0","0","0","0","0","0","0","0","0","0","0","0","0","0","0","0","0","0","0","0","0","0","0","0","0","0","0","0","0","0"
"00002181","동하","00000038","상무64","20221003","0","0","1","0","0","0","1","0","0","0","0","0","0","0","0","0","0","0","0","0","0","0","0","0","0","0","0","0","0","0","0","0","0","0","0","0","0","0","0","0","0","0","0","0","0","0","0","0"
"00002182","서창동주민센터","00000048","진월77","20221003","0","0","0","0","0","0","0","0","0","0","0","0","0","0","0","0","3","0","0","0","3","0","0","0","0","0","0","0","0","0","0","0","0","0","0","0","0","0","0","0","0","0","0","0","0","0","0","0"
"00002182","서창동주민센터","00000083","대촌270","20221003","0","0","0","0","0","0","0","0","0","0","0","0","0","0","0","0","1","0","0","0","1","0","0","0","0","0","0","0","0","0","0","0","0","0","0","0","0","0","0","0","0","0","0","0","0","0","0","0"
"00002186","서부자동차매매단지","00000035","매월61(칠석)","20221003","0","0","0","0","0","0","0","0","0","0","0","0","0","0","0","0","0","1","0","1","0","1","0","1","0","0","0","0","0","0","0","0","0","0","0","0","0","0","0","0","0","0","0","0","0","0","0","0"
"00002187","종합유통단지","00000035","매월61(칠석)","20221003","0","0","1","0","0","0","1","0","0","0","0","0","0","0","0","0","1","2","1","2","1","2","1","2","0","0","0","0","0","0","0","0","0","0","0","0","0","0","0","0","0","0","0","0","0","0","0","0"
"00002188","서부농수산물도매시장","00000035","매월61(칠석)","20221003","0","0","0","0","0","0","0","0","0","0","0","0","0","0","0","0","1","0","0","0","1","0","0","0","0","0","0","0","0","0","0","0","0","0","0","0","0","0","0","0","0","0","0","0","0","0","0","0"
"00002190","절골입구(서)","00000035","매월61(칠석)","20221003","0","0","0","0","0","0","0","0","0","0","0","0","0","0","0","0","0","0","0","0","0","0","0","0","0","0","0","0","0","0","0","0","0","0","0","0","0","0","0","0","0","0","0","0","0","0","0","0"
"00002191","중촌","00000035","매월61(칠석)","20221003","2","1","0","1","0","1","0","1","0","0","0","0","2","0","0","0","0","0","0","0","0","0","0","0","0","0","0","0","0","0","0","0","0","0","0","0","0","0","0","0","0","0","0","0","0","0","0","0"
"00002191","중촌","00000040","대촌69","20221003","0","1","1","1","0","1","1","1","0","0","0","0","0","0","0","0","0","0","0","0","0","0","0","0","0","0","0","0","0","0","0","0","0","0","0","0","0","0","0","0","0","0","0","0","0","0","0","0"
"00002192","서창치안센터","00000035","매월61(칠석)","20221003","2","2","2","2","1","2","2","2","0","0","0","0","1","0","0","0","0","0","0","0","0","0","0","0","0","0","0","0","0","0","0","0","0","0","0","0","0","0","0","0","0","0","0","0","0","0","0","0"
"00002192","서창치안센터","00000040","대촌69","20221003","0","0","1","0","0","0","1","0","0","0","0","0","0","0","0","0","0","0","0","0","0","0","0","0","0","0","0","0","0","0","0","0","0","0","0","0","0","0","0","0","0","0","0","0","0","0","0","0"
"00002192","서창치안센터","00000069","송정99","20221003","0","1","0","1","0","1","0","1","0","0","0","0","0","0","0","0","0","0","0","0","0","0","0","0","0","0","0","0","0","0","0","0","0","0","0","0","0","0","0","0","0","0","0","0","0","0","0","0"
"00002193","용두입구","00000035","매월61(칠석)","20221003","0","2","0","2","0","2","0","2","0","0","0","0","0","0","0","0","0","1","0","1","0","1","0","1","0","0","0","0","0","0","0","0","0","0","0","0","0","0","0","0","0","0","0","0","0","0","0","0"
"00002193","용두입구","00000040","대촌69","20221003","2","0","0","0","2","0","0","0","0","0","0","0","0","0","0","0","0","0","0","0","0","0","0","0","0","0","0","0","0","0","0","0","0","0","0","0","0","0","0","0","0","0","0","0","0","0","0","0"
"00002195","학동(서창)","00000035","매월61(칠석)","20221003","0","0","0","0","0","0","0","0","0","0","0","0","0","0","0","0","0","0","0","0","0","0","0","0","0","0","0","0","0","0","0","0","0","0","0","0","0","0","0","0","0","0","0","0","0","0","0","0"
"00002196","개동","00000035","매월61(칠석)","20221003","0","0","0","0","0","0","0","0","0","0","0","0","0","0","0","0","1","0","0","0","1","0","0","0","0","0","0","0","0","0","0","0","0","0","0","0","0","0","0","0","0","0","0","0","0","0","0","0"
"00002197","대촌한일베라체","00000035","매월61(칠석)","20221003","2","6","6","6","0","2","5","2","0","2","0","2","2","2","1","2","0","0","0","0","0","0","0","0","0","0","0","0","0","0","0","0","0","0","1","0","0","0","1","0","0","0","0","0","0","0","0","0"
"00002197","대촌한일베라체","00000040","대촌69","20221003","1","3","0","3","1","3","0","3","0","0","0","0","0","0","0","0","0","0","0","0","0","0","0","0","0","0","0","0","0","0","0","0","0","0","0","0","0","0","0","0","0","0","0","0","0","0","0","0"
"00002197","대촌한일베라체","00000041","대촌70","20221003","0","1","0","1","0","1","0","1","0","0","0","0","0","0","0","0","0","0","1","0","0","0","1","0","0","0","0","0","0","0","0","0","0","0","1","0","0","0","1","0","0","0","0","0","0","0","0","0"
"00002197","대촌한일베라체","00000208","마을715(대촌)","20221003","0","0","0","0","0","0","0","0","0","0","0","0","0","0","0","0","0","0","0","0","0","0","0","0","0","0","0","0","0","0","0","0","0","0","0","0","0","0","0","0","0","0","0","0","0","0","0","0"
"00002198","지석사거리","00000035","매월61(칠석)","20221003","0","4","1","4","0","4","1","4","0","0","0","0","0","0","0","0","1","0","0","0","1","0","0","0","0","0","0","0","0","0","0","0","0","0","0","0","0","0","0","0","0","0","0","0","0","0","0","0"
"00002198","지석사거리","00000040","대촌69","20221003","0","0","1","0","0","0","1","0","0","0","0","0","0","0","0","0","0","0","0","0","0","0","0","0","0","0","0","0","0","0","0","0","0","0","0","0","0","0","0","0","0","0","0","0","0","0","0","0"
"00002201","대지동상촌","00000041","대촌70","20221003","1","0","0","0","1","0","0","0","0","0","0","0","0","0","0","0","0","0","0","0","0","0","0","0","0","0","0","0","0","0","0","0","0","0","0","0","0","0","0","0","0","0","0","0","0","0","0","0"
"00002201","대지동상촌","00000069","송정99","20221003","0","0","0","0","0","0","0","0","0","0","0","0","0","0","0","0","0","0","0","0","0","0","0","0","0","0","0","0","0","0","0","0","0","0","0","0","0","0","0","0","0","0","0","0","0","0","0","0"
"00002202","대지동하촌","00000041","대촌70","20221003","2","2","4","2","2","2","4","2","0","0","0","0","0","0","0","0","0","0","0","0","0","0","0","0","0","0","0","0","0","0","0","0","0","0","0","0","0","0","0","0","0","0","0","0","0","0","0","0"
"00002203","육묘장","00000041","대촌70","20221003","0","2","0","2","0","2","0","2","0","0","0","0","0","0","0","0","0","0","0","0","0","0","0","0","0","0","0","0","0","0","0","0","0","0","0","0","0","0","0","0","0","0","0","0","0","0","0","0"
"00002206","무학초교","00000041","대촌70","20221003","0","1","0","1","0","1","0","1","0","0","0","0","0","0","0","0","0","0","0","0","0","0","0","0","0","0","0","0","0","0","0","0","0","0","0","0","0","0","0","0","0","0","0","0","0","0","0","0"
"00002207","학촌","00000041","대촌70","20221003","1","0","0","0","0","0","0","0","1","0","0","0","0","0","0","0","0","0","0","0","0","0","0","0","0","0","0","0","0","0","0","0","0","0","0","0","0","0","0","0","0","0","0","0","0","0","0","0"
"00002207","학촌","00000042","대촌71","20221003","0","0","0","0","0","0","0","0","0","0","0","0","0","0","0","0","0","0","0","0","0","0","0","0","0","0","0","0","0","0","0","0","0","0","0","0","0","0","0","0","0","0","0","0","0","0","0","0"
"00002207","학촌","00000069","송정99","20221003","1","0","0","0","1","0","0","0","0","0","0","0","0","0","0","0","0","0","0","0","0","0","0","0","0","0","0","0","0","0","0","0","0","0","0","0","0","0","0","0","0","0","0","0","0","0","0","0"
"00002207","학촌","00000083","대촌270","20221003","0","0","0","0","0","0","0","0","0","0","0","0","0","0","0","0","0","0","0","0","0","0","0","0","0","0","0","0","0","0","0","0","0","0","0","0","0","0","0","0","0","0","0","0","0","0","0","0"
"00002209","도덕","00000042","대촌71","20221003","1","0","0","0","1","0","0","0","0","0","0","0","0","0","0","0","0","0","0","0","0","0","0","0","0","0","0","0","0","0","0","0","0","0","0","0","0","0","0","0","0","0","0","0","0","0","0","0"
"00002213","양촌(대촌)","00000041","대촌70","20221003","1","1","0","1","1","0","0","0","0","0","0","0","0","1","0","1","0","0","0","0","0","0","0","0","0","0","0","0","0","0","0","0","0","0","0","0","0","0","0","0","0","0","0","0","0","0","0","0"
"00002214","유촌","00000041","대촌70","20221003","0","0","0","0","0","0","0","0","0","0","0","0","0","0","0","0","0","0","0","0","0","0","0","0","0","0","0","0","0","0","0","0","0","0","0","0","0","0","0","0","0","0","0","0","0","0","0","0"
"00002216","승촌","00000041","대촌70","20221003","1","6","3","6","1","4","2","4","0","0","0","0","0","2","1","2","0","0","0","0","0","0","0","0","0","0","0","0","0","0","0","0","0","0","0","0","0","0","0","0","0","0","0","0","0","0","0","0"
"00002217","월성","00000069","송정99","20221003","1","0","0","0","1","0","0","0","0","0","0","0","0","0","0","0","0","0","0","0","0","0","0","0","0","0","0","0","0","0","0","0","0","0","0","0","0","0","0","0","0","0","0","0","0","0","0","0"
"00002221","농막","00000069","송정99","20221003","1","0","0","0","1","0","0","0","0","0","0","0","0","0","0","0","0","0","0","0","0","0","0","0","0","0","0","0","0","0","0","0","0","0","0","0","0","0","0","0","0","0","0","0","0","0","0","0"
"00002222","시산","00000042","대촌71","20221003","0","0","0","0","0","0","0","0","0","0","0","0","0","0","0","0","1","0","0","0","1","0","0","0","0","0","0","0","0","0","0","0","0","0","0","0","0","0","0","0","0","0","0","0","0","0","0","0"
"00002225","구룡(대촌)","00000069","송정99","20221003","0","1","0","1","0","1","0","1","0","0","0","0","0","0","0","0","0","0","0","0","0","0","0","0","0","0","0","0","0","0","0","0","0","0","0","0","0","0","0","0","0","0","0","0","0","0","0","0"
"00002232","창평고입구","00000076","두암181","20221003","0","0","0","0","0","0","0","0","0","0","0","0","0","0","0","0","0","0","0","0","0","0","0","0","0","0","0","0","0","0","0","0","0","0","0","0","0","0","0","0","0","0","0","0","0","0","0","0"
"00002233","창평훈련장","00000076","두암181","20221003","0","0","0","0","0","0","0","0","0","0","0","0","0","0","0","0","0","0","0","0","0","0","0","0","0","0","0","0","0","0","0","0","0","0","0","0","0","0","0","0","0","0","0","0","0","0","0","0"
"00002235","신갈","00000076","두암181","20221003","0","0","0","0","0","0","0","0","0","0","0","0","0","0","0","0","0","0","0","0","0","0","0","0","0","0","0","0","0","0","0","0","0","0","0","0","0","0","0","0","0","0","0","0","0","0","0","0"
"00002253","고성리","00000077","용전184","20221003","0","0","0","0","0","0","0","0","0","0","0","0","0","0","0","0","0","0","0","0","0","0","0","0","0","0","0","0","0","0","0","0","0","0","0","0","0","0","0","0","0","0","0","0","0","0","0","0"
"00002254","월성(담양)","00000077","용전184","20221003","0","0","0","0","0","0","0","0","0","0","0","0","0","0","0","0","0","0","0","0","0","0","0","0","0","0","0","0","0","0","0","0","0","0","0","0","0","0","0","0","0","0","0","0","0","0","0","0"
"00002256","성산리","00000077","용전184","20221003","0","0","0","0","0","0","0","0","0","0","0","0","0","0","0","0","0","0","0","0","0","0","0","0","0","0","0","0","0","0","0","0","0","0","0","0","0","0","0","0","0","0","0","0","0","0","0","0"
"00002257","행정리","00000077","용전184","20221003","0","0","0","0","0","0","0","0","0","0","0","0","0","0","0","0","0","0","0","0","0","0","0","0","0","0","0","0","0","0","0","0","0","0","0","0","0","0","0","0","0","0","0","0","0","0","0","0"
"00002258","갑향리","00000077","용전184","20221003","0","0","0","0","0","0","0","0","0","0","0","0","0","0","0","0","0","0","0","0","0","0","0","0","0","0","0","0","0","0","0","0","0","0","0","0","0","0","0","0","0","0","0","0","0","0","0","0"
"00002259","병풍리","00000077","용전184","20221003","0","0","0","0","0","0","0","0","0","0","0","0","0","0","0","0","0","0","0","0","0","0","0","0","0","0","0","0","0","0","0","0","0","0","0","0","0","0","0","0","0","0","0","0","0","0","0","0"
"00002263","한재중","00000077","용전184","20221003","0","0","0","0","0","0","0","0","0","0","0","0","0","0","0","0","0","0","0","0","0","0","0","0","0","0","0","0","0","0","0","0","0","0","0","0","0","0","0","0","0","0","0","0","0","0","0","0"
"00002264","시목","00000077","용전184","20221003","0","0","0","0","0","0","0","0","0","0","0","0","0","0","0","0","0","0","0","0","0","0","0","0","0","0","0","0","0","0","0","0","0","0","0","0","0","0","0","0","0","0","0","0","0","0","0","0"
"00002271","효령노인복지타운","00000006","지원15","20221003","1","3","0","3","0","3","0","3","0","0","0","0","1","0","0","0","0","0","0","0","0","0","0","0","0","0","0","0","0","0","0","0","0","0","0","0","0","0","0","0","0","0","0","0","0","0","0","0"
"00002271","효령노인복지타운","00000055","용전84","20221003","1","0","0","0","1","0","0","0","0","0","0","0","0","0","0","0","0","0","0","0","0","0","0","0","0","0","0","0","0","0","0","0","0","0","0","0","0","0","0","0","0","0","0","0","0","0","0","0"
"00002271","효령노인복지타운","00000057","용전86","20221003","0","3","0","3","0","3","0","3","0","0","0","0","0","0","0","0","0","0","0","0","0","0","0","0","0","0","0","0","0","0","0","0","0","0","0","0","0","0","0","0","0","0","0","0","0","0","0","0"
"00002271","효령노인복지타운","00000120","양산60","20221003","2","1","1","1","2","1","1","1","0","0","0","0","0","0","0","0","3","1","0","1","3","1","0","1","0","0","0","0","0","0","0","0","0","0","0","0","0","0","0","0","0","0","0","0","0","0","0","0"
"00002272","북초교","00000006","지원15","20221003","3","1","3","1","3","1","3","1","0","0","0","0","0","0","0","0","0","0","0","0","0","0","0","0","0","0","0","0","0","0","0","0","0","0","0","0","0","0","0","0","0","0","0","0","0","0","0","0"
"00002272","북초교","00000055","용전84","20221003","0","0","0","0","0","0","0","0","0","0","0","0","0","0","0","0","0","0","0","0","0","0","0","0","0","0","0","0","0","0","0","0","1","0","0","0","1","0","0","0","0","0","0","0","0","0","0","0"
"00002274","영락공원입구","00000086","518","20221003","0","0","0","0","0","0","0","0","0","0","0","0","0","0","0","0","0","0","0","0","0","0","0","0","0","0","0","0","0","0","0","0","0","0","0","0","0","0","0","0","0","0","0","0","0","0","0","0"
"00002276","수곡","00000006","지원15","20221003","1","0","2","0","1","0","1","0","0","0","0","0","0","0","1","0","0","0","0","0","0","0","0","0","0","0","0","0","0","0","0","0","0","0","0","0","0","0","0","0","0","0","0","0","0","0","0","0"
"00002276","수곡","00000055","용전84","20221003","0","0","0","0","0","0","0","0","0","0","0","0","0","0","0","0","0","0","0","0","0","0","0","0","0","0","0","0","0","0","0","0","0","0","0","0","0","0","0","0","0","0","0","0","0","0","0","0"
"00002277","두촌","00000006","지원15","20221003","1","0","0","0","1","0","0","0","0","0","0","0","0","0","0","0","0","0","0","0","0","0","0","0","0","0","0","0","0","0","0","0","0","0","0","0","0","0","0","0","0","0","0","0","0","0","0","0"
"00002278","단지삼거리","00000006","지원15","20221003","0","2","0","2","0","2","0","2","0","0","0","0","0","0","0","0","0","0","0","0","0","0","0","0","0","0","0","0","0","0","0","0","1","0","0","0","1","0","0","0","0","0","0","0","0","0","0","0"
"00002279","단지마을","00000086","518","20221003","0","0","0","0","0","0","0","0","0","0","0","0","0","0","0","0","1","0","0","0","1","0","0","0","0","0","0","0","0","0","0","0","0","0","0","0","0","0","0","0","0","0","0","0","0","0","0","0"
"00002280","시립공원묘지","00000086","518","20221003","0","0","0","0","0","0","0","0","0","0","0","0","0","0","0","0","0","0","0","0","0","0","0","0","0","0","0","0","0","0","0","0","0","0","0","0","0","0","0","0","0","0","0","0","0","0","0","0"
"00002281","공원묘지","00000086","518","20221003","0","0","0","0","0","0","0","0","0","0","0","0","0","0","0","0","0","0","0","0","0","0","0","0","0","0","0","0","0","0","0","0","0","0","0","0","0","0","0","0","0","0","0","0","0","0","0","0"
"00002282","국립5.18민주묘지","00000086","518","20221003","0","0","1","0","0","0","1","0","0","0","0","0","0","0","0","0","0","0","0","0","0","0","0","0","0","0","0","0","0","0","0","0","0","0","0","0","0","0","0","0","0","0","0","0","0","0","0","0"
"00002283","어운","00000086","518","20221003","0","0","0","0","0","0","0","0","0","0","0","0","0","0","0","0","0","0","0","0","0","0","0","0","0","0","0","0","0","0","0","0","0","0","0","0","0","0","0","0","0","0","0","0","0","0","0","0"
"00002284","주룡","00000086","518","20221003","1","0","0","0","1","0","0","0","0","0","0","0","0","0","0","0","1","0","0","0","1","0","0","0","0","0","0","0","0","0","0","0","0","0","0","0","0","0","0","0","0","0","0","0","0","0","0","0"
"00002285","복다우","00000086","518","20221003","0","0","0","0","0","0","0","0","0","0","0","0","0","0","0","0","2","1","0","1","2","1","0","1","0","0","0","0","0","0","0","0","0","0","0","0","0","0","0","0","0","0","0","0","0","0","0","0"
"00002286","태령","00000055","용전84","20221003","1","0","0","0","1","0","0","0","0","0","0","0","0","0","0","0","0","0","0","0","0","0","0","0","0","0","0","0","0","0","0","0","0","0","0","0","0","0","0","0","0","0","0","0","0","0","0","0"
"00002288","와우리","00000055","용전84","20221003","0","0","0","0","0","0","0","0","0","0","0","0","0","0","0","0","0","0","0","0","0","0","0","0","0","0","0","0","0","0","0","0","0","0","0","0","0","0","0","0","0","0","0","0","0","0","0","0"
"00002289","양지","00000055","용전84","20221003","0","0","0","0","0","0","0","0","0","0","0","0","0","0","0","0","0","0","0","0","0","0","0","0","0","0","0","0","0","0","0","0","0","0","0","0","0","0","0","0","0","0","0","0","0","0","0","0"
"00002290","월전(담양)","00000055","용전84","20221003","0","0","0","0","0","0","0","0","0","0","0","0","0","0","0","0","0","0","0","0","0","0","0","0","0","0","0","0","0","0","0","0","0","0","0","0","0","0","0","0","0","0","0","0","0","0","0","0"
"00002291","양지분교","00000055","용전84","20221003","0","0","0","0","0","0","0","0","0","0","0","0","0","0","0","0","0","0","0","0","0","0","0","0","0","0","0","0","0","0","0","0","0","0","0","0","0","0","0","0","0","0","0","0","0","0","0","0"
"00002293","반석","00000078","충효187","20221003","0","0","0","0","0","0","0","0","0","0","0","0","0","0","0","0","0","0","0","0","0","0","0","0","0","0","0","0","0","0","0","0","0","0","0","0","0","0","0","0","0","0","0","0","0","0","0","0"
"00002294","소쇄원","00000078","충효187","20221003","0","0","0","0","0","0","0","0","0","0","0","0","0","0","0","0","0","0","0","0","0","0","0","0","0","0","0","0","0","0","0","0","0","0","0","0","0","0","0","0","0","0","0","0","0","0","0","0"
"00002300","광주호호수생태원","00000078","충효187","20221003","0","0","0","0","0","0","0","0","0","0","0","0","0","0","0","0","1","1","0","1","1","1","0","1","0","0","0","0","0","0","0","0","0","0","0","0","0","0","0","0","0","0","0","0","0","0","0","0"
"00002302","석제","00000078","충효187","20221003","0","0","0","0","0","0","0","0","0","0","0","0","0","0","0","0","1","0","0","0","1","0","0","0","0","0","0","0","0","0","0","0","0","0","0","0","0","0","0","0","0","0","0","0","0","0","0","0"
"00002303","금곡","00000078","충효187","20221003","0","1","0","1","0","1","0","1","0","0","0","0","0","0","0","0","2","0","0","0","2","0","0","0","0","0","0","0","0","0","0","0","0","0","0","0","0","0","0","0","0","0","0","0","0","0","0","0"
"00002304","충장사(북)","00000078","충효187","20221003","0","0","0","0","0","0","0","0","0","0","0","0","0","0","0","0","1","0","0","0","1","0","0","0","0","0","0","0","0","0","0","0","0","0","0","0","0","0","0","0","0","0","0","0","0","0","0","0"
"00002305","광곡입구","00000049","진월78","20221003","1","0","1","0","1","0","0","0","0","0","0","0","0","0","1","0","0","0","0","0","0","0","0","0","0","0","0","0","0","0","0","0","0","0","0","0","0","0","0","0","0","0","0","0","0","0","0","0"
"00002305","광곡입구","00000114","수완03","20221003","15","26","14","26","11","20","12","20","0","1","0","1","4","5","2","5","0","0","0","0","0","0","0","0","0","0","0","0","0","0","0","0","0","1","0","1","0","1","0","1","0","0","0","0","0","0","0","0"
"00002307","이동입구","00000049","진월78","20221003","0","1","0","1","0","1","0","1","0","0","0","0","0","0","0","0","0","0","0","0","0","0","0","0","0","0","0","0","0","0","0","0","0","0","0","0","0","0","0","0","0","0","0","0","0","0","0","0"
"00002309","수춘","00000041","대촌70","20221003","0","0","1","0","0","0","1","0","0","0","0","0","0","0","0","0","0","0","0","0","0","0","0","0","0","0","0","0","0","0","0","0","0","0","0","0","0","0","0","0","0","0","0","0","0","0","0","0"
"00002310","복수","00000041","대촌70","20221003","0","0","5","0","0","0","3","0","0","0","2","0","0","0","0","0","0","0","0","0","0","0","0","0","0","0","0","0","0","0","0","0","0","0","0","0","0","0","0","0","0","0","0","0","0","0","0","0"
"00002310","복수","00000073","대촌170","20221003","0","0","1","0","0","0","1","0","0","0","0","0","0","0","0","0","0","0","0","0","0","0","0","0","0","0","0","0","0","0","0","0","0","0","0","0","0","0","0","0","0","0","0","0","0","0","0","0"
"00002311","원산","00000041","대촌70","20221003","0","0","1","0","0","0","1","0","0","0","0","0","0","0","0","0","0","0","0","0","0","0","0","0","0","0","0","0","0","0","0","0","0","0","0","0","0","0","0","0","0","0","0","0","0","0","0","0"
"00002311","원산","00000208","마을715(대촌)","20221003","0","0","0","0","0","0","0","0","0","0","0","0","0","0","0","0","0","0","0","0","0","0","0","0","0","0","0","0","0","0","0","0","0","0","0","0","0","0","0","0","0","0","0","0","0","0","0","0"
"00002312","상칠석","00000035","매월61(칠석)","20221003","0","0","0","0","0","0","0","0","0","0","0","0","0","0","0","0","0","0","0","0","0","0","0","0","0","0","0","0","0","0","0","0","0","0","0","0","0","0","0","0","0","0","0","0","0","0","0","0"
"00002312","상칠석","00000040","대촌69","20221003","0","0","0","0","0","0","0","0","0","0","0","0","0","0","0","0","0","0","0","0","0","0","0","0","0","0","0","0","0","0","0","0","0","0","0","0","0","0","0","0","0","0","0","0","0","0","0","0"
"00002313","어전","00000073","대촌170","20221003","1","0","1","0","1","0","1","0","0","0","0","0","0","0","0","0","0","0","0","0","0","0","0","0","0","0","0","0","0","0","0","0","0","0","0","0","0","0","0","0","0","0","0","0","0","0","0","0"
"00002314","광이리","00000073","대촌170","20221003","0","0","0","0","0","0","0","0","0","0","0","0","0","0","0","0","0","0","0","0","0","0","0","0","0","0","0","0","0","0","0","0","0","0","0","0","0","0","0","0","0","0","0","0","0","0","0","0"
"00002317","남평농협","00000073","대촌170","20221003","0","0","0","0","0","0","0","0","0","0","0","0","0","0","0","0","0","0","0","0","0","0","0","0","0","0","0","0","0","0","0","0","0","0","0","0","0","0","0","0","0","0","0","0","0","0","0","0"
"00002318","나주축산농협","00000073","대촌170","20221003","1","0","0","0","1","0","0","0","0","0","0","0","0","0","0","0","0","0","0","0","0","0","0","0","0","0","0","0","0","0","0","0","0","0","0","0","0","0","0","0","0","0","0","0","0","0","0","0"
"00002320","광남고","00000073","대촌170","20221003","0","0","0","0","0","0","0","0","0","0","0","0","0","0","0","0","0","0","0","0","0","0","0","0","0","0","0","0","0","0","0","0","0","0","0","0","0","0","0","0","0","0","0","0","0","0","0","0"
"00002323","방축마을","00000073","대촌170","20221003","0","0","0","0","0","0","0","0","0","0","0","0","0","0","0","0","0","0","0","0","0","0","0","0","0","0","0","0","0","0","0","0","0","0","0","0","0","0","0","0","0","0","0","0","0","0","0","0"
"00002326","매화동(나주)","00000073","대촌170","20221003","3","0","0","0","3","0","0","0","0","0","0","0","0","0","0","0","0","0","0","0","0","0","0","0","0","0","0","0","0","0","0","0","0","0","0","0","0","0","0","0","0","0","0","0","0","0","0","0"
"00002329","국립나주병원","00000073","대촌170","20221003","0","0","0","0","0","0","0","0","0","0","0","0","0","0","0","0","0","0","0","0","0","0","0","0","0","0","0","0","0","0","0","0","0","0","0","0","0","0","0","0","0","0","0","0","0","0","0","0"
"00002332","도래","00000073","대촌170","20221003","0","0","0","0","0","0","0","0","0","0","0","0","0","0","0","0","0","0","0","0","0","0","0","0","0","0","0","0","0","0","0","0","0","0","0","0","0","0","0","0","0","0","0","0","0","0","0","0"
"00002336","자치샘삼거리","00000071","228(구151화순사평)","20221003","0","0","0","0","0","0","0","0","0","0","0","0","0","0","0","0","0","0","0","0","0","0","0","0","0","0","0","0","0","0","0","0","0","0","0","0","0","0","0","0","0","0","0","0","0","0","0","0"
"00002336","자치샘삼거리","00000072","지원152(능주역)","20221003","0","0","0","0","0","0","0","0","0","0","0","0","0","0","0","0","0","0","0","0","0","0","0","0","0","0","0","0","0","0","0","0","0","0","0","0","0","0","0","0","0","0","0","0","0","0","0","0"
"00002336","자치샘삼거리","00000122","228(화순전대병원)","20221003","0","1","0","1","0","1","0","1","0","0","0","0","0","0","0","0","0","0","0","0","0","0","0","0","0","0","0","0","0","0","0","0","0","0","0","0","0","0","0","0","0","0","0","0","0","0","0","0"
"00002336","자치샘삼거리","00000123","지원152(도웅리)","20221003","0","0","0","0","0","0","0","0","0","0","0","0","0","0","0","0","0","0","0","0","0","0","0","0","0","0","0","0","0","0","0","0","0","0","0","0","0","0","0","0","0","0","0","0","0","0","0","0"
"00002337","남계촌","00000027","지원52","20221003","0","0","0","0","0","0","0","0","0","0","0","0","0","0","0","0","0","0","0","0","0","0","0","0","0","0","0","0","0","0","0","0","0","0","0","0","0","0","0","0","0","0","0","0","0","0","0","0"
"00002338","녹동","00000006","지원15","20221003","4","5","3","5","3","5","3","5","1","0","0","0","0","0","0","0","0","0","0","0","0","0","0","0","0","0","0","0","0","0","0","0","0","0","0","0","0","0","0","0","0","0","0","0","0","0","0","0"
"00002338","녹동","00000012","지원25","20221003","3","5","7","5","3","3","7","3","0","0","0","0","0","2","0","2","0","1","0","1","0","1","0","1","0","0","0","0","0","0","0","0","0","0","0","0","0","0","0","0","0","0","0","0","0","0","0","0"
"00002338","녹동","00000019","봉선37","20221003","1","1","3","1","1","1","3","1","0","0","0","0","0","0","0","0","0","0","0","0","0","0","0","0","0","0","0","0","0","0","0","0","0","0","0","0","0","0","0","0","0","0","0","0","0","0","0","0"
"00002338","녹동","00000023","지원45","20221003","2","6","2","6","2","5","2","5","0","0","0","0","0","1","0","1","0","0","0","0","0","0","0","0","0","0","0","0","0","0","0","0","0","0","0","0","0","0","0","0","0","0","0","0","0","0","0","0"
"00002338","녹동","00000071","228(구151화순사평)","20221003","1","0","0","0","1","0","0","0","0","0","0","0","0","0","0","0","0","0","0","0","0","0","0","0","0","0","0","0","0","0","0","0","0","0","0","0","0","0","0","0","0","0","0","0","0","0","0","0"
"00002338","녹동","00000072","지원152(능주역)","20221003","0","0","0","0","0","0","0","0","0","0","0","0","0","0","0","0","0","0","0","0","0","0","0","0","0","0","0","0","0","0","0","0","0","0","0","0","0","0","0","0","0","0","0","0","0","0","0","0"
"00002338","녹동","00000119","지원56","20221003","0","3","1","3","0","3","0","3","0","0","0","0","0","0","1","0","0","0","0","0","0","0","0","0","0","0","0","0","0","0","0","0","0","0","1","0","0","0","1","0","0","0","0","0","0","0","0","0"
"00002338","녹동","00000122","228(화순전대병원)","20221003","0","4","1","4","0","4","1","4","0","0","0","0","0","0","0","0","0","0","0","0","0","0","0","0","0","0","0","0","0","0","0","0","0","0","0","0","0","0","0","0","0","0","0","0","0","0","0","0"
"00002338","녹동","00000123","지원152(도웅리)","20221003","0","0","3","0","0","0","3","0","0","0","0","0","0","0","0","0","0","0","0","0","0","0","0","0","0","0","0","0","0","0","0","0","0","0","0","0","0","0","0","0","0","0","0","0","0","0","0","0"
"00002339","선교","00000027","지원52","20221003","0","0","0","0","0","0","0","0","0","0","0","0","0","0","0","0","1","0","0","0","1","0","0","0","0","0","0","0","0","0","0","0","0","0","0","0","0","0","0","0","0","0","0","0","0","0","0","0"
"00002339","선교","00000071","228(구151화순사평)","20221003","1","0","0","0","1","0","0","0","0","0","0","0","0","0","0","0","0","0","0","0","0","0","0","0","0","0","0","0","0","0","0","0","0","0","0","0","0","0","0","0","0","0","0","0","0","0","0","0"
"00002339","선교","00000072","지원152(능주역)","20221003","1","1","0","1","1","1","0","1","0","0","0","0","0","0","0","0","0","0","0","0","0","0","0","0","0","0","0","0","0","0","0","0","0","0","0","0","0","0","0","0","0","0","0","0","0","0","0","0"
"00002339","선교","00000122","228(화순전대병원)","20221003","0","1","1","1","0","1","1","1","0","0","0","0","0","0","0","0","0","0","0","0","0","0","0","0","0","0","0","0","0","0","0","0","0","0","0","0","0","0","0","0","0","0","0","0","0","0","0","0"
"00002339","선교","00000123","지원152(도웅리)","20221003","0","1","5","1","0","1","5","1","0","0","0","0","0","0","0","0","0","0","0","0","0","0","0","0","0","0","0","0","0","0","0","0","0","0","0","0","0","0","0","0","0","0","0","0","0","0","0","0"
"00002341","이십곡리","00000071","228(구151화순사평)","20221003","1","0","0","0","1","0","0","0","0","0","0","0","0","0","0","0","0","0","0","0","0","0","0","0","0","0","0","0","0","0","0","0","0","0","0","0","0","0","0","0","0","0","0","0","0","0","0","0"
"00002341","이십곡리","00000072","지원152(능주역)","20221003","2","0","0","0","2","0","0","0","0","0","0","0","0","0","0","0","13","0","0","0","13","0","0","0","0","0","0","0","0","0","0","0","1","0","0","0","1","0","0","0","0","0","0","0","0","0","0","0"
"00002341","이십곡리","00000122","228(화순전대병원)","20221003","0","1","0","1","0","1","0","1","0","0","0","0","0","0","0","0","0","0","0","0","0","0","0","0","0","0","0","0","0","0","0","0","0","0","0","0","0","0","0","0","0","0","0","0","0","0","0","0"
"00002343","장성월곡","00000079","첨단192","20221003","0","0","0","0","0","0","0","0","0","0","0","0","0","0","0","0","0","0","0","0","0","0","0","0","0","0","0","0","0","0","0","0","0","0","0","0","0","0","0","0","0","0","0","0","0","0","0","0"
"00002344","양림휴먼시아2차","00000001","순환01(시청행)","20221003","7","6","7","6","7","6","7","6","0","0","0","0","0","0","0","0","0","0","1","0","0","0","1","0","0","0","0","0","0","0","0","0","2","2","0","2","2","2","0","2","0","0","0","0","0","0","0","0"
"00002344","양림휴먼시아2차","00000008","진월17","20221003","13","5","10","5","11","5","9","5","0","0","1","0","2","0","0","0","3","3","5","3","3","2","5","2","0","0","0","0","0","1","0","1","1","1","0","1","1","1","0","1","0","0","0","0","0","0","0","0"
"00002344","양림휴먼시아2차","00000012","지원25","20221003","8","10","14","10","7","9","11","9","0","0","0","0","1","1","3","1","1","0","1","0","1","0","1","0","0","0","0","0","0","0","0","0","1","1","0","1","1","1","0","1","0","0","0","0","0","0","0","0"
"00002344","양림휴먼시아2차","00000014","봉선27","20221003","4","2","3","2","4","2","2","2","0","0","0","0","0","0","1","0","0","0","1","0","0","0","1","0","0","0","0","0","0","0","0","0","0","0","0","0","0","0","0","0","0","0","0","0","0","0","0","0"
"00002344","양림휴먼시아2차","00000034","금남59","20221003","3","1","4","1","3","1","4","1","0","0","0","0","0","0","0","0","0","1","0","1","0","1","0","1","0","0","0","0","0","0","0","0","0","0","0","0","0","0","0","0","0","0","0","0","0","0","0","0"
"00002344","양림휴먼시아2차","00000047","봉선76","20221003","1","0","1","0","0","0","1","0","0","0","0","0","1","0","0","0","0","0","0","0","0","0","0","0","0","0","0","0","0","0","0","0","0","0","1","0","0","0","1","0","0","0","0","0","0","0","0","0"
"00002344","양림휴먼시아2차","00000065","첨단95","20221003","0","1","6","1","0","1","6","1","0","0","0","0","0","0","0","0","1","2","4","2","1","2","3","2","0","0","0","0","0","0","1","0","0","1","1","1","0","1","1","1","0","0","0","0","0","0","0","0"
"00002344","양림휴먼시아2차","00000068","송정98","20221003","2","4","4","4","1","3","3","3","1","0","0","0","0","1","1","1","1","3","3","3","1","3","3","3","0","0","0","0","0","0","0","0","0","0","0","0","0","0","0","0","0","0","0","0","0","0","0","0"
"00002344","양림휴먼시아2차","00000119","지원56","20221003","5","3","0","3","5","3","0","3","0","0","0","0","0","0","0","0","0","1","0","1","0","1","0","1","0","0","0","0","0","0","0","0","0","0","1","0","0","0","0","0","0","0","0","0","0","0","1","0"
"00002345","중앙교회","00000080","첨단193","20221003","0","0","0","0","0","0","0","0","0","0","0","0","0","0","0","0","0","0","0","0","0","0","0","0","0","0","0","0","0","0","0","0","0","0","0","0","0","0","0","0","0","0","0","0","0","0","0","0"
"00002347","수북면사무소","00000077","용전184","20221003","0","0","0","0","0","0","0","0","0","0","0","0","0","0","0","0","0","0","0","0","0","0","0","0","0","0","0","0","0","0","0","0","0","0","0","0","0","0","0","0","0","0","0","0","0","0","0","0"
"00002348","응기","00000077","용전184","20221003","0","0","0","0","0","0","0","0","0","0","0","0","0","0","0","0","0","0","0","0","0","0","0","0","0","0","0","0","0","0","0","0","0","0","0","0","0","0","0","0","0","0","0","0","0","0","0","0"
"00002351","상촌(임곡)","00000059","임곡89","20221003","0","1","0","1","0","1","0","1","0","0","0","0","0","0","0","0","0","0","0","0","0","0","0","0","0","0","0","0","0","0","0","0","0","0","0","0","0","0","0","0","0","0","0","0","0","0","0","0"
"00002354","전통공예문화학교","00000006","지원15","20221003","0","2","1","2","0","2","1","2","0","0","0","0","0","0","0","0","0","0","0","0","0","0","0","0","0","0","0","0","0","0","0","0","0","0","0","0","0","0","0","0","0","0","0","0","0","0","0","0"
"00002354","전통공예문화학교","00000055","용전84","20221003","0","1","1","1","0","1","1","1","0","0","0","0","0","0","0","0","0","0","0","0","0","0","0","0","0","0","0","0","0","0","0","0","0","0","0","0","0","0","0","0","0","0","0","0","0","0","0","0"
"00002354","전통공예문화학교","00000056","용전85","20221003","2","0","0","0","2","0","0","0","0","0","0","0","0","0","0","0","0","0","0","0","0","0","0","0","0","0","0","0","0","0","0","0","0","0","0","0","0","0","0","0","0","0","0","0","0","0","0","0"
"00002354","전통공예문화학교","00000120","양산60","20221003","0","0","1","0","0","0","1","0","0","0","0","0","0","0","0","0","0","0","0","0","0","0","0","0","0","0","0","0","0","0","0","0","0","0","0","0","0","0","0","0","0","0","0","0","0","0","0","0"
"00002355","주남","00000006","지원15","20221003","4","6","6","6","4","6","6","6","0","0","0","0","0","0","0","0","0","0","0","0","0","0","0","0","0","0","0","0","0","0","0","0","0","0","0","0","0","0","0","0","0","0","0","0","0","0","0","0"
"00002355","주남","00000012","지원25","20221003","3","2","2","2","3","2","2","2","0","0","0","0","0","0","0","0","0","0","0","0","0","0","0","0","0","0","0","0","0","0","0","0","0","1","0","1","0","1","0","1","0","0","0","0","0","0","0","0"
"00002355","주남","00000019","봉선37","20221003","0","3","3","3","0","2","2","2","0","1","0","1","0","0","1","0","0","0","0","0","0","0","0","0","0","0","0","0","0","0","0","0","1","1","2","1","1","1","1","1","0","0","0","0","0","0","1","0"
"00002355","주남","00000023","지원45","20221003","7","0","4","0","6","0","2","0","1","0","1","0","0","0","1","0","0","0","0","0","0","0","0","0","0","0","0","0","0","0","0","0","0","0","0","0","0","0","0","0","0","0","0","0","0","0","0","0"
"00002355","주남","00000027","지원52","20221003","1","0","0","0","1","0","0","0","0","0","0","0","0","0","0","0","0","0","0","0","0","0","0","0","0","0","0","0","0","0","0","0","0","0","0","0","0","0","0","0","0","0","0","0","0","0","0","0"
"00002355","주남","00000071","228(구151화순사평)","20221003","4","0","0","0","4","0","0","0","0","0","0","0","0","0","0","0","0","0","0","0","0","0","0","0","0","0","0","0","0","0","0","0","0","0","0","0","0","0","0","0","0","0","0","0","0","0","0","0"
"00002355","주남","00000072","지원152(능주역)","20221003","0","0","0","0","0","0","0","0","0","0","0","0","0","0","0","0","1","0","0","0","1","0","0","0","0","0","0","0","0","0","0","0","0","0","0","0","0","0","0","0","0","0","0","0","0","0","0","0"
"00002355","주남","00000119","지원56","20221003","0","1","1","1","0","0","1","0","0","0","0","0","0","1","0","1","0","0","0","0","0","0","0","0","0","0","0","0","0","0","0","0","1","2","2","2","1","2","2","2","0","0","0","0","0","0","0","0"
"00002355","주남","00000122","228(화순전대병원)","20221003","0","5","1","5","0","4","1","4","0","0","0","0","0","1","0","1","0","0","0","0","0","0","0","0","0","0","0","0","0","0","0","0","0","0","0","0","0","0","0","0","0","0","0","0","0","0","0","0"
"00002355","주남","00000123","지원152(도웅리)","20221003","0","0","2","0","0","0","2","0","0","0","0","0","0","0","0","0","0","0","0","0","0","0","0","0","0","0","0","0","0","0","0","0","0","0","0","0","0","0","0","0","0","0","0","0","0","0","0","0"
"00002356","창평초교","00000076","두암181","20221003","0","0","0","0","0","0","0","0","0","0","0","0","0","0","0","0","0","0","0","0","0","0","0","0","0","0","0","0","0","0","0","0","0","0","0","0","0","0","0","0","0","0","0","0","0","0","0","0"
"00002359","초동","00000080","첨단193","20221003","1","0","0","0","1","0","0","0","0","0","0","0","0","0","0","0","0","0","0","0","0","0","0","0","0","0","0","0","0","0","0","0","0","0","0","0","0","0","0","0","0","0","0","0","0","0","0","0"
"00002360","동명고","00000019","봉선37","20221003","1","4","2","4","0","2","2","2","0","0","0","0","1","2","0","2","0","0","0","0","0","0","0","0","0","0","0","0","0","0","0","0","0","0","0","0","0","0","0","0","0","0","0","0","0","0","0","0"
"00002360","동명고","00000020","일곡38","20221003","0","4","0","4","0","4","0","4","0","0","0","0","0","0","0","0","0","0","0","0","0","0","0","0","0","0","0","0","0","0","0","0","0","0","0","0","0","0","0","0","0","0","0","0","0","0","0","0"
"00002360","동명고","00000115","선운14","20221003","0","1","0","1","0","0","0","0","0","1","0","1","0","0","0","0","0","0","0","0","0","0","0","0","0","0","0","0","0","0","0","0","0","0","0","0","0","0","0","0","0","0","0","0","0","0","0","0"
"00002361","문흥라인아파트","00000008","진월17","20221003","6","0","0","0","4","0","0","0","0","0","0","0","2","0","0","0","0","2","3","2","0","2","3","2","0","0","0","0","0","0","0","0","0","1","0","1","0","1","0","1","0","0","0","0","0","0","0","0"
"00002361","문흥라인아파트","00000010","송정19","20221003","0","1","0","1","0","0","0","0","0","0","0","0","0","1","0","1","0","1","2","1","0","1","2","1","0","0","0","0","0","0","0","0","1","0","0","0","1","0","0","0","0","0","0","0","0","0","0","0"
"00002361","문흥라인아파트","00000051","문흥80","20221003","1","1","0","1","1","1","0","1","0","0","0","0","0","0","0","0","0","0","1","0","0","0","1","0","0","0","0","0","0","0","0","0","0","0","0","0","0","0","0","0","0","0","0","0","0","0","0","0"
"00002361","문흥라인아파트","00000057","용전86","20221003","0","2","1","2","0","2","0","2","0","0","1","0","0","0","0","0","0","0","0","0","0","0","0","0","0","0","0","0","0","0","0","0","0","0","0","0","0","0","0","0","0","0","0","0","0","0","0","0"
"00002361","문흥라인아파트","00000090","문흥39","20221003","6","0","1","0","5","0","1","0","0","0","0","0","1","0","0","0","0","4","5","4","0","4","4","4","0","0","0","0","0","0","1","0","0","0","0","0","0","0","0","0","0","0","0","0","0","0","0","0"
"00002361","문흥라인아파트","00000117","첨단23","20221003","4","0","4","0","4","0","2","0","0","0","0","0","0","0","2","0","0","3","0","3","0","3","0","3","0","0","0","0","0","0","0","0","0","0","0","0","0","0","0","0","0","0","0","0","0","0","0","0"
"00002362","남동","00000085","송정296","20221003","2","0","0","0","2","0","0","0","0","0","0","0","0","0","0","0","0","0","0","0","0","0","0","0","0","0","0","0","0","0","0","0","0","0","0","0","0","0","0","0","0","0","0","0","0","0","0","0"
"00002513","동원촌","00000011","첨단20","20221003","0","0","0","0","0","0","0","0","0","0","0","0","0","0","0","0","0","0","0","0","0","0","0","0","0","0","0","0","0","0","0","0","0","0","0","0","0","0","0","0","0","0","0","0","0","0","0","0"
"00002513","동원촌","00000062","첨단92","20221003","0","0","0","0","0","0","0","0","0","0","0","0","0","0","0","0","1","0","0","0","1","0","0","0","0","0","0","0","0","0","0","0","0","0","0","0","0","0","0","0","0","0","0","0","0","0","0","0"
"00002513","동원촌","00000203","마을700","20221003","0","0","0","0","0","0","0","0","0","0","0","0","0","0","0","0","0","1","2","1","0","1","2","1","0","0","0","0","0","0","0","0","0","0","0","0","0","0","0","0","0","0","0","0","0","0","0","0"
"00002523","반촌","00000007","매월16","20221003","0","0","1","0","0","0","1","0","0","0","0","0","0","0","0","0","0","0","0","0","0","0","0","0","0","0","0","0","0","0","0","0","0","0","0","0","0","0","0","0","0","0","0","0","0","0","0","0"
"00002523","반촌","00000014","봉선27","20221003","0","0","0","0","0","0","0","0","0","0","0","0","0","0","0","0","0","0","0","0","0","0","0","0","0","0","0","0","0","0","0","0","0","0","0","0","0","0","0","0","0","0","0","0","0","0","0","0"
"00002523","반촌","00000016","송정29","20221003","0","1","3","1","0","1","3","1","0","0","0","0","0","0","0","0","0","1","0","1","0","1","0","1","0","0","0","0","0","0","0","0","0","0","0","0","0","0","0","0","0","0","0","0","0","0","0","0"
"00002523","반촌","00000026","운림51","20221003","2","2","3","2","2","2","3","2","0","0","0","0","0","0","0","0","0","0","0","0","0","0","0","0","0","0","0","0","0","0","0","0","0","0","0","0","0","0","0","0","0","0","0","0","0","0","0","0"
"00002523","반촌","00000043","송암72","20221003","0","0","0","0","0","0","0","0","0","0","0","0","0","0","0","0","0","0","0","0","0","0","0","0","0","0","0","0","0","0","0","0","0","0","0","0","0","0","0","0","0","0","0","0","0","0","0","0"
"00002523","반촌","00000102","수완12","20221003","0","0","5","0","0","0","2","0","0","0","0","0","0","0","3","0","0","0","0","0","0","0","0","0","0","0","0","0","0","0","0","0","0","0","0","0","0","0","0","0","0","0","0","0","0","0","0","0"
"00002525","산동교","00000007","매월16","20221003","0","1","0","1","0","1","0","1","0","0","0","0","0","0","0","0","0","0","1","0","0","0","1","0","0","0","0","0","0","0","0","0","0","0","0","0","0","0","0","0","0","0","0","0","0","0","0","0"
"00002525","산동교","00000014","봉선27","20221003","0","0","2","0","0","0","2","0","0","0","0","0","0","0","0","0","0","0","3","0","0","0","3","0","0","0","0","0","0","0","0","0","0","0","0","0","0","0","0","0","0","0","0","0","0","0","0","0"
"00002525","산동교","00000016","송정29","20221003","1","1","0","1","1","1","0","1","0","0","0","0","0","0","0","0","0","0","0","0","0","0","0","0","0","0","0","0","0","0","0","0","0","0","0","0","0","0","0","0","0","0","0","0","0","0","0","0"
"00002525","산동교","00000026","운림51","20221003","0","0","3","0","0","0","3","0","0","0","0","0","0","0","0","0","0","0","0","0","0","0","0","0","0","0","0","0","0","0","0","0","0","0","0","0","0","0","0","0","0","0","0","0","0","0","0","0"
"00002525","산동교","00000043","송암72","20221003","0","0","2","0","0","0","2","0","0","0","0","0","0","0","0","0","0","0","1","0","0","0","1","0","0","0","0","0","0","0","0","0","0","0","0","0","0","0","0","0","0","0","0","0","0","0","0","0"
"00002525","산동교","00000102","수완12","20221003","0","0","6","0","0","0","4","0","0","0","0","0","0","0","2","0","3","0","0","0","3","0","0","0","0","0","0","0","0","0","0","0","0","0","1","0","0","0","1","0","0","0","0","0","0","0","0","0"
"00002527","남부대","00000005","첨단09","20221003","0","3","1","3","0","2","1","2","0","0","0","0","0","1","0","1","5","1","13","1","4","1","12","1","0","0","0","0","1","0","1","0","0","0","0","0","0","0","0","0","0","0","0","0","0","0","0","0"
"00002527","남부대","00000017","첨단30","20221003","0","0","1","0","0","0","1","0","0","0","0","0","0","0","0","0","0","2","0","2","0","2","0","2","0","0","0","0","0","0","0","0","0","0","1","0","0","0","1","0","0","0","0","0","0","0","0","0"
"00002527","남부대","00000079","첨단192","20221003","0","0","0","0","0","0","0","0","0","0","0","0","0","0","0","0","0","0","0","0","0","0","0","0","0","0","0","0","0","0","0","0","0","0","0","0","0","0","0","0","0","0","0","0","0","0","0","0"
"00002527","남부대","00000116","첨단22","20221003","0","2","1","2","0","1","1","1","0","0","0","0","0","1","0","1","1","0","0","0","1","0","0","0","0","0","0","0","0","0","0","0","0","1","1","1","0","1","1","1","0","0","0","0","0","0","0","0"
"00002527","남부대","00000195","마을720","20221003","0","0","0","0","0","0","0","0","0","0","0","0","0","0","0","0","0","0","2","0","0","0","2","0","0","0","0","0","0","0","0","0","0","0","0","0","0","0","0","0","0","0","0","0","0","0","0","0"
"00002527","남부대","00000203","마을700","20221003","0","0","1","0","0","0","1","0","0","0","0","0","0","0","0","0","0","1","0","1","0","1","0","1","0","0","0","0","0","0","0","0","1","0","0","0","1","0","0","0","0","0","0","0","0","0","0","0"
"00002534","첨단1동행정복지센터","00000007","매월16","20221003","0","0","0","0","0","0","0","0","0","0","0","0","0","0","0","0","0","1","0","1","0","1","0","1","0","0","0","0","0","0","0","0","0","0","0","0","0","0","0","0","0","0","0","0","0","0","0","0"
"00002534","첨단1동행정복지센터","00000017","첨단30","20221003","0","0","0","0","0","0","0","0","0","0","0","0","0","0","0","0","1","1","0","1","1","1","0","1","0","0","0","0","0","0","0","0","0","0","0","0","0","0","0","0","0","0","0","0","0","0","0","0"
"00002534","첨단1동행정복지센터","00000026","운림51","20221003","0","0","0","0","0","0","0","0","0","0","0","0","0","0","0","0","0","1","0","1","0","1","0","1","0","0","0","0","0","0","0","0","0","0","0","0","0","0","0","0","0","0","0","0","0","0","0","0"
"00002534","첨단1동행정복지센터","00000090","문흥39","20221003","0","0","0","0","0","0","0","0","0","0","0","0","0","0","0","0","0","1","0","1","0","1","0","1","0","0","0","0","0","0","0","0","0","0","0","0","0","0","0","0","0","0","0","0","0","0","0","0"
"00002534","첨단1동행정복지센터","00000092","첨단40","20221003","0","0","0","0","0","0","0","0","0","0","0","0","0","0","0","0","0","0","1","0","0","0","0","0","0","0","0","0","0","0","1","0","0","0","0","0","0","0","0","0","0","0","0","0","0","0","0","0"
"00002547","금남로4가역","00000005","첨단09","20221003","10","29","84","29","10","27","52","27","0","2","2","2","0","0","30","0","3","3","1","3","3","3","1","3","0","0","0","0","0","0","0","0","2","4","1","4","2","4","1","4","0","0","0","0","0","0","0","0"
"00002547","금남로4가역","00000026","운림51","20221003","7","17","49","17","7","17","39","17","0","0","1","0","0","0","9","0","1","0","0","0","1","0","0","0","0","0","0","0","0","0","0","0","0","1","4","1","0","1","4","1","0","0","0","0","0","0","0","0"
"00002547","금남로4가역","00000032","금남57","20221003","2","4","24","4","2","4","19","4","0","0","1","0","0","0","4","0","0","0","0","0","0","0","0","0","0","0","0","0","0","0","0","0","1","1","6","1","1","1","6","1","0","0","0","0","0","0","0","0"
"00002547","금남로4가역","00000035","매월61(칠석)","20221003","1","0","2","0","1","0","2","0","0","0","0","0","0","0","0","0","0","0","0","0","0","0","0","0","0","0","0","0","0","0","0","0","1","3","0","3","1","3","0","3","0","0","0","0","0","0","0","0"
"00002547","금남로4가역","00000065","첨단95","20221003","1","7","19","7","1","6","16","6","0","1","1","1","0","0","2","0","0","3","0","3","0","3","0","3","0","0","0","0","0","0","0","0","0","2","2","2","0","2","2","2","0","0","0","0","0","0","0","0"
"00002547","금남로4가역","00000077","용전184","20221003","0","0","1","0","0","0","0","0","0","0","0","0","0","0","1","0","0","1","1","1","0","1","1","1","0","0","0","0","0","0","0","0","0","0","2","0","0","0","2","0","0","0","0","0","0","0","0","0"
"00002547","금남로4가역","00000086","518","20221003","0","0","5","0","0","0","5","0","0","0","0","0","0","0","0","0","0","0","0","0","0","0","0","0","0","0","0","0","0","0","0","0","0","0","0","0","0","0","0","0","0","0","0","0","0","0","0","0"
"00002547","금남로4가역","00000087","1187","20221003","1","0","2","0","1","0","2","0","0","0","0","0","0","0","0","0","2","3","2","3","2","3","2","3","0","0","0","0","0","0","0","0","0","1","0","1","0","1","0","1","0","0","0","0","0","0","0","0"
"00002547","금남로4가역","00000088","금호36","20221003","2","11","20","11","2","11","20","11","0","0","0","0","0","0","0","0","0","11","3","11","0","10","3","10","0","1","0","1","0","0","0","0","1","2","1","2","1","2","1","2","0","0","0","0","0","0","0","0"
"00002547","금남로4가역","00000090","문흥39","20221003","0","0","14","0","0","0","11","0","0","0","0","0","0","0","3","0","5","5","2","5","5","5","0","5","0","0","0","0","0","0","2","0","1","1","1","1","1","1","1","1","0","0","0","0","0","0","0","0"
"00002547","금남로4가역","00000098","수완49","20221003","0","6","17","6","0","5","11","5","0","0","0","0","0","1","6","1","0","0","0","0","0","0","0","0","0","0","0","0","0","0","0","0","0","1","2","1","0","1","2","1","0","0","0","0","0","0","0","0"
"00002548","진원면사무소","00000080","첨단193","20221003","0","0","0","0","0","0","0","0","0","0","0","0","0","0","0","0","0","0","0","0","0","0","0","0","0","0","0","0","0","0","0","0","0","0","0","0","0","0","0","0","0","0","0","0","0","0","0","0"
"00002549","살레시오고입구","00000015","일곡28","20221003","0","0","0","0","0","0","0","0","0","0","0","0","0","0","0","0","0","1","0","1","0","1","0","1","0","0","0","0","0","0","0","0","0","0","0","0","0","0","0","0","0","0","0","0","0","0","0","0"
"00002549","살레시오고입구","00000016","송정29","20221003","0","0","3","0","0","0","0","0","0","0","0","0","0","0","3","0","0","0","0","0","0","0","0","0","0","0","0","0","0","0","0","0","0","0","0","0","0","0","0","0","0","0","0","0","0","0","0","0"
"00002549","살레시오고입구","00000020","일곡38","20221003","0","0","0","0","0","0","0","0","0","0","0","0","0","0","0","0","0","1","0","1","0","0","0","0","0","0","0","0","0","1","0","1","0","0","0","0","0","0","0","0","0","0","0","0","0","0","0","0"
"00002549","살레시오고입구","00000032","금남57","20221003","0","0","0","0","0","0","0","0","0","0","0","0","0","0","0","0","0","0","2","0","0","0","2","0","0","0","0","0","0","0","0","0","0","0","0","0","0","0","0","0","0","0","0","0","0","0","0","0"
"00002549","살레시오고입구","00000080","첨단193","20221003","0","0","0","0","0","0","0","0","0","0","0","0","0","0","0","0","0","0","0","0","0","0","0","0","0","0","0","0","0","0","0","0","0","0","0","0","0","0","0","0","0","0","0","0","0","0","0","0"
"00002549","살레시오고입구","00000096","일곡10","20221003","0","0","0","0","0","0","0","0","0","0","0","0","0","0","0","0","0","1","0","1","0","0","0","0","0","0","0","0","0","1","0","1","0","0","0","0","0","0","0","0","0","0","0","0","0","0","0","0"
"00002551","진원동초교","00000080","첨단193","20221003","0","0","0","0","0","0","0","0","0","0","0","0","0","0","0","0","0","0","0","0","0","0","0","0","0","0","0","0","0","0","0","0","0","0","0","0","0","0","0","0","0","0","0","0","0","0","0","0"
"00002574","과기원","00000017","첨단30","20221003","1","0","0","0","1","0","0","0","0","0","0","0","0","0","0","0","0","0","0","0","0","0","0","0","0","0","0","0","0","0","0","0","1","0","0","0","1","0","0","0","0","0","0","0","0","0","0","0"
"00002574","과기원","00000026","운림51","20221003","3","1","2","1","2","0","1","0","0","0","0","0","1","1","1","1","0","0","0","0","0","0","0","0","0","0","0","0","0","0","0","0","0","1","2","1","0","1","1","1","0","0","0","0","0","0","1","0"
"00002574","과기원","00000080","첨단193","20221003","0","0","0","0","0","0","0","0","0","0","0","0","0","0","0","0","1","0","0","0","1","0","0","0","0","0","0","0","0","0","0","0","0","0","0","0","0","0","0","0","0","0","0","0","0","0","0","0"
"00002574","과기원","00000108","송정33","20221003","0","0","4","0","0","0","2","0","0","0","0","0","0","0","2","0","0","0","2","0","0","0","1","0","0","0","0","0","0","0","1","0","0","0","0","0","0","0","0","0","0","0","0","0","0","0","0","0"
"00002602","풍기산업","00000092","첨단40","20221003","0","0","0","0","0","0","0","0","0","0","0","0","0","0","0","0","0","0","0","0","0","0","0","0","0","0","0","0","0","0","0","0","0","0","0","0","0","0","0","0","0","0","0","0","0","0","0","0"
"00002605","첨단삼성전자","00000011","첨단20","20221003","0","0","0","0","0","0","0","0","0","0","0","0","0","0","0","0","1","0","1","0","1","0","1","0","0","0","0","0","0","0","0","0","0","0","0","0","0","0","0","0","0","0","0","0","0","0","0","0"
"00002605","첨단삼성전자","00000092","첨단40","20221003","0","0","1","0","0","0","1","0","0","0","0","0","0","0","0","0","0","0","0","0","0","0","0","0","0","0","0","0","0","0","0","0","0","0","0","0","0","0","0","0","0","0","0","0","0","0","0","0"
"00002617","첨단삼성전자","00000011","첨단20","20221003","0","0","0","0","0","0","0","0","0","0","0","0","0","0","0","0","0","0","0","0","0","0","0","0","0","0","0","0","0","0","0","0","0","0","0","0","0","0","0","0","0","0","0","0","0","0","0","0"
"00002617","첨단삼성전자","00000116","첨단22","20221003","0","0","0","0","0","0","0","0","0","0","0","0","0","0","0","0","0","0","1","0","0","0","1","0","0","0","0","0","0","0","0","0","0","0","0","0","0","0","0","0","0","0","0","0","0","0","0","0"
"00002621","신창호반아파트","00000092","첨단40","20221003","0","0","1","0","0","0","1","0","0","0","0","0","0","0","0","0","0","0","1","0","0","0","1","0","0","0","0","0","0","0","0","0","0","0","0","0","0","0","0","0","0","0","0","0","0","0","0","0"
"00002628","하남3지구모아엘가","00000009","문흥18","20221003","3","2","4","2","3","2","1","2","0","0","0","0","0","0","3","0","0","0","0","0","0","0","0","0","0","0","0","0","0","0","0","0","0","0","0","0","0","0","0","0","0","0","0","0","0","0","0","0"
"00002628","하남3지구모아엘가","00000102","수완12","20221003","2","0","1","0","2","0","1","0","0","0","0","0","0","0","0","0","0","0","0","0","0","0","0","0","0","0","0","0","0","0","0","0","0","0","0","0","0","0","0","0","0","0","0","0","0","0","0","0"
"00002631","생룡","00000006","지원15","20221003","0","0","1","0","0","0","1","0","0","0","0","0","0","0","0","0","0","0","0","0","0","0","0","0","0","0","0","0","0","0","0","0","0","0","0","0","0","0","0","0","0","0","0","0","0","0","0","0"
"00002631","생룡","00000013","매월26","20221003","1","2","4","2","1","1","4","1","0","0","0","0","0","1","0","1","0","0","0","0","0","0","0","0","0","0","0","0","0","0","0","0","0","0","0","0","0","0","0","0","0","0","0","0","0","0","0","0"
"00002631","생룡","00000032","금남57","20221003","0","0","0","0","0","0","0","0","0","0","0","0","0","0","0","0","0","0","0","0","0","0","0","0","0","0","0","0","0","0","0","0","0","0","0","0","0","0","0","0","0","0","0","0","0","0","0","0"
"00002631","생룡","00000057","용전86","20221003","1","0","1","0","1","0","1","0","0","0","0","0","0","0","0","0","0","0","0","0","0","0","0","0","0","0","0","0","0","0","0","0","0","0","0","0","0","0","0","0","0","0","0","0","0","0","0","0"
"00002631","생룡","00000077","용전184","20221003","0","0","0","0","0","0","0","0","0","0","0","0","0","0","0","0","0","0","0","0","0","0","0","0","0","0","0","0","0","0","0","0","0","0","0","0","0","0","0","0","0","0","0","0","0","0","0","0"
"00002632","연제현대아파트","00000056","용전85","20221003","3","0","2","0","3","0","1","0","0","0","1","0","0","0","0","0","0","0","0","0","0","0","0","0","0","0","0","0","0","0","0","0","0","0","0","0","0","0","0","0","0","0","0","0","0","0","0","0"
"00002632","연제현대아파트","00000108","송정33","20221003","3","0","3","0","3","0","3","0","0","0","0","0","0","0","0","0","0","0","0","0","0","0","0","0","0","0","0","0","0","0","0","0","0","0","0","0","0","0","0","0","0","0","0","0","0","0","0","0"
"00002657","경신여고","00000007","매월16","20221003","1","8","4","8","1","5","3","5","0","2","0","2","0","1","1","1","2","4","2","4","2","4","2","4","0","0","0","0","0","0","0","0","2","16","7","16","2","12","7","12","0","1","0","1","0","3","0","3"
"00002657","경신여고","00000009","문흥18","20221003","2","3","8","3","2","2","6","2","0","0","0","0","0","1","2","1","21","28","20","28","21","25","19","25","0","1","1","1","0","2","0","2","11","14","21","14","11","11","20","11","0","0","0","0","0","3","1","3"
"00002657","경신여고","00000013","매월26","20221003","9","12","15","12","8","11","11","11","0","0","0","0","1","1","4","1","11","12","9","12","11","12","9","12","0","0","0","0","0","0","0","0","19","16","19","16","17","14","16","14","0","0","0","0","2","2","3","2"
"00002657","경신여고","00000014","봉선27","20221003","4","7","4","7","4","6","3","6","0","0","0","0","0","1","1","1","16","2","8","2","16","2","6","2","0","0","0","0","0","0","2","0","11","10","17","10","11","9","16","9","0","0","1","0","0","1","0","1"
"00002657","경신여고","00000024","송암47","20221003","3","3","5","3","3","3","5","3","0","0","0","0","0","0","0","0","1","2","5","2","1","2","5","2","0","0","0","0","0","0","0","0","6","5","11","5","6","5","11","5","0","0","0","0","0","0","0","0"
"00002657","경신여고","00000038","상무64","20221003","5","1","1","1","5","1","0","1","0","0","0","0","0","0","1","0","2","0","2","0","2","0","2","0","0","0","0","0","0","0","0","0","2","2","4","2","1","2","3","2","0","0","0","0","1","0","1","0"
"00002657","경신여고","00000043","송암72","20221003","2","2","6","2","2","2","5","2","0","0","0","0","0","0","1","0","0","1","3","1","0","1","3","1","0","0","0","0","0","0","0","0","2","11","5","11","2","11","5","11","0","0","0","0","0","0","0","0"
"00002657","경신여고","00000055","용전84","20221003","2","1","0","1","2","1","0","1","0","0","0","0","0","0","0","0","0","1","0","1","0","1","0","1","0","0","0","0","0","0","0","0","10","9","6","9","9","9","6","9","0","0","0","0","1","0","0","0"
"00002657","경신여고","00000065","첨단95","20221003","5","3","4","3","5","3","3","3","0","0","0","0","0","0","1","0","0","2","5","2","0","1","5","1","0","0","0","0","0","1","0","1","8","19","22","19","8","19","20","19","0","0","0","0","0","0","2","0"
"00002657","경신여고","00000098","수완49","20221003","2","2","3","2","2","0","2","0","0","0","0","0","0","2","1","2","0","2","3","2","0","2","3","2","0","0","0","0","0","0","0","0","4","6","4","6","4","3","4","3","0","1","0","1","0","2","0","2"
"00002657","경신여고","00000109","좌석02","20221003","9","8","11","8","9","8","10","8","0","0","1","0","0","0","0","0","1","2","1","2","1","1","1","1","0","0","0","0","0","1","0","1","13","9","12","9","13","9","9","9","0","0","1","0","0","0","2","0"
"00002657","경신여고","00000112","순환01(운천저수지)","20221003","7","7","12","7","7","7","11","7","0","0","0","0","0","0","1","0","8","7","13","7","8","6","13","6","0","0","0","0","0","1","0","1","5","4","8","4","5","4","8","4","0","0","0","0","0","0","0","0"
"00002657","경신여고","00000114","수완03","20221003","13","16","11","16","13","15","8","15","0","0","0","0","0","1","3","1","6","15","11","15","6","14","11","14","0","0","0","0","0","1","0","1","18","14","18","14","18","13","15","13","0","0","0","0","0","1","3","1"
"00002657","경신여고","00000211","마을777(우치공원)","20221003","0","4","1","4","0","3","1","3","0","0","0","0","0","1","0","1","1","1","2","1","1","1","2","1","0","0","0","0","0","0","0","0","3","2","2","2","3","2","2","2","0","0","0","0","0","0","0","0"
"00002667","내남입구","00000027","지원52","20221003","0","0","0","0","0","0","0","0","0","0","0","0","0","0","0","0","1","1","0","1","1","1","0","1","0","0","0","0","0","0","0","0","0","0","0","0","0","0","0","0","0","0","0","0","0","0","0","0"
"00002667","내남입구","00000071","228(구151화순사평)","20221003","0","0","0","0","0","0","0","0","0","0","0","0","0","0","0","0","1","0","0","0","1","0","0","0","0","0","0","0","0","0","0","0","0","0","0","0","0","0","0","0","0","0","0","0","0","0","0","0"
"00002667","내남입구","00000072","지원152(능주역)","20221003","0","0","0","0","0","0","0","0","0","0","0","0","0","0","0","0","1","0","0","0","1","0","0","0","0","0","0","0","0","0","0","0","0","0","0","0","0","0","0","0","0","0","0","0","0","0","0","0"
"00002667","내남입구","00000122","228(화순전대병원)","20221003","0","1","0","1","0","1","0","1","0","0","0","0","0","0","0","0","0","0","0","0","0","0","0","0","0","0","0","0","0","0","0","0","0","0","0","0","0","0","0","0","0","0","0","0","0","0","0","0"
"00002667","내남입구","00000123","지원152(도웅리)","20221003","0","1","0","1","0","1","0","1","0","0","0","0","0","0","0","0","0","0","0","0","0","0","0","0","0","0","0","0","0","0","0","0","0","0","0","0","0","0","0","0","0","0","0","0","0","0","0","0"
"00002669","능주사거리","00000072","지원152(능주역)","20221003","1","0","0","0","1","0","0","0","0","0","0","0","0","0","0","0","0","0","0","0","0","0","0","0","0","0","0","0","0","0","0","0","0","0","0","0","0","0","0","0","0","0","0","0","0","0","0","0"
"00002671","문흥금호아파트","00000009","문흥18","20221003","0","0","0","0","0","0","0","0","0","0","0","0","0","0","0","0","1","0","0","0","1","0","0","0","0","0","0","0","0","0","0","0","0","0","0","0","0","0","0","0","0","0","0","0","0","0","0","0"
"00002671","문흥금호아파트","00000018","운림35","20221003","0","0","0","0","0","0","0","0","0","0","0","0","0","0","0","0","2","1","0","1","2","1","0","1","0","0","0","0","0","0","0","0","0","0","0","0","0","0","0","0","0","0","0","0","0","0","0","0"
"00002671","문흥금호아파트","00000118","문흥53","20221003","0","0","0","0","0","0","0","0","0","0","0","0","0","0","0","0","2","0","1","0","2","0","1","0","0","0","0","0","0","0","0","0","0","0","0","0","0","0","0","0","0","0","0","0","0","0","0","0"
"00002673","동산초교","00000008","진월17","20221003","5","5","8","5","5","5","8","5","0","0","0","0","0","0","0","0","1","0","3","0","1","0","3","0","0","0","0","0","0","0","0","0","0","0","1","0","0","0","1","0","0","0","0","0","0","0","0","0"
"00002673","동산초교","00000018","운림35","20221003","7","3","5","3","7","3","5","3","0","0","0","0","0","0","0","0","0","3","1","3","0","3","1","3","0","0","0","0","0","0","0","0","0","0","0","0","0","0","0","0","0","0","0","0","0","0","0","0"
"00002677","봉정","00000125","선운101","20221003","0","0","0","0","0","0","0","0","0","0","0","0","0","0","0","0","0","0","0","0","0","0","0","0","0","0","0","0","0","0","0","0","0","0","0","0","0","0","0","0","0","0","0","0","0","0","0","0"
"00002687","방림삼거리","00000015","일곡28","20221003","9","3","5","3","9","3","5","3","0","0","0","0","0","0","0","0","0","0","0","0","0","0","0","0","0","0","0","0","0","0","0","0","0","0","1","0","0","0","1","0","0","0","0","0","0","0","0","0"
"00002687","방림삼거리","00000019","봉선37","20221003","5","8","5","8","5","8","5","8","0","0","0","0","0","0","0","0","1","2","2","2","1","2","1","2","0","0","0","0","0","0","1","0","0","0","0","0","0","0","0","0","0","0","0","0","0","0","0","0"
"00002687","방림삼거리","00000025","운림50","20221003","3","5","1","5","3","5","1","5","0","0","0","0","0","0","0","0","0","0","0","0","0","0","0","0","0","0","0","0","0","0","0","0","0","0","0","0","0","0","0","0","0","0","0","0","0","0","0","0"
"00002687","방림삼거리","00000119","지원56","20221003","0","5","0","5","0","4","0","4","0","1","0","1","0","0","0","0","1","2","0","2","1","2","0","2","0","0","0","0","0","0","0","0","0","0","0","0","0","0","0","0","0","0","0","0","0","0","0","0"
"00002690","용연동","00000027","지원52","20221003","0","0","0","0","0","0","0","0","0","0","0","0","0","0","0","0","0","0","0","0","0","0","0","0","0","0","0","0","0","0","0","0","0","0","0","0","0","0","0","0","0","0","0","0","0","0","0","0"
"00002710","호남삼육고","00000048","진월77","20221003","0","0","1","0","0","0","1","0","0","0","0","0","0","0","0","0","1","0","3","0","1","0","3","0","0","0","0","0","0","0","0","0","0","0","0","0","0","0","0","0","0","0","0","0","0","0","0","0"
"00002710","호남삼육고","00000049","진월78","20221003","0","3","0","3","0","3","0","3","0","0","0","0","0","0","0","0","0","1","0","1","0","1","0","1","0","0","0","0","0","0","0","0","0","0","0","0","0","0","0","0","0","0","0","0","0","0","0","0"
"00002710","호남삼육고","00000100","진월75","20221003","3","3","0","3","2","2","0","2","1","1","0","1","0","0","0","0","1","4","3","4","1","4","3","4","0","0","0","0","0","0","0","0","0","0","0","0","0","0","0","0","0","0","0","0","0","0","0","0"
"00002716","비시동","00000059","임곡89","20221003","0","0","0","0","0","0","0","0","0","0","0","0","0","0","0","0","0","0","0","0","0","0","0","0","0","0","0","0","0","0","0","0","0","0","0","0","0","0","0","0","0","0","0","0","0","0","0","0"
"00002718","덕흥삼거리","00000039","유덕65","20221003","0","0","0","0","0","0","0","0","0","0","0","0","0","0","0","0","0","0","0","0","0","0","0","0","0","0","0","0","0","0","0","0","0","0","0","0","0","0","0","0","0","0","0","0","0","0","0","0"
"00002718","덕흥삼거리","00000087","1187","20221003","4","3","1","3","4","1","1","1","0","0","0","0","0","2","0","2","0","0","0","0","0","0","0","0","0","0","0","0","0","0","0","0","0","0","0","0","0","0","0","0","0","0","0","0","0","0","0","0"
"00002723","도림","00000060","임곡90","20221003","1","0","2","0","1","0","2","0","0","0","0","0","0","0","0","0","0","0","0","0","0","0","0","0","0","0","0","0","0","0","0","0","0","0","0","0","0","0","0","0","0","0","0","0","0","0","0","0"
"00002724","삼도초교","00000060","임곡90","20221003","4","0","2","0","4","0","2","0","0","0","0","0","0","0","0","0","0","0","0","0","0","0","0","0","0","0","0","0","0","0","0","0","0","0","0","0","0","0","0","0","0","0","0","0","0","0","0","0"
"00002724","삼도초교","00000125","선운101","20221003","4","0","1","0","4","0","1","0","0","0","0","0","0","0","0","0","0","0","0","0","0","0","0","0","0","0","0","0","0","0","0","0","0","0","0","0","0","0","0","0","0","0","0","0","0","0","0","0"
"00002726","서봉마을","00000019","봉선37","20221003","1","2","2","2","1","2","2","2","0","0","0","0","0","0","0","0","0","0","0","0","0","0","0","0","0","0","0","0","0","0","0","0","0","0","0","0","0","0","0","0","0","0","0","0","0","0","0","0"
"00002726","서봉마을","00000020","일곡38","20221003","2","7","1","7","2","7","1","7","0","0","0","0","0","0","0","0","0","0","0","0","0","0","0","0","0","0","0","0","0","0","0","0","0","0","0","0","0","0","0","0","0","0","0","0","0","0","0","0"
"00002726","서봉마을","00000060","임곡90","20221003","0","0","0","0","0","0","0","0","0","0","0","0","0","0","0","0","0","0","0","0","0","0","0","0","0","0","0","0","0","0","0","0","0","0","0","0","0","0","0","0","0","0","0","0","0","0","0","0"
"00002726","서봉마을","00000085","송정296","20221003","0","1","0","1","0","1","0","1","0","0","0","0","0","0","0","0","0","0","0","0","0","0","0","0","0","0","0","0","0","0","0","0","0","0","0","0","0","0","0","0","0","0","0","0","0","0","0","0"
"00002726","서봉마을","00000115","선운14","20221003","0","2","1","2","0","2","1","2","0","0","0","0","0","0","0","0","0","0","0","0","0","0","0","0","0","0","0","0","0","0","0","0","0","0","0","0","0","0","0","0","0","0","0","0","0","0","0","0"
"00002726","서봉마을","00000125","선운101","20221003","0","0","0","0","0","0","0","0","0","0","0","0","0","0","0","0","0","0","0","0","0","0","0","0","0","0","0","0","0","0","0","0","0","0","0","0","0","0","0","0","0","0","0","0","0","0","0","0"
"00002727","샛터마을","00000019","봉선37","20221003","0","0","1","0","0","0","1","0","0","0","0","0","0","0","0","0","0","0","0","0","0","0","0","0","0","0","0","0","0","0","0","0","0","0","0","0","0","0","0","0","0","0","0","0","0","0","0","0"
"00002727","샛터마을","00000060","임곡90","20221003","0","0","0","0","0","0","0","0","0","0","0","0","0","0","0","0","0","1","0","1","0","1","0","1","0","0","0","0","0","0","0","0","0","0","0","0","0","0","0","0","0","0","0","0","0","0","0","0"
"00002727","샛터마을","00000085","송정296","20221003","0","0","0","0","0","0","0","0","0","0","0","0","0","0","0","0","0","0","1","0","0","0","1","0","0","0","0","0","0","0","0","0","0","0","0","0","0","0","0","0","0","0","0","0","0","0","0","0"
"00002727","샛터마을","00000125","선운101","20221003","0","0","0","0","0","0","0","0","0","0","0","0","0","0","0","0","1","0","0","0","1","0","0","0","0","0","0","0","0","0","0","0","0","0","0","0","0","0","0","0","0","0","0","0","0","0","0","0"
"00002728","호남대","00000019","봉선37","20221003","7","11","47","11","6","8","33","8","1","2","0","2","0","1","14","1","0","0","1","0","0","0","1","0","0","0","0","0","0","0","0","0","6","2","8","2","6","2","8","2","0","0","0","0","0","0","0","0"
"00002728","호남대","00000020","일곡38","20221003","3","11","9","11","2","9","4","9","0","1","0","1","1","1","5","1","0","0","0","0","0","0","0","0","0","0","0","0","0","0","0","0","1","1","0","1","1","1","0","1","0","0","0","0","0","0","0","0"
"00002728","호남대","00000060","임곡90","20221003","3","1","5","1","3","1","5","1","0","0","0","0","0","0","0","0","3","1","2","1","3","0","2","0","0","1","0","1","0","0","0","0","0","0","0","0","0","0","0","0","0","0","0","0","0","0","0","0"
"00002728","호남대","00000082","송정197","20221003","0","0","3","0","0","0","3","0","0","0","0","0","0","0","0","0","0","0","0","0","0","0","0","0","0","0","0","0","0","0","0","0","0","0","0","0","0","0","0","0","0","0","0","0","0","0","0","0"
"00002728","호남대","00000085","송정296","20221003","1","1","5","1","1","1","3","1","0","0","0","0","0","0","2","0","1","0","0","0","1","0","0","0","0","0","0","0","0","0","0","0","0","0","0","0","0","0","0","0","0","0","0","0","0","0","0","0"
"00002728","호남대","00000115","선운14","20221003","1","7","8","7","1","7","5","7","0","0","0","0","0","0","3","0","0","1","0","1","0","0","0","0","0","1","0","1","0","0","0","0","0","0","0","0","0","0","0","0","0","0","0","0","0","0","0","0"
"00002728","호남대","00000125","선운101","20221003","0","1","6","1","0","1","1","1","0","0","1","0","0","0","4","0","1","0","3","0","1","0","3","0","0","0","0","0","0","0","0","0","0","0","0","0","0","0","0","0","0","0","0","0","0","0","0","0"
"00002729","선암","00000019","봉선37","20221003","8","10","17","10","8","7","13","7","0","1","0","1","0","2","4","2","0","0","0","0","0","0","0","0","0","0","0","0","0","0","0","0","0","0","0","0","0","0","0","0","0","0","0","0","0","0","0","0"
"00002729","선암","00000020","일곡38","20221003","6","22","7","22","5","15","7","15","0","6","0","6","1","1","0","1","0","0","0","0","0","0","0","0","0","0","0","0","0","0","0","0","0","0","0","0","0","0","0","0","0","0","0","0","0","0","0","0"
"00002729","선암","00000060","임곡90","20221003","1","0","1","0","1","0","1","0","0","0","0","0","0","0","0","0","0","0","0","0","0","0","0","0","0","0","0","0","0","0","0","0","0","0","0","0","0","0","0","0","0","0","0","0","0","0","0","0"
"00002729","선암","00000082","송정197","20221003","0","0","1","0","0","0","1","0","0","0","0","0","0","0","0","0","0","0","0","0","0","0","0","0","0","0","0","0","0","0","0","0","0","0","0","0","0","0","0","0","0","0","0","0","0","0","0","0"
"00002729","선암","00000085","송정296","20221003","1","0","0","0","1","0","0","0","0","0","0","0","0","0","0","0","1","0","0","0","1","0","0","0","0","0","0","0","0","0","0","0","0","1","0","1","0","1","0","1","0","0","0","0","0","0","0","0"
"00002729","선암","00000115","선운14","20221003","0","3","1","3","0","2","1","2","0","0","0","0","0","1","0","1","0","0","0","0","0","0","0","0","0","0","0","0","0","0","0","0","0","0","0","0","0","0","0","0","0","0","0","0","0","0","0","0"
"00002729","선암","00000125","선운101","20221003","2","1","1","1","2","1","0","1","0","0","0","0","0","0","1","0","0","0","0","0","0","0","0","0","0","0","0","0","0","0","0","0","0","0","0","0","0","0","0","0","0","0","0","0","0","0","0","0"
"00002732","임동교","00000061","임곡91","20221003","0","1","0","1","0","1","0","1","0","0","0","0","0","0","0","0","0","0","0","0","0","0","0","0","0","0","0","0","0","0","0","0","0","0","0","0","0","0","0","0","0","0","0","0","0","0","0","0"
"00002736","첨단대우아파트","00000061","임곡91","20221003","0","0","0","0","0","0","0","0","0","0","0","0","0","0","0","0","0","0","0","0","0","0","0","0","0","0","0","0","0","0","0","0","0","0","0","0","0","0","0","0","0","0","0","0","0","0","0","0"
"00002736","첨단대우아파트","00000062","첨단92","20221003","0","0","1","0","0","0","1","0","0","0","0","0","0","0","0","0","0","0","0","0","0","0","0","0","0","0","0","0","0","0","0","0","0","0","0","0","0","0","0","0","0","0","0","0","0","0","0","0"
"00002736","첨단대우아파트","00000064","첨단94","20221003","1","4","3","4","1","3","3","3","0","0","0","0","0","1","0","1","0","0","0","0","0","0","0","0","0","0","0","0","0","0","0","0","0","0","0","0","0","0","0","0","0","0","0","0","0","0","0","0"
"00002736","첨단대우아파트","00000079","첨단192","20221003","0","0","0","0","0","0","0","0","0","0","0","0","0","0","0","0","0","0","1","0","0","0","1","0","0","0","0","0","0","0","0","0","0","0","0","0","0","0","0","0","0","0","0","0","0","0","0","0"
"00002751","동산교차로(남)","00000007","매월16","20221003","0","0","0","0","0","0","0","0","0","0","0","0","0","0","0","0","0","1","0","1","0","1","0","1","0","0","0","0","0","0","0","0","0","0","0","0","0","0","0","0","0","0","0","0","0","0","0","0"
"00002753","서광중","00000030","금남55","20221003","0","0","0","0","0","0","0","0","0","0","0","0","0","0","0","0","1","1","0","1","1","1","0","1","0","0","0","0","0","0","0","0","0","0","0","0","0","0","0","0","0","0","0","0","0","0","0","0"
"00002754","서광중","00000030","금남55","20221003","2","3","1","3","2","2","1","2","0","0","0","0","0","1","0","1","0","0","1","0","0","0","1","0","0","0","0","0","0","0","0","0","0","0","0","0","0","0","0","0","0","0","0","0","0","0","0","0"
"00002755","석산고","00000030","금남55","20221003","3","3","0","3","3","3","0","3","0","0","0","0","0","0","0","0","0","0","1","0","0","0","0","0","0","0","0","0","0","0","1","0","0","0","0","0","0","0","0","0","0","0","0","0","0","0","0","0"
"00002756","석산고","00000030","금남55","20221003","2","0","0","0","2","0","0","0","0","0","0","0","0","0","0","0","0","0","1","0","0","0","1","0","0","0","0","0","0","0","0","0","0","0","0","0","0","0","0","0","0","0","0","0","0","0","0","0"
"00002757","수피아여고","00000030","금남55","20221003","1","2","1","2","1","1","0","1","0","0","0","0","0","1","1","1","0","0","0","0","0","0","0","0","0","0","0","0","0","0","0","0","0","0","0","0","0","0","0","0","0","0","0","0","0","0","0","0"
"00002758","수피아여고","00000030","금남55","20221003","0","0","2","0","0","0","2","0","0","0","0","0","0","0","0","0","0","0","0","0","0","0","0","0","0","0","0","0","0","0","0","0","0","1","0","1","0","1","0","1","0","0","0","0","0","0","0","0"
"00002759","기독병원","00000030","금남55","20221003","1","3","0","3","1","3","0","3","0","0","0","0","0","0","0","0","0","0","0","0","0","0","0","0","0","0","0","0","0","0","0","0","0","0","1","0","0","0","1","0","0","0","0","0","0","0","0","0"
"00002760","기독병원","00000030","금남55","20221003","2","8","2","8","2","6","2","6","0","0","0","0","0","2","0","2","0","0","0","0","0","0","0","0","0","0","0","0","0","0","0","0","0","0","0","0","0","0","0","0","0","0","0","0","0","0","0","0"
"00002761","학강초교","00000030","금남55","20221003","1","5","1","5","1","3","1","3","0","0","0","0","0","2","0","2","0","0","0","0","0","0","0","0","0","0","0","0","0","0","0","0","0","1","0","1","0","1","0","1","0","0","0","0","0","0","0","0"
"00002762","학강초교","00000030","금남55","20221003","0","0","1","0","0","0","1","0","0","0","0","0","0","0","0","0","0","1","3","1","0","1","2","1","0","0","0","0","0","0","1","0","0","0","0","0","0","0","0","0","0","0","0","0","0","0","0","0"
"00002766","서방사거리육교","00000003","매월06","20221003","2","0","1","0","2","0","0","0","0","0","0","0","0","0","1","0","1","3","3","3","1","3","3","3","0","0","0","0","0","0","0","0","0","1","0","1","0","1","0","1","0","0","0","0","0","0","0","0"
"00002766","서방사거리육교","00000010","송정19","20221003","3","4","3","4","3","3","3","3","0","0","0","0","0","1","0","1","3","2","3","2","3","2","3","2","0","0","0","0","0","0","0","0","1","0","2","0","1","0","2","0","0","0","0","0","0","0","0","0"
"00002766","서방사거리육교","00000029","운림54","20221003","7","3","8","3","7","3","8","3","0","0","0","0","0","0","0","0","8","8","12","8","7","8","11","8","0","0","1","0","1","0","0","0","0","0","3","0","0","0","3","0","0","0","0","0","0","0","0","0"
"00002766","서방사거리육교","00000031","419","20221003","0","0","1","0","0","0","1","0","0","0","0","0","0","0","0","0","0","0","0","0","0","0","0","0","0","0","0","0","0","0","0","0","0","0","0","0","0","0","0","0","0","0","0","0","0","0","0","0"
"00002766","서방사거리육교","00000054","용봉83","20221003","2","1","2","1","2","1","2","1","0","0","0","0","0","0","0","0","1","1","1","1","1","1","1","1","0","0","0","0","0","0","0","0","0","1","3","1","0","1","2","1","0","0","1","0","0","0","0","0"
"00002766","서방사거리육교","00000058","석곡87","20221003","0","0","1","0","0","0","1","0","0","0","0","0","0","0","0","0","0","0","0","0","0","0","0","0","0","0","0","0","0","0","0","0","0","0","0","0","0","0","0","0","0","0","0","0","0","0","0","0"
"00002766","서방사거리육교","00000076","두암181","20221003","0","0","0","0","0","0","0","0","0","0","0","0","0","0","0","0","0","0","0","0","0","0","0","0","0","0","0","0","0","0","0","0","0","0","0","0","0","0","0","0","0","0","0","0","0","0","0","0"
"00002766","서방사거리육교","00000077","용전184","20221003","0","1","0","1","0","1","0","1","0","0","0","0","0","0","0","0","0","0","0","0","0","0","0","0","0","0","0","0","0","0","0","0","0","0","0","0","0","0","0","0","0","0","0","0","0","0","0","0"
"00002766","서방사거리육교","00000090","문흥39","20221003","1","2","4","2","1","1","3","1","0","0","0","0","0","1","1","1","1","0","1","0","1","0","1","0","0","0","0","0","0","0","0","0","0","0","1","0","0","0","1","0","0","0","0","0","0","0","0","0"
"00002767","교육대","00000001","순환01(시청행)","20221003","8","7","7","7","8","7","5","7","0","0","0","0","0","0","2","0","2","1","4","1","1","1","4","1","0","0","0","0","1","0","0","0","1","1","0","1","1","1","0","1","0","0","0","0","0","0","0","0"
"00002767","교육대","00000006","지원15","20221003","2","3","4","3","2","2","3","2","0","0","0","0","0","1","1","1","1","1","0","1","1","1","0","1","0","0","0","0","0","0","0","0","0","0","0","0","0","0","0","0","0","0","0","0","0","0","0","0"
"00002767","교육대","00000051","문흥80","20221003","2","2","2","2","2","2","2","2","0","0","0","0","0","0","0","0","0","2","1","2","0","2","1","2","0","0","0","0","0","0","0","0","0","0","0","0","0","0","0","0","0","0","0","0","0","0","0","0"
"00002767","교육대","00000078","충효187","20221003","6","1","0","1","6","1","0","1","0","0","0","0","0","0","0","0","0","1","0","1","0","1","0","1","0","0","0","0","0","0","0","0","1","0","0","0","1","0","0","0","0","0","0","0","0","0","0","0"
"00002767","교육대","00000114","수완03","20221003","1","7","15","7","1","6","14","6","0","0","1","0","0","1","0","1","2","6","15","6","2","6","14","6","0","0","1","0","0","0","0","0","1","0","2","0","1","0","2","0","0","0","0","0","0","0","0","0"
"00002768","풍향삼거리","00000006","지원15","20221003","4","3","3","3","4","2","3","2","0","0","0","0","0","1","0","1","1","1","0","1","1","1","0","1","0","0","0","0","0","0","0","0","0","0","0","0","0","0","0","0","0","0","0","0","0","0","0","0"
"00002768","풍향삼거리","00000051","문흥80","20221003","0","2","4","2","0","2","3","2","0","0","0","0","0","0","1","0","1","0","1","0","1","0","1","0","0","0","0","0","0","0","0","0","0","0","0","0","0","0","0","0","0","0","0","0","0","0","0","0"
"00002769","교육대","00000006","지원15","20221003","1","2","3","2","1","1","3","1","0","0","0","0","0","1","0","1","0","0","0","0","0","0","0","0","0","0","0","0","0","0","0","0","0","0","0","0","0","0","0","0","0","0","0","0","0","0","0","0"
"00002769","교육대","00000051","문흥80","20221003","1","0","4","0","1","0","3","0","0","0","0","0","0","0","1","0","0","1","0","1","0","1","0","1","0","0","0","0","0","0","0","0","0","1","3","1","0","1","3","1","0","0","0","0","0","0","0","0"
"00002769","교육대","00000078","충효187","20221003","0","1","0","1","0","1","0","1","0","0","0","0","0","0","0","0","0","1","2","1","0","1","2","1","0","0","0","0","0","0","0","0","0","0","0","0","0","0","0","0","0","0","0","0","0","0","0","0"
"00002769","교육대","00000112","순환01(운천저수지)","20221003","10","9","15","9","10","9","15","9","0","0","0","0","0","0","0","0","1","1","1","1","1","1","1","1","0","0","0","0","0","0","0","0","0","1","0","1","0","1","0","1","0","0","0","0","0","0","0","0"
"00002769","교육대","00000114","수완03","20221003","19","21","19","21","17","20","18","20","1","0","1","0","1","1","0","1","3","3","2","3","3","3","1","3","0","0","0","0","0","0","1","0","1","2","5","2","1","2","5","2","0","0","0","0","0","0","0","0"
"00002770","서방사거리육교","00000003","매월06","20221003","10","8","4","8","10","8","4","8","0","0","0","0","0","0","0","0","0","0","2","0","0","0","2","0","0","0","0","0","0","0","0","0","0","2","0","2","0","2","0","2","0","0","0","0","0","0","0","0"
"00002770","서방사거리육교","00000010","송정19","20221003","2","1","2","1","2","1","2","1","0","0","0","0","0","0","0","0","0","5","3","5","0","5","3","5","0","0","0","0","0","0","0","0","0","1","0","1","0","1","0","1","0","0","0","0","0","0","0","0"
"00002770","서방사거리육교","00000054","용봉83","20221003","0","4","2","4","0","4","2","4","0","0","0","0","0","0","0","0","0","1","2","1","0","1","2","1","0","0","0","0","0","0","0","0","0","0","0","0","0","0","0","0","0","0","0","0","0","0","0","0"
"00002770","서방사거리육교","00000077","용전184","20221003","1","0","0","0","1","0","0","0","0","0","0","0","0","0","0","0","0","0","0","0","0","0","0","0","0","0","0","0","0","0","0","0","0","0","0","0","0","0","0","0","0","0","0","0","0","0","0","0"
"00002771","계림사거리","00000029","운림54","20221003","16","15","10","15","12","15","9","15","1","0","0","0","3","0","1","0","5","2","2","2","4","2","2","2","0","0","0","0","1","0","0","0","0","0","0","0","0","0","0","0","0","0","0","0","0","0","0","0"
"00002771","계림사거리","00000031","419","20221003","0","1","0","1","0","1","0","1","0","0","0","0","0","0","0","0","0","0","0","0","0","0","0","0","0","0","0","0","0","0","0","0","0","0","0","0","0","0","0","0","0","0","0","0","0","0","0","0"
"00002771","계림사거리","00000058","석곡87","20221003","1","2","0","2","1","2","0","2","0","0","0","0","0","0","0","0","2","0","0","0","2","0","0","0","0","0","0","0","0","0","0","0","0","0","0","0","0","0","0","0","0","0","0","0","0","0","0","0"
"00002771","계림사거리","00000090","문흥39","20221003","2","3","1","3","2","3","1","3","0","0","0","0","0","0","0","0","1","0","1","0","1","0","1","0","0","0","0","0","0","0","0","0","0","0","0","0","0","0","0","0","0","0","0","0","0","0","0","0"
"00002772","광주공원","00000034","금남59","20221003","0","0","0","0","0","0","0","0","0","0","0","0","0","0","0","0","0","1","0","1","0","1","0","1","0","0","0","0","0","0","0","0","0","0","0","0","0","0","0","0","0","0","0","0","0","0","0","0"
"00002772","광주공원","00000041","대촌70","20221003","0","0","0","0","0","0","0","0","0","0","0","0","0","0","0","0","0","0","1","0","0","0","1","0","0","0","0","0","0","0","0","0","0","0","0","0","0","0","0","0","0","0","0","0","0","0","0","0"
"00002773","천교","00000034","금남59","20221003","0","3","1","3","0","3","1","3","0","0","0","0","0","0","0","0","0","0","0","0","0","0","0","0","0","0","0","0","0","0","0","0","0","0","0","0","0","0","0","0","0","0","0","0","0","0","0","0"
"00002773","천교","00000035","매월61(칠석)","20221003","0","0","0","0","0","0","0","0","0","0","0","0","0","0","0","0","0","1","0","1","0","1","0","1","0","0","0","0","0","0","0","0","0","0","0","0","0","0","0","0","0","0","0","0","0","0","0","0"
"00002773","천교","00000050","진월79","20221003","1","0","0","0","1","0","0","0","0","0","0","0","0","0","0","0","0","0","0","0","0","0","0","0","0","0","0","0","0","0","0","0","0","0","0","0","0","0","0","0","0","0","0","0","0","0","0","0"
"00002773","천교","00000074","진월177","20221003","0","0","0","0","0","0","0","0","0","0","0","0","0","0","0","0","1","0","0","0","1","0","0","0","0","0","0","0","0","0","0","0","0","0","0","0","0","0","0","0","0","0","0","0","0","0","0","0"
"00002773","천교","00000101","송암31","20221003","0","0","0","0","0","0","0","0","0","0","0","0","0","0","0","0","0","0","1","0","0","0","1","0","0","0","0","0","0","0","0","0","0","0","0","0","0","0","0","0","0","0","0","0","0","0","0","0"
"00002774","양동복개쇼핑센터","00000034","금남59","20221003","2","1","3","1","2","1","3","1","0","0","0","0","0","0","0","0","2","1","4","1","2","1","3","1","0","0","0","0","0","0","1","0","0","0","0","0","0","0","0","0","0","0","0","0","0","0","0","0"
"00002774","양동복개쇼핑센터","00000035","매월61(칠석)","20221003","0","0","1","0","0","0","1","0","0","0","0","0","0","0","0","0","0","0","0","0","0","0","0","0","0","0","0","0","0","0","0","0","0","0","0","0","0","0","0","0","0","0","0","0","0","0","0","0"
"00002774","양동복개쇼핑센터","00000039","유덕65","20221003","0","0","0","0","0","0","0","0","0","0","0","0","0","0","0","0","0","1","0","1","0","1","0","1","0","0","0","0","0","0","0","0","0","0","0","0","0","0","0","0","0","0","0","0","0","0","0","0"
"00002774","양동복개쇼핑센터","00000050","진월79","20221003","0","0","1","0","0","0","1","0","0","0","0","0","0","0","0","0","0","0","0","0","0","0","0","0","0","0","0","0","0","0","0","0","0","0","0","0","0","0","0","0","0","0","0","0","0","0","0","0"
"00002774","양동복개쇼핑센터","00000074","진월177","20221003","0","0","0","0","0","0","0","0","0","0","0","0","0","0","0","0","1","0","0","0","1","0","0","0","0","0","0","0","0","0","0","0","0","0","0","0","0","0","0","0","0","0","0","0","0","0","0","0"
"00002774","양동복개쇼핑센터","00000101","송암31","20221003","1","0","0","0","1","0","0","0","0","0","0","0","0","0","0","0","0","0","0","0","0","0","0","0","0","0","0","0","0","0","0","0","0","0","0","0","0","0","0","0","0","0","0","0","0","0","0","0"
"00002775","양동시장역(천변)","00000055","용전84","20221003","0","5","1","5","0","5","1","5","0","0","0","0","0","0","0","0","0","0","0","0","0","0","0","0","0","0","0","0","0","0","0","0","0","0","0","0","0","0","0","0","0","0","0","0","0","0","0","0"
"00002775","양동시장역(천변)","00000074","진월177","20221003","0","0","0","0","0","0","0","0","0","0","0","0","0","0","0","0","0","1","0","1","0","1","0","1","0","0","0","0","0","0","0","0","0","0","0","0","0","0","0","0","0","0","0","0","0","0","0","0"
"00002776","발산교(남)","00000039","유덕65","20221003","1","2","1","2","1","2","1","2","0","0","0","0","0","0","0","0","0","0","0","0","0","0","0","0","0","0","0","0","0","0","0","0","0","0","0","0","0","0","0","0","0","0","0","0","0","0","0","0"
"00002776","발산교(남)","00000201","마을760","20221003","7","7","4","7","7","7","4","7","0","0","0","0","0","0","0","0","0","1","1","1","0","1","1","1","0","0","0","0","0","0","0","0","0","0","0","0","0","0","0","0","0","0","0","0","0","0","0","0"
"00002777","임동오거리","00000086","518","20221003","0","0","0","0","0","0","0","0","0","0","0","0","0","0","0","0","0","0","1","0","0","0","1","0","0","0","0","0","0","0","0","0","0","0","0","0","0","0","0","0","0","0","0","0","0","0","0","0"
"00002778","북성중","00000005","첨단09","20221003","7","7","1","7","7","6","1","6","0","0","0","0","0","1","0","1","0","1","3","1","0","0","3","0","0","0","0","0","0","1","0","1","0","0","0","0","0","0","0","0","0","0","0","0","0","0","0","0"
"00002778","북성중","00000020","일곡38","20221003","1","5","0","5","1","5","0","5","0","0","0","0","0","0","0","0","0","1","1","1","0","1","1","1","0","0","0","0","0","0","0","0","0","0","0","0","0","0","0","0","0","0","0","0","0","0","0","0"
"00002778","북성중","00000026","운림51","20221003","4","1","5","1","4","0","4","0","0","0","0","0","0","1","1","1","6","1","2","1","6","1","2","1","0","0","0","0","0","0","0","0","1","0","0","0","0","0","0","0","0","0","0","0","1","0","0","0"
"00002778","북성중","00000065","첨단95","20221003","4","0","0","0","4","0","0","0","0","0","0","0","0","0","0","0","1","1","1","1","1","1","1","1","0","0","0","0","0","0","0","0","0","0","0","0","0","0","0","0","0","0","0","0","0","0","0","0"
"00002778","북성중","00000086","518","20221003","0","0","2","0","0","0","2","0","0","0","0","0","0","0","0","0","0","0","1","0","0","0","1","0","0","0","0","0","0","0","0","0","0","0","0","0","0","0","0","0","0","0","0","0","0","0","0","0"
"00002779","북성중","00000005","첨단09","20221003","5","11","10","11","4","8","10","8","0","1","0","1","1","2","0","2","0","1","5","1","0","1","4","1","0","0","0","0","0","0","1","0","0","0","1","0","0","0","0","0","0","0","0","0","0","0","1","0"
"00002779","북성중","00000020","일곡38","20221003","0","0","1","0","0","0","1","0","0","0","0","0","0","0","0","0","0","0","0","0","0","0","0","0","0","0","0","0","0","0","0","0","0","1","0","1","0","1","0","1","0","0","0","0","0","0","0","0"
"00002779","북성중","00000026","운림51","20221003","3","3","2","3","3","3","2","3","0","0","0","0","0","0","0","0","0","1","0","1","0","1","0","1","0","0","0","0","0","0","0","0","0","0","0","0","0","0","0","0","0","0","0","0","0","0","0","0"
"00002779","북성중","00000065","첨단95","20221003","2","2","1","2","2","2","1","2","0","0","0","0","0","0","0","0","0","0","1","0","0","0","1","0","0","0","0","0","0","0","0","0","0","0","0","0","0","0","0","0","0","0","0","0","0","0","0","0"
"00002779","북성중","00000086","518","20221003","2","0","0","0","2","0","0","0","0","0","0","0","0","0","0","0","0","0","2","0","0","0","2","0","0","0","0","0","0","0","0","0","0","0","0","0","0","0","0","0","0","0","0","0","0","0","0","0"
"00002780","요한병원","00000020","일곡38","20221003","1","1","1","1","1","1","1","1","0","0","0","0","0","0","0","0","0","1","2","1","0","1","2","1","0","0","0","0","0","0","0","0","0","0","0","0","0","0","0","0","0","0","0","0","0","0","0","0"
"00002780","요한병원","00000026","운림51","20221003","4","2","1","2","4","1","1","1","0","0","0","0","0","1","0","1","0","1","0","1","0","1","0","1","0","0","0","0","0","0","0","0","0","0","0","0","0","0","0","0","0","0","0","0","0","0","0","0"
"00002780","요한병원","00000065","첨단95","20221003","2","2","0","2","2","2","0","2","0","0","0","0","0","0","0","0","0","0","1","0","0","0","1","0","0","0","0","0","0","0","0","0","0","0","0","0","0","0","0","0","0","0","0","0","0","0","0","0"
"00002781","임동오거리","00000086","518","20221003","1","0","0","0","1","0","0","0","0","0","0","0","0","0","0","0","0","0","0","0","0","0","0","0","0","0","0","0","0","0","0","0","0","0","0","0","0","0","0","0","0","0","0","0","0","0","0","0"
"00002782","양동교","00000055","용전84","20221003","0","0","0","0","0","0","0","0","0","0","0","0","0","0","0","0","1","0","2","0","1","0","2","0","0","0","0","0","0","0","0","0","0","0","0","0","0","0","0","0","0","0","0","0","0","0","0","0"
"00002782","양동교","00000201","마을760","20221003","0","0","0","0","0","0","0","0","0","0","0","0","0","0","0","0","0","1","0","1","0","1","0","1","0","0","0","0","0","0","0","0","0","0","0","0","0","0","0","0","0","0","0","0","0","0","0","0"
"00002783","양동복개쇼핑센터","00000034","금남59","20221003","0","1","0","1","0","1","0","1","0","0","0","0","0","0","0","0","2","0","0","0","2","0","0","0","0","0","0","0","0","0","0","0","0","0","0","0","0","0","0","0","0","0","0","0","0","0","0","0"
"00002783","양동복개쇼핑센터","00000035","매월61(칠석)","20221003","0","1","0","1","0","1","0","1","0","0","0","0","0","0","0","0","0","0","0","0","0","0","0","0","0","0","0","0","0","0","0","0","0","0","0","0","0","0","0","0","0","0","0","0","0","0","0","0"
"00002783","양동복개쇼핑센터","00000039","유덕65","20221003","0","0","0","0","0","0","0","0","0","0","0","0","0","0","0","0","0","0","0","0","0","0","0","0","0","0","0","0","0","0","0","0","0","0","0","0","0","0","0","0","0","0","0","0","0","0","0","0"
"00002783","양동복개쇼핑센터","00000042","대촌71","20221003","0","0","0","0","0","0","0","0","0","0","0","0","0","0","0","0","0","0","0","0","0","0","0","0","0","0","0","0","0","0","0","0","0","0","0","0","0","0","0","0","0","0","0","0","0","0","0","0"
"00002783","양동복개쇼핑센터","00000050","진월79","20221003","0","0","0","0","0","0","0","0","0","0","0","0","0","0","0","0","1","2","0","2","1","2","0","2","0","0","0","0","0","0","0","0","0","0","0","0","0","0","0","0","0","0","0","0","0","0","0","0"
"00002783","양동복개쇼핑센터","00000074","진월177","20221003","1","0","3","0","1","0","3","0","0","0","0","0","0","0","0","0","0","0","0","0","0","0","0","0","0","0","0","0","0","0","0","0","0","1","0","1","0","1","0","1","0","0","0","0","0","0","0","0"
"00002783","양동복개쇼핑센터","00000101","송암31","20221003","0","0","0","0","0","0","0","0","0","0","0","0","0","0","0","0","0","0","1","0","0","0","1","0","0","0","0","0","0","0","0","0","0","0","0","0","0","0","0","0","0","0","0","0","0","0","0","0"
"00002784","천교","00000034","금남59","20221003","2","4","1","4","2","4","1","4","0","0","0","0","0","0","0","0","1","0","0","0","1","0","0","0","0","0","0","0","0","0","0","0","0","0","0","0","0","0","0","0","0","0","0","0","0","0","0","0"
"00002784","천교","00000035","매월61(칠석)","20221003","1","0","0","0","1","0","0","0","0","0","0","0","0","0","0","0","0","0","0","0","0","0","0","0","0","0","0","0","0","0","0","0","0","0","0","0","0","0","0","0","0","0","0","0","0","0","0","0"
"00002784","천교","00000039","유덕65","20221003","1","0","0","0","1","0","0","0","0","0","0","0","0","0","0","0","1","1","0","1","1","1","0","1","0","0","0","0","0","0","0","0","0","0","0","0","0","0","0","0","0","0","0","0","0","0","0","0"
"00002784","천교","00000101","송암31","20221003","0","1","0","1","0","1","0","1","0","0","0","0","0","0","0","0","0","0","0","0","0","0","0","0","0","0","0","0","0","0","0","0","0","0","0","0","0","0","0","0","0","0","0","0","0","0","0","0"
"00002785","광주공원","00000034","금남59","20221003","2","0","5","0","2","0","4","0","0","0","0","0","0","0","1","0","2","7","2","7","2","6","2","6","0","1","0","1","0","0","0","0","0","0","0","0","0","0","0","0","0","0","0","0","0","0","0","0"
"00002786","양림교","00000030","금남55","20221003","1","0","0","0","1","0","0","0","0","0","0","0","0","0","0","0","0","2","0","2","0","2","0","2","0","0","0","0","0","0","0","0","0","0","0","0","0","0","0","0","0","0","0","0","0","0","0","0"
"00002828","향교","00000003","매월06","20221003","3","3","5","3","3","3","5","3","0","0","0","0","0","0","0","0","2","0","3","0","2","0","2","0","0","0","0","0","0","0","1","0","0","0","0","0","0","0","0","0","0","0","0","0","0","0","0","0"
"00002828","향교","00000004","진월07","20221003","5","3","9","3","5","3","6","3","0","0","0","0","0","0","3","0","0","2","4","2","0","2","4","2","0","0","0","0","0","0","0","0","1","0","1","0","1","0","1","0","0","0","0","0","0","0","0","0"
"00002828","향교","00000023","지원45","20221003","1","4","5","4","1","4","5","4","0","0","0","0","0","0","0","0","0","1","1","1","0","1","1","1","0","0","0","0","0","0","0","0","0","0","1","0","0","0","1","0","0","0","0","0","0","0","0","0"
"00002828","향교","00000073","대촌170","20221003","0","0","2","0","0","0","2","0","0","0","0","0","0","0","0","0","0","0","0","0","0","0","0","0","0","0","0","0","0","0","0","0","0","0","0","0","0","0","0","0","0","0","0","0","0","0","0","0"
"00002828","향교","00000091","송암74","20221003","1","0","5","0","1","0","5","0","0","0","0","0","0","0","0","0","1","0","4","0","1","0","4","0","0","0","0","0","0","0","0","0","0","0","0","0","0","0","0","0","0","0","0","0","0","0","0","0"
"00002828","향교","00000102","수완12","20221003","0","4","2","4","0","4","2","4","0","0","0","0","0","0","0","0","0","2","1","2","0","2","1","2","0","0","0","0","0","0","0","0","1","0","0","0","1","0","0","0","0","0","0","0","0","0","0","0"
"00002829","향교","00000003","매월06","20221003","4","5","5","5","4","5","5","5","0","0","0","0","0","0","0","0","5","10","4","10","5","9","3","9","0","1","0","1","0","0","1","0","0","0","2","0","0","0","2","0","0","0","0","0","0","0","0","0"
"00002829","향교","00000004","진월07","20221003","7","4","9","4","7","4","5","4","0","0","1","0","0","0","3","0","10","15","7","15","10","15","7","15","0","0","0","0","0","0","0","0","1","0","1","0","1","0","1","0","0","0","0","0","0","0","0","0"
"00002829","향교","00000023","지원45","20221003","7","3","3","3","7","3","3","3","0","0","0","0","0","0","0","0","1","0","0","0","1","0","0","0","0","0","0","0","0","0","0","0","0","0","0","0","0","0","0","0","0","0","0","0","0","0","0","0"
"00002829","향교","00000091","송암74","20221003","2","1","1","1","2","1","1","1","0","0","0","0","0","0","0","0","0","1","0","1","0","1","0","1","0","0","0","0","0","0","0","0","0","0","0","0","0","0","0","0","0","0","0","0","0","0","0","0"
"00002829","향교","00000102","수완12","20221003","3","4","1","4","3","4","1","4","0","0","0","0","0","0","0","0","0","0","0","0","0","0","0","0","0","0","0","0","0","0","0","0","0","0","0","0","0","0","0","0","0","0","0","0","0","0","0","0"
"00002831","한국은행","00000012","지원25","20221003","0","4","0","4","0","3","0","3","0","1","0","1","0","0","0","0","0","1","2","1","0","1","2","1","0","0","0","0","0","0","0","0","0","1","0","1","0","1","0","1","0","0","0","0","0","0","0","0"
"00002831","한국은행","00000025","운림50","20221003","0","2","2","2","0","2","2","2","0","0","0","0","0","0","0","0","0","1","2","1","0","1","2","1","0","0","0","0","0","0","0","0","0","0","0","0","0","0","0","0","0","0","0","0","0","0","0","0"
"00002831","한국은행","00000095","금호46","20221003","1","2","1","2","1","2","1","2","0","0","0","0","0","0","0","0","0","1","3","1","0","1","3","1","0","0","0","0","0","0","0","0","0","0","0","0","0","0","0","0","0","0","0","0","0","0","0","0"
"00002831","한국은행","00000109","좌석02","20221003","1","3","2","3","1","3","2","3","0","0","0","0","0","0","0","0","0","0","2","0","0","0","2","0","0","0","0","0","0","0","0","0","0","0","0","0","0","0","0","0","0","0","0","0","0","0","0","0"
"00002831","한국은행","00000115","선운14","20221003","0","1","3","1","0","1","3","1","0","0","0","0","0","0","0","0","0","2","2","2","0","1","2","1","0","1","0","1","0","0","0","0","0","0","0","0","0","0","0","0","0","0","0","0","0","0","0","0"
"00002831","한국은행","00000116","첨단22","20221003","1","0","1","0","1","0","1","0","0","0","0","0","0","0","0","0","0","1","1","1","0","1","1","1","0","0","0","0","0","0","0","0","0","0","1","0","0","0","0","0","0","0","0","0","0","0","1","0"
"00002832","한국은행","00000007","매월16","20221003","3","3","4","3","3","3","2","3","0","0","0","0","0","0","2","0","0","0","2","0","0","0","2","0","0","0","0","0","0","0","0","0","0","0","0","0","0","0","0","0","0","0","0","0","0","0","0","0"
"00002832","한국은행","00000012","지원25","20221003","0","1","2","1","0","1","2","1","0","0","0","0","0","0","0","0","0","0","2","0","0","0","1","0","0","0","0","0","0","0","1","0","0","0","0","0","0","0","0","0","0","0","0","0","0","0","0","0"
"00002832","한국은행","00000020","일곡38","20221003","0","0","0","0","0","0","0","0","0","0","0","0","0","0","0","0","1","1","1","1","1","1","1","1","0","0","0","0","0","0","0","0","1","0","1","0","1","0","1","0","0","0","0","0","0","0","0","0"
"00002832","한국은행","00000023","지원45","20221003","3","3","1","3","3","3","1","3","0","0","0","0","0","0","0","0","1","3","2","3","1","3","2","3","0","0","0","0","0","0","0","0","0","0","1","0","0","0","1","0","0","0","0","0","0","0","0","0"
"00002832","한국은행","00000025","운림50","20221003","0","0","0","0","0","0","0","0","0","0","0","0","0","0","0","0","1","0","1","0","1","0","1","0","0","0","0","0","0","0","0","0","0","0","0","0","0","0","0","0","0","0","0","0","0","0","0","0"
"00002832","한국은행","00000037","상무63","20221003","0","0","0","0","0","0","0","0","0","0","0","0","0","0","0","0","1","0","0","0","1","0","0","0","0","0","0","0","0","0","0","0","0","0","0","0","0","0","0","0","0","0","0","0","0","0","0","0"
"00002832","한국은행","00000038","상무64","20221003","0","0","0","0","0","0","0","0","0","0","0","0","0","0","0","0","0","0","0","0","0","0","0","0","0","0","0","0","0","0","0","0","0","0","0","0","0","0","0","0","0","0","0","0","0","0","0","0"
"00002832","한국은행","00000086","518","20221003","0","0","0","0","0","0","0","0","0","0","0","0","0","0","0","0","0","0","0","0","0","0","0","0","0","0","0","0","0","0","0","0","0","0","0","0","0","0","0","0","0","0","0","0","0","0","0","0"
"00002832","한국은행","00000095","금호46","20221003","0","3","0","3","0","3","0","3","0","0","0","0","0","0","0","0","0","1","1","1","0","1","1","1","0","0","0","0","0","0","0","0","0","0","0","0","0","0","0","0","0","0","0","0","0","0","0","0"
"00002832","한국은행","00000109","좌석02","20221003","4","0","1","0","4","0","1","0","0","0","0","0","0","0","0","0","0","0","5","0","0","0","5","0","0","0","0","0","0","0","0","0","0","0","0","0","0","0","0","0","0","0","0","0","0","0","0","0"
"00002832","한국은행","00000115","선운14","20221003","1","0","0","0","1","0","0","0","0","0","0","0","0","0","0","0","0","2","3","2","0","2","2","2","0","0","0","0","0","0","1","0","0","0","0","0","0","0","0","0","0","0","0","0","0","0","0","0"
"00002832","한국은행","00000116","첨단22","20221003","0","0","1","0","0","0","1","0","0","0","0","0","0","0","0","0","0","3","1","3","0","3","1","3","0","0","0","0","0","0","0","0","0","0","0","0","0","0","0","0","0","0","0","0","0","0","0","0"
"00002832","한국은행","00000127","상무62","20221003","0","0","0","0","0","0","0","0","0","0","0","0","0","0","0","0","0","0","0","0","0","0","0","0","0","0","0","0","0","0","0","0","0","0","0","0","0","0","0","0","0","0","0","0","0","0","0","0"
"00002835","한국국토정보공사","00000012","지원25","20221003","3","3","14","3","3","2","11","2","0","0","0","0","0","1","3","1","0","1","0","1","0","1","0","1","0","0","0","0","0","0","0","0","0","0","0","0","0","0","0","0","0","0","0","0","0","0","0","0"
"00002835","한국국토정보공사","00000025","운림50","20221003","2","6","7","6","2","5","6","5","0","0","0","0","0","1","1","1","0","0","0","0","0","0","0","0","0","0","0","0","0","0","0","0","0","0","0","0","0","0","0","0","0","0","0","0","0","0","0","0"
"00002835","한국국토정보공사","00000095","금호46","20221003","5","19","17","19","5","13","10","13","0","1","3","1","0","5","4","5","0","1","0","1","0","1","0","1","0","0","0","0","0","0","0","0","0","0","0","0","0","0","0","0","0","0","0","0","0","0","0","0"
"00002835","한국국토정보공사","00000109","좌석02","20221003","2","12","8","12","2","11","7","11","0","0","0","0","0","1","1","1","0","5","8","5","0","5","7","5","0","0","1","0","0","0","0","0","0","0","0","0","0","0","0","0","0","0","0","0","0","0","0","0"
"00002835","한국국토정보공사","00000115","선운14","20221003","0","4","2","4","0","2","2","2","0","0","0","0","0","2","0","2","0","0","0","0","0","0","0","0","0","0","0","0","0","0","0","0","0","0","1","0","0","0","1","0","0","0","0","0","0","0","0","0"
"00002835","한국국토정보공사","00000116","첨단22","20221003","1","1","16","1","1","1","6","1","0","0","5","0","0","0","5","0","0","0","0","0","0","0","0","0","0","0","0","0","0","0","0","0","0","0","0","0","0","0","0","0","0","0","0","0","0","0","0","0"
"00002836","한국국토정보공사","00000007","매월16","20221003","7","13","8","13","7","12","7","12","0","0","0","0","0","1","1","1","1","2","2","2","1","2","2","2","0","0","0","0","0","0","0","0","0","1","1","1","0","1","0","1","0","0","0","0","0","0","1","0"
"00002836","한국국토정보공사","00000012","지원25","20221003","2","3","2","3","2","3","1","3","0","0","0","0","0","0","1","0","0","5","2","5","0","3","2","3","0","1","0","1","0","1","0","1","1","1","0","1","1","1","0","1","0","0","0","0","0","0","0","0"
"00002836","한국국토정보공사","00000020","일곡38","20221003","3","3","4","3","3","1","1","1","0","1","1","1","0","1","2","1","1","2","2","2","1","2","2","2","0","0","0","0","0","0","0","0","0","0","1","0","0","0","1","0","0","0","0","0","0","0","0","0"
"00002836","한국국토정보공사","00000023","지원45","20221003","1","3","1","3","1","2","0","2","0","0","0","0","0","1","1","1","1","0","1","0","1","0","1","0","0","0","0","0","0","0","0","0","0","0","0","0","0","0","0","0","0","0","0","0","0","0","0","0"
"00002836","한국국토정보공사","00000025","운림50","20221003","0","0","1","0","0","0","1","0","0","0","0","0","0","0","0","0","1","0","1","0","1","0","1","0","0","0","0","0","0","0","0","0","0","0","0","0","0","0","0","0","0","0","0","0","0","0","0","0"
"00002836","한국국토정보공사","00000037","상무63","20221003","0","0","0","0","0","0","0","0","0","0","0","0","0","0","0","0","0","0","0","0","0","0","0","0","0","0","0","0","0","0","0","0","1","0","0","0","1","0","0","0","0","0","0","0","0","0","0","0"
"00002836","한국국토정보공사","00000038","상무64","20221003","1","2","0","2","1","2","0","2","0","0","0","0","0","0","0","0","2","3","2","3","2","3","2","3","0","0","0","0","0","0","0","0","0","1","0","1","0","1","0","1","0","0","0","0","0","0","0","0"
"00002836","한국국토정보공사","00000086","518","20221003","0","0","1","0","0","0","1","0","0","0","0","0","0","0","0","0","0","0","0","0","0","0","0","0","0","0","0","0","0","0","0","0","0","0","0","0","0","0","0","0","0","0","0","0","0","0","0","0"
"00002836","한국국토정보공사","00000095","금호46","20221003","1","4","4","4","1","4","2","4","0","0","0","0","0","0","2","0","1","1","0","1","1","1","0","1","0","0","0","0","0","0","0","0","0","1","0","1","0","1","0","1","0","0","0","0","0","0","0","0"
"00002836","한국국토정보공사","00000109","좌석02","20221003","4","8","4","8","4","7","4","7","0","1","0","1","0","0","0","0","2","1","2","1","2","1","2","1","0","0","0","0","0","0","0","0","0","0","0","0","0","0","0","0","0","0","0","0","0","0","0","0"
"00002836","한국국토정보공사","00000112","순환01(운천저수지)","20221003","0","0","0","0","0","0","0","0","0","0","0","0","0","0","0","0","0","4","1","4","0","4","1","4","0","0","0","0","0","0","0","0","0","0","0","0","0","0","0","0","0","0","0","0","0","0","0","0"
"00002836","한국국토정보공사","00000115","선운14","20221003","3","7","13","7","3","5","10","5","0","2","0","2","0","0","3","0","4","0","3","0","4","0","2","0","0","0","0","0","0","0","1","0","0","1","0","1","0","1","0","1","0","0","0","0","0","0","0","0"
"00002836","한국국토정보공사","00000116","첨단22","20221003","2","3","0","3","2","3","0","3","0","0","0","0","0","0","0","0","0","2","4","2","0","2","2","2","0","0","0","0","0","0","2","0","0","0","1","0","0","0","1","0","0","0","0","0","0","0","0","0"
"00002836","한국국토정보공사","00000127","상무62","20221003","0","0","0","0","0","0","0","0","0","0","0","0","0","0","0","0","0","0","0","0","0","0","0","0","0","0","0","0","0","0","0","0","0","0","0","0","0","0","0","0","0","0","0","0","0","0","0","0"
"00002836","한국국토정보공사","00000214","마을799","20221003","0","0","0","0","0","0","0","0","0","0","0","0","0","0","0","0","0","2","0","2","0","2","0","2","0","0","0","0","0","0","0","0","0","0","0","0","0","0","0","0","0","0","0","0","0","0","0","0"
"00002842","두암지구입구","00000006","지원15","20221003","3","2","2","2","3","2","2","2","0","0","0","0","0","0","0","0","2","1","1","1","2","1","1","1","0","0","0","0","0","0","0","0","0","0","0","0","0","0","0","0","0","0","0","0","0","0","0","0"
"00002842","두암지구입구","00000014","봉선27","20221003","6","0","9","0","5","0","8","0","0","0","0","0","1","0","1","0","0","1","2","1","0","1","2","1","0","0","0","0","0","0","0","0","0","0","1","0","0","0","0","0","0","0","0","0","0","0","1","0"
"00002842","두암지구입구","00000015","일곡28","20221003","4","2","5","2","4","2","4","2","0","0","1","0","0","0","0","0","1","0","1","0","1","0","1","0","0","0","0","0","0","0","0","0","0","1","0","1","0","1","0","1","0","0","0","0","0","0","0","0"
"00002842","두암지구입구","00000051","문흥80","20221003","3","2","1","2","3","2","1","2","0","0","0","0","0","0","0","0","0","0","0","0","0","0","0","0","0","0","0","0","0","0","0","0","0","1","1","1","0","1","1","1","0","0","0","0","0","0","0","0"
"00002842","두암지구입구","00000078","충효187","20221003","0","1","0","1","0","1","0","1","0","0","0","0","0","0","0","0","0","0","0","0","0","0","0","0","0","0","0","0","0","0","0","0","0","0","0","0","0","0","0","0","0","0","0","0","0","0","0","0"
"00002842","두암지구입구","00000091","송암74","20221003","1","0","0","0","1","0","0","0","0","0","0","0","0","0","0","0","0","1","0","1","0","1","0","1","0","0","0","0","0","0","0","0","0","0","0","0","0","0","0","0","0","0","0","0","0","0","0","0"
"00002843","두암지구입구","00000006","지원15","20221003","1","2","6","2","1","2","5","2","0","0","1","0","0","0","0","0","1","0","2","0","1","0","2","0","0","0","0","0","0","0","0","0","0","0","4","0","0","0","4","0","0","0","0","0","0","0","0","0"
"00002843","두암지구입구","00000014","봉선27","20221003","2","7","2","7","2","6","2","6","0","0","0","0","0","1","0","1","4","2","1","2","4","2","1","2","0","0","0","0","0","0","0","0","0","0","1","0","0","0","1","0","0","0","0","0","0","0","0","0"
"00002843","두암지구입구","00000015","일곡28","20221003","6","4","2","4","6","4","2","4","0","0","0","0","0","0","0","0","5","4","2","4","5","4","2","4","0","0","0","0","0","0","0","0","1","0","0","0","1","0","0","0","0","0","0","0","0","0","0","0"
"00002843","두암지구입구","00000051","문흥80","20221003","1","4","0","4","1","3","0","3","0","0","0","0","0","1","0","1","0","1","0","1","0","1","0","1","0","0","0","0","0","0","0","0","0","0","0","0","0","0","0","0","0","0","0","0","0","0","0","0"
"00002843","두암지구입구","00000078","충효187","20221003","1","0","0","0","1","0","0","0","0","0","0","0","0","0","0","0","1","0","1","0","1","0","1","0","0","0","0","0","0","0","0","0","0","0","0","0","0","0","0","0","0","0","0","0","0","0","0","0"
"00002843","두암지구입구","00000091","송암74","20221003","1","11","1","11","1","7","1","7","0","1","0","1","0","3","0","3","3","2","4","2","3","2","4","2","0","0","0","0","0","0","0","0","0","0","0","0","0","0","0","0","0","0","0","0","0","0","0","0"
"00002847","운암시장","00000007","매월16","20221003","0","3","5","3","0","3","5","3","0","0","0","0","0","0","0","0","8","7","8","7","7","5","8","5","0","1","0","1","1","1","0","1","0","0","0","0","0","0","0","0","0","0","0","0","0","0","0","0"
"00002847","운암시장","00000009","문흥18","20221003","2","11","6","11","2","10","6","10","0","1","0","1","0","0","0","0","4","11","11","11","4","11","11","11","0","0","0","0","0","0","0","0","0","0","0","0","0","0","0","0","0","0","0","0","0","0","0","0"
"00002847","운암시장","00000014","봉선27","20221003","1","5","8","5","1","5","8","5","0","0","0","0","0","0","0","0","7","5","11","5","6","5","11","5","0","0","0","0","1","0","0","0","0","2","1","2","0","2","1","2","0","0","0","0","0","0","0","0"
"00002847","운암시장","00000026","운림51","20221003","5","10","7","10","5","10","7","10","0","0","0","0","0","0","0","0","13","15","14","15","12","15","12","15","0","0","1","0","1","0","1","0","2","3","0","3","2","3","0","3","0","0","0","0","0","0","0","0"
"00002847","운암시장","00000033","금남58","20221003","2","4","2","4","2","4","1","4","0","0","0","0","0","0","1","0","2","7","4","7","2","7","4","7","0","0","0","0","0","0","0","0","2","5","0","5","2","5","0","5","0","0","0","0","0","0","0","0"
"00002847","운암시장","00000043","송암72","20221003","2","1","1","1","2","1","1","1","0","0","0","0","0","0","0","0","5","2","7","2","5","2","7","2","0","0","0","0","0","0","0","0","0","0","0","0","0","0","0","0","0","0","0","0","0","0","0","0"
"00002847","운암시장","00000054","용봉83","20221003","1","2","2","2","1","2","2","2","0","0","0","0","0","0","0","0","4","7","3","7","4","7","3","7","0","0","0","0","0","0","0","0","0","0","0","0","0","0","0","0","0","0","0","0","0","0","0","0"
"00002847","운암시장","00000056","용전85","20221003","0","0","3","0","0","0","1","0","0","0","0","0","0","0","2","0","1","5","2","5","0","4","1","4","0","0","0","0","1","1","1","1","0","0","0","0","0","0","0","0","0","0","0","0","0","0","0","0"
"00002847","운암시장","00000065","첨단95","20221003","3","0","5","0","3","0","4","0","0","0","0","0","0","0","1","0","11","4","5","4","11","4","5","4","0","0","0","0","0","0","0","0","0","1","0","1","0","1","0","1","0","0","0","0","0","0","0","0"
"00002847","운암시장","00000098","수완49","20221003","2","6","3","6","2","5","2","5","0","0","0","0","0","1","1","1","3","3","6","3","3","3","5","3","0","0","0","0","0","0","1","0","0","1","0","1","0","1","0","1","0","0","0","0","0","0","0","0"
"00002847","운암시장","00000211","마을777(우치공원)","20221003","0","2","8","2","0","2","6","2","0","0","2","0","0","0","0","0","0","0","0","0","0","0","0","0","0","0","0","0","0","0","0","0","0","0","0","0","0","0","0","0","0","0","0","0","0","0","0","0"
"00002848","풍향시장","00000001","순환01(시청행)","20221003","8","8","6","8","6","8","6","8","1","0","0","0","1","0","0","0","3","3","3","3","3","3","3","3","0","0","0","0","0","0","0","0","3","1","4","1","3","1","3","1","0","0","0","0","0","0","1","0"
"00002848","풍향시장","00000014","봉선27","20221003","2","5","5","5","2","5","5","5","0","0","0","0","0","0","0","0","1","0","0","0","1","0","0","0","0","0","0","0","0","0","0","0","1","0","1","0","1","0","1","0","0","0","0","0","0","0","0","0"
"00002848","풍향시장","00000015","일곡28","20221003","9","7","7","7","9","4","6","4","0","1","1","1","0","2","0","2","0","1","4","1","0","1","2","1","0","0","1","0","0","0","1","0","2","0","2","0","2","0","2","0","0","0","0","0","0","0","0","0"
"00002848","풍향시장","00000018","운림35","20221003","3","4","5","4","3","4","5","4","0","0","0","0","0","0","0","0","1","0","1","0","1","0","1","0","0","0","0","0","0","0","0","0","1","2","3","2","1","2","3","2","0","0","0","0","0","0","0","0"
"00002848","풍향시장","00000078","충효187","20221003","1","3","1","3","1","3","1","3","0","0","0","0","0","0","0","0","0","0","0","0","0","0","0","0","0","0","0","0","0","0","0","0","1","2","0","2","1","2","0","2","0","0","0","0","0","0","0","0"
"00002848","풍향시장","00000091","송암74","20221003","0","6","3","6","0","6","2","6","0","0","0","0","0","0","1","0","4","1","0","1","4","1","0","1","0","0","0","0","0","0","0","0","0","0","0","0","0","0","0","0","0","0","0","0","0","0","0","0"
"00002849","풍향삼거리","00000006","지원15","20221003","1","0","4","0","1","0","3","0","0","0","0","0","0","0","1","0","0","0","0","0","0","0","0","0","0","0","0","0","0","0","0","0","0","0","0","0","0","0","0","0","0","0","0","0","0","0","0","0"
"00002849","풍향삼거리","00000051","문흥80","20221003","1","3","1","3","1","3","1","3","0","0","0","0","0","0","0","0","0","0","0","0","0","0","0","0","0","0","0","0","0","0","0","0","0","0","0","0","0","0","0","0","0","0","0","0","0","0","0","0"
"00002849","풍향삼거리","00000078","충효187","20221003","1","0","0","0","1","0","0","0","0","0","0","0","0","0","0","0","0","0","0","0","0","0","0","0","0","0","0","0","0","0","0","0","0","0","0","0","0","0","0","0","0","0","0","0","0","0","0","0"
"00002867","운암시장","00000007","매월16","20221003","1","7","6","7","1","6","5","6","0","0","0","0","0","1","1","1","0","2","4","2","0","2","2","2","0","0","0","0","0","0","2","0","0","0","0","0","0","0","0","0","0","0","0","0","0","0","0","0"
"00002867","운암시장","00000009","문흥18","20221003","2","7","21","7","2","7","16","7","0","0","0","0","0","0","5","0","13","10","20","10","12","10","20","10","0","0","0","0","1","0","0","0","2","3","0","3","2","3","0","3","0","0","0","0","0","0","0","0"
"00002867","운암시장","00000014","봉선27","20221003","4","2","23","2","4","2","14","2","0","0","0","0","0","0","9","0","5","5","11","5","5","5","9","5","0","0","0","0","0","0","2","0","0","0","1","0","0","0","1","0","0","0","0","0","0","0","0","0"
"00002867","운암시장","00000043","송암72","20221003","3","4","10","4","2","4","5","4","0","0","0","0","1","0","5","0","3","4","1","4","2","4","1","4","0","0","0","0","1","0","0","0","0","0","0","0","0","0","0","0","0","0","0","0","0","0","0","0"
"00002867","운암시장","00000055","용전84","20221003","2","0","8","0","2","0","7","0","0","0","0","0","0","0","1","0","0","0","0","0","0","0","0","0","0","0","0","0","0","0","0","0","1","0","0","0","1","0","0","0","0","0","0","0","0","0","0","0"
"00002867","운암시장","00000065","첨단95","20221003","2","4","10","4","2","4","7","4","0","0","0","0","0","0","3","0","0","2","6","2","0","2","6","2","0","0","0","0","0","0","0","0","3","1","2","1","2","1","2","1","0","0","0","0","1","0","0","0"
"00002867","운암시장","00000098","수완49","20221003","0","2","2","2","0","2","2","2","0","0","0","0","0","0","0","0","1","0","4","0","1","0","4","0","0","0","0","0","0","0","0","0","0","1","0","1","0","1","0","1","0","0","0","0","0","0","0","0"
"00002872","현대자동차","00000005","첨단09","20221003","8","17","14","17","8","17","14","17","0","0","0","0","0","0","0","0","2","1","3","1","2","1","3","1","0","0","0","0","0","0","0","0","0","4","1","4","0","4","1","4","0","0","0","0","0","0","0","0"
"00002872","현대자동차","00000007","매월16","20221003","2","1","3","1","2","1","3","1","0","0","0","0","0","0","0","0","0","0","0","0","0","0","0","0","0","0","0","0","0","0","0","0","0","0","1","0","0","0","1","0","0","0","0","0","0","0","0","0"
"00002872","현대자동차","00000017","첨단30","20221003","4","9","3","9","4","8","3","8","0","0","0","0","0","1","0","1","0","1","0","1","0","1","0","1","0","0","0","0","0","0","0","0","1","0","1","0","1","0","1","0","0","0","0","0","0","0","0","0"
"00002872","현대자동차","00000039","유덕65","20221003","3","0","0","0","3","0","0","0","0","0","0","0","0","0","0","0","0","0","0","0","0","0","0","0","0","0","0","0","0","0","0","0","0","0","0","0","0","0","0","0","0","0","0","0","0","0","0","0"
"00002872","현대자동차","00000055","용전84","20221003","0","0","1","0","0","0","1","0","0","0","0","0","0","0","0","0","0","3","0","3","0","3","0","3","0","0","0","0","0","0","0","0","0","0","0","0","0","0","0","0","0","0","0","0","0","0","0","0"
"00002872","현대자동차","00000059","임곡89","20221003","1","0","0","0","1","0","0","0","0","0","0","0","0","0","0","0","0","2","0","2","0","2","0","2","0","0","0","0","0","0","0","0","0","0","0","0","0","0","0","0","0","0","0","0","0","0","0","0"
"00002872","현대자동차","00000086","518","20221003","1","0","0","0","1","0","0","0","0","0","0","0","0","0","0","0","0","0","0","0","0","0","0","0","0","0","0","0","0","0","0","0","0","0","0","0","0","0","0","0","0","0","0","0","0","0","0","0"
"00002872","현대자동차","00000101","송암31","20221003","1","0","0","0","1","0","0","0","0","0","0","0","0","0","0","0","0","0","1","0","0","0","1","0","0","0","0","0","0","0","0","0","0","0","0","0","0","0","0","0","0","0","0","0","0","0","0","0"
"00002872","현대자동차","00000119","지원56","20221003","1","0","0","0","1","0","0","0","0","0","0","0","0","0","0","0","0","0","0","0","0","0","0","0","0","0","0","0","0","0","0","0","0","0","0","0","0","0","0","0","0","0","0","0","0","0","0","0"
"00002872","현대자동차","00000201","마을760","20221003","0","1","1","1","0","1","1","1","0","0","0","0","0","0","0","0","1","0","1","0","1","0","1","0","0","0","0","0","0","0","0","0","0","0","0","0","0","0","0","0","0","0","0","0","0","0","0","0"
"00002873","현대자동차","00000005","첨단09","20221003","7","20","91","20","6","19","76","19","1","0","1","0","0","1","14","1","13","25","74","25","12","24","63","24","0","0","0","0","1","1","11","1","2","8","23","8","2","6","21","6","0","0","0","0","0","2","2","2"
"00002873","현대자동차","00000007","매월16","20221003","0","6","17","6","0","5","15","5","0","0","1","0","0","1","1","1","2","15","8","15","2","13","6","13","0","0","0","0","0","2","2","2","0","6","4","6","0","6","4","6","0","0","0","0","0","0","0","0"
"00002873","현대자동차","00000017","첨단30","20221003","0","1","10","1","0","1","5","1","0","0","3","0","0","0","2","0","3","7","11","7","3","6","9","6","0","0","0","0","0","1","2","1","0","2","9","2","0","2","9","2","0","0","0","0","0","0","0","0"
"00002873","현대자동차","00000039","유덕65","20221003","0","0","4","0","0","0","4","0","0","0","0","0","0","0","0","0","3","0","0","0","3","0","0","0","0","0","0","0","0","0","0","0","0","0","2","0","0","0","2","0","0","0","0","0","0","0","0","0"
"00002873","현대자동차","00000040","대촌69","20221003","1","1","0","1","1","1","0","1","0","0","0","0","0","0","0","0","0","0","1","0","0","0","1","0","0","0","0","0","0","0","0","0","2","0","0","0","2","0","0","0","0","0","0","0","0","0","0","0"
"00002873","현대자동차","00000055","용전84","20221003","0","0","2","0","0","0","2","0","0","0","0","0","0","0","0","0","0","0","0","0","0","0","0","0","0","0","0","0","0","0","0","0","0","0","0","0","0","0","0","0","0","0","0","0","0","0","0","0"
"00002873","현대자동차","00000059","임곡89","20221003","0","0","0","0","0","0","0","0","0","0","0","0","0","0","0","0","1","0","0","0","1","0","0","0","0","0","0","0","0","0","0","0","1","0","1","0","1","0","1","0","0","0","0","0","0","0","0","0"
"00002873","현대자동차","00000086","518","20221003","0","2","1","2","0","1","1","1","0","0","0","0","0","1","0","1","0","3","1","3","0","3","1","3","0","0","0","0","0","0","0","0","1","2","0","2","1","2","0","2","0","0","0","0","0","0","0","0"
"00002873","현대자동차","00000101","송암31","20221003","2","15","41","15","2","13","38","13","0","0","0","0","0","2","3","2","2","1","2","1","2","1","2","1","0","0","0","0","0","0","0","0","7","9","6","9","7","7","6","7","0","0","0","0","0","2","0","2"
"00002873","현대자동차","00000119","지원56","20221003","2","5","5","5","2","5","5","5","0","0","0","0","0","0","0","0","2","2","3","2","2","2","3","2","0","0","0","0","0","0","0","0","1","2","5","2","1","2","5","2","0","0","0","0","0","0","0","0"
"00002873","현대자동차","00000201","마을760","20221003","5","13","60","13","5","12","58","12","0","0","0","0","0","1","2","1","2","5","2","5","2","5","2","5","0","0","0","0","0","0","0","0","12","9","19","9","12","8","17","8","0","0","1","0","0","1","1","1"
"00002876","농협운천지점","00000012","지원25","20221003","1","14","19","14","1","14","17","14","0","0","0","0","0","0","2","0","0","0","0","0","0","0","0","0","0","0","0","0","0","0","0","0","2","2","6","2","2","2","6","2","0","0","0","0","0","0","0","0"
"00002876","농협운천지점","00000044","송암73","20221003","5","14","31","14","5","14","22","14","0","0","1","0","0","0","8","0","1","0","2","0","1","0","2","0","0","0","0","0","0","0","0","0","0","0","2","0","0","0","2","0","0","0","0","0","0","0","0","0"
"00002876","농협운천지점","00000095","금호46","20221003","3","5","8","5","3","5","6","5","0","0","0","0","0","0","2","0","0","0","2","0","0","0","2","0","0","0","0","0","0","0","0","0","0","0","0","0","0","0","0","0","0","0","0","0","0","0","0","0"
"00002876","농협운천지점","00000109","좌석02","20221003","3","11","10","11","3","9","10","9","0","1","0","1","0","1","0","1","0","4","2","4","0","4","2","4","0","0","0","0","0","0","0","0","0","0","1","0","0","0","1","0","0","0","0","0","0","0","0","0"
"00002876","농협운천지점","00000116","첨단22","20221003","4","12","4","12","4","11","3","11","0","1","0","1","0","0","1","0","0","0","1","0","0","0","1","0","0","0","0","0","0","0","0","0","1","1","3","1","1","1","3","1","0","0","0","0","0","0","0","0"
"00002877","농협운천지점","00000007","매월16","20221003","0","0","0","0","0","0","0","0","0","0","0","0","0","0","0","0","0","4","0","4","0","4","0","4","0","0","0","0","0","0","0","0","0","0","0","0","0","0","0","0","0","0","0","0","0","0","0","0"
"00002877","농협운천지점","00000012","지원25","20221003","0","0","0","0","0","0","0","0","0","0","0","0","0","0","0","0","3","4","3","4","3","4","3","4","0","0","0","0","0","0","0","0","0","0","0","0","0","0","0","0","0","0","0","0","0","0","0","0"
"00002877","농협운천지점","00000044","송암73","20221003","0","0","0","0","0","0","0","0","0","0","0","0","0","0","0","0","0","2","1","2","0","2","1","2","0","0","0","0","0","0","0","0","0","0","0","0","0","0","0","0","0","0","0","0","0","0","0","0"
"00002877","농협운천지점","00000086","518","20221003","0","0","0","0","0","0","0","0","0","0","0","0","0","0","0","0","0","0","1","0","0","0","1","0","0","0","0","0","0","0","0","0","0","0","0","0","0","0","0","0","0","0","0","0","0","0","0","0"
"00002877","농협운천지점","00000095","금호46","20221003","0","0","0","0","0","0","0","0","0","0","0","0","0","0","0","0","3","3","2","3","3","3","2","3","0","0","0","0","0","0","0","0","0","0","0","0","0","0","0","0","0","0","0","0","0","0","0","0"
"00002877","농협운천지점","00000109","좌석02","20221003","0","0","0","0","0","0","0","0","0","0","0","0","0","0","0","0","0","0","1","0","0","0","1","0","0","0","0","0","0","0","0","0","0","0","0","0","0","0","0","0","0","0","0","0","0","0","0","0"
"00002877","농협운천지점","00000112","순환01(운천저수지)","20221003","0","0","0","0","0","0","0","0","0","0","0","0","0","0","0","0","1","2","0","2","1","2","0","2","0","0","0","0","0","0","0","0","0","0","0","0","0","0","0","0","0","0","0","0","0","0","0","0"
"00002877","농협운천지점","00000116","첨단22","20221003","0","0","0","0","0","0","0","0","0","0","0","0","0","0","0","0","1","1","1","1","1","1","1","1","0","0","0","0","0","0","0","0","0","0","0","0","0","0","0","0","0","0","0","0","0","0","0","0"
"00002878","전남공고입구","00000007","매월16","20221003","0","1","0","1","0","1","0","1","0","0","0","0","0","0","0","0","0","0","0","0","0","0","0","0","0","0","0","0","0","0","0","0","0","0","0","0","0","0","0","0","0","0","0","0","0","0","0","0"
"00002878","전남공고입구","00000014","봉선27","20221003","0","2","0","2","0","2","0","2","0","0","0","0","0","0","0","0","0","3","1","3","0","1","1","1","0","0","0","0","0","2","0","2","0","0","0","0","0","0","0","0","0","0","0","0","0","0","0","0"
"00002878","전남공고입구","00000016","송정29","20221003","1","0","1","0","0","0","1","0","0","0","0","0","1","0","0","0","0","0","0","0","0","0","0","0","0","0","0","0","0","0","0","0","0","0","0","0","0","0","0","0","0","0","0","0","0","0","0","0"
"00002878","전남공고입구","00000043","송암72","20221003","1","3","1","3","1","3","1","3","0","0","0","0","0","0","0","0","0","0","1","0","0","0","1","0","0","0","0","0","0","0","0","0","0","0","0","0","0","0","0","0","0","0","0","0","0","0","0","0"
"00002878","전남공고입구","00000102","수완12","20221003","0","0","0","0","0","0","0","0","0","0","0","0","0","0","0","0","0","0","0","0","0","0","0","0","0","0","0","0","0","0","0","0","0","0","0","0","0","0","0","0","0","0","0","0","0","0","0","0"
"00002879","전남공고입구","00000007","매월16","20221003","2","1","3","1","1","1","3","1","0","0","0","0","1","0","0","0","0","0","0","0","0","0","0","0","0","0","0","0","0","0","0","0","0","0","0","0","0","0","0","0","0","0","0","0","0","0","0","0"
"00002879","전남공고입구","00000014","봉선27","20221003","4","6","4","6","3","6","4","6","0","0","0","0","1","0","0","0","0","0","0","0","0","0","0","0","0","0","0","0","0","0","0","0","0","0","1","0","0","0","1","0","0","0","0","0","0","0","0","0"
"00002879","전남공고입구","00000016","송정29","20221003","0","2","3","2","0","1","1","1","0","0","0","0","0","1","2","1","0","1","1","1","0","1","1","1","0","0","0","0","0","0","0","0","0","0","0","0","0","0","0","0","0","0","0","0","0","0","0","0"
"00002879","전남공고입구","00000026","운림51","20221003","0","3","1","3","0","3","1","3","0","0","0","0","0","0","0","0","0","0","2","0","0","0","2","0","0","0","0","0","0","0","0","0","0","0","0","0","0","0","0","0","0","0","0","0","0","0","0","0"
"00002879","전남공고입구","00000043","송암72","20221003","0","0","1","0","0","0","1","0","0","0","0","0","0","0","0","0","1","0","0","0","1","0","0","0","0","0","0","0","0","0","0","0","0","2","0","2","0","1","0","1","0","0","0","0","0","1","0","1"
"00002879","전남공고입구","00000079","첨단192","20221003","0","0","1","0","0","0","1","0","0","0","0","0","0","0","0","0","0","0","0","0","0","0","0","0","0","0","0","0","0","0","0","0","0","0","0","0","0","0","0","0","0","0","0","0","0","0","0","0"
"00002879","전남공고입구","00000102","수완12","20221003","1","2","1","2","1","2","1","2","0","0","0","0","0","0","0","0","1","0","0","0","1","0","0","0","0","0","0","0","0","0","0","0","1","0","0","0","1","0","0","0","0","0","0","0","0","0","0","0"
"00002880","신창용수마을","00000007","매월16","20221003","0","0","0","0","0","0","0","0","0","0","0","0","0","0","0","0","2","2","1","2","2","2","1","2","0","0","0","0","0","0","0","0","0","0","1","0","0","0","1","0","0","0","0","0","0","0","0","0"
"00002880","신창용수마을","00000014","봉선27","20221003","0","1","0","1","0","1","0","1","0","0","0","0","0","0","0","0","0","2","3","2","0","2","3","2","0","0","0","0","0","0","0","0","0","1","0","1","0","1","0","1","0","0","0","0","0","0","0","0"
"00002880","신창용수마을","00000016","송정29","20221003","0","1","0","1","0","1","0","1","0","0","0","0","0","0","0","0","1","0","1","0","1","0","1","0","0","0","0","0","0","0","0","0","0","0","0","0","0","0","0","0","0","0","0","0","0","0","0","0"
"00002880","신창용수마을","00000043","송암72","20221003","0","0","0","0","0","0","0","0","0","0","0","0","0","0","0","0","0","0","0","0","0","0","0","0","0","0","0","0","0","0","0","0","0","0","0","0","0","0","0","0","0","0","0","0","0","0","0","0"
"00002880","신창용수마을","00000064","첨단94","20221003","0","0","0","0","0","0","0","0","0","0","0","0","0","0","0","0","0","0","0","0","0","0","0","0","0","0","0","0","0","0","0","0","0","0","1","0","0","0","1","0","0","0","0","0","0","0","0","0"
"00002880","신창용수마을","00000079","첨단192","20221003","0","0","0","0","0","0","0","0","0","0","0","0","0","0","0","0","1","0","0","0","1","0","0","0","0","0","0","0","0","0","0","0","0","0","0","0","0","0","0","0","0","0","0","0","0","0","0","0"
"00002880","신창용수마을","00000102","수완12","20221003","0","0","0","0","0","0","0","0","0","0","0","0","0","0","0","0","4","1","2","1","4","1","2","1","0","0","0","0","0","0","0","0","0","1","0","1","0","0","0","0","0","0","0","0","0","1","0","1"
"00002887","서영대","00000009","문흥18","20221003","5","9","15","9","5","6","7","6","0","0","1","0","0","3","7","3","1","3","3","3","1","3","2","3","0","0","0","0","0","0","1","0","0","0","0","0","0","0","0","0","0","0","0","0","0","0","0","0"
"00002887","서영대","00000033","금남58","20221003","0","3","4","3","0","1","1","1","0","0","1","0","0","2","2","2","1","2","0","2","1","2","0","2","0","0","0","0","0","0","0","0","0","0","2","0","0","0","0","0","0","0","0","0","0","0","2","0"
"00002887","서영대","00000037","상무63","20221003","1","0","0","0","1","0","0","0","0","0","0","0","0","0","0","0","1","0","1","0","1","0","1","0","0","0","0","0","0","0","0","0","0","0","0","0","0","0","0","0","0","0","0","0","0","0","0","0"
"00002887","서영대","00000098","수완49","20221003","1","2","9","2","1","1","4","1","0","1","0","1","0","0","5","0","0","0","1","0","0","0","0","0","0","0","0","0","0","0","1","0","0","0","0","0","0","0","0","0","0","0","0","0","0","0","0","0"
"00002887","서영대","00000120","양산60","20221003","0","4","5","4","0","3","3","3","0","0","0","0","0","1","2","1","0","1","0","1","0","1","0","1","0","0","0","0","0","0","0","0","0","0","0","0","0","0","0","0","0","0","0","0","0","0","0","0"
"00002887","서영대","00000211","마을777(우치공원)","20221003","3","7","7","7","3","4","5","4","0","1","0","1","0","2","2","2","0","0","1","0","0","0","1","0","0","0","0","0","0","0","0","0","0","0","0","0","0","0","0","0","0","0","0","0","0","0","0","0"
"00002889","동천마을1단지","00000009","문흥18","20221003","4","1","3","1","4","1","3","1","0","0","0","0","0","0","0","0","1","0","0","0","1","0","0","0","0","0","0","0","0","0","0","0","0","0","0","0","0","0","0","0","0","0","0","0","0","0","0","0"
"00002889","동천마을1단지","00000019","봉선37","20221003","2","6","1","6","2","5","1","5","0","0","0","0","0","1","0","1","0","0","0","0","0","0","0","0","0","0","0","0","0","0","0","0","1","0","0","0","1","0","0","0","0","0","0","0","0","0","0","0"
"00002889","동천마을1단지","00000036","상무62(상무역행)","20221003","2","0","0","0","2","0","0","0","0","0","0","0","0","0","0","0","0","0","0","0","0","0","0","0","0","0","0","0","0","0","0","0","0","0","0","0","0","0","0","0","0","0","0","0","0","0","0","0"
"00002889","동천마을1단지","00000059","임곡89","20221003","2","0","0","0","2","0","0","0","0","0","0","0","0","0","0","0","0","0","0","0","0","0","0","0","0","0","0","0","0","0","0","0","0","0","0","0","0","0","0","0","0","0","0","0","0","0","0","0"
"00002889","동천마을1단지","00000068","송정98","20221003","5","2","10","2","5","2","9","2","0","0","0","0","0","0","1","0","0","1","0","1","0","0","0","0","0","0","0","0","0","1","0","1","0","0","2","0","0","0","2","0","0","0","0","0","0","0","0","0"
"00002889","동천마을1단지","00000090","문흥39","20221003","3","4","3","4","3","3","3","3","0","0","0","0","0","1","0","1","0","0","1","0","0","0","1","0","0","0","0","0","0","0","0","0","0","0","0","0","0","0","0","0","0","0","0","0","0","0","0","0"
"00002889","동천마을1단지","00000098","수완49","20221003","0","0","5","0","0","0","5","0","0","0","0","0","0","0","0","0","0","0","0","0","0","0","0","0","0","0","0","0","0","0","0","0","0","0","0","0","0","0","0","0","0","0","0","0","0","0","0","0"
"00002889","동천마을1단지","00000116","첨단22","20221003","3","0","6","0","3","0","6","0","0","0","0","0","0","0","0","0","0","1","0","1","0","1","0","1","0","0","0","0","0","0","0","0","1","0","5","0","1","0","4","0","0","0","0","0","0","0","1","0"
"00002890","풍영정입구","00000005","첨단09","20221003","0","1","1","1","0","0","1","0","0","0","0","0","0","1","0","1","0","2","7","2","0","0","7","0","0","0","0","0","0","2","0","2","1","1","5","1","0","1","3","1","1","0","0","0","0","0","2","0"
"00002890","풍영정입구","00000009","문흥18","20221003","0","2","1","2","0","1","1","1","0","0","0","0","0","1","0","1","0","0","2","0","0","0","2","0","0","0","0","0","0","0","0","0","2","3","1","3","2","3","1","3","0","0","0","0","0","0","0","0"
"00002890","풍영정입구","00000019","봉선37","20221003","0","2","3","2","0","2","3","2","0","0","0","0","0","0","0","0","2","1","2","1","2","1","2","1","0","0","0","0","0","0","0","0","0","1","1","1","0","1","1","1","0","0","0","0","0","0","0","0"
"00002890","풍영정입구","00000036","상무62(상무역행)","20221003","0","0","0","0","0","0","0","0","0","0","0","0","0","0","0","0","0","0","0","0","0","0","0","0","0","0","0","0","0","0","0","0","0","0","3","0","0","0","3","0","0","0","0","0","0","0","0","0"
"00002890","풍영정입구","00000059","임곡89","20221003","0","0","0","0","0","0","0","0","0","0","0","0","0","0","0","0","0","1","0","1","0","1","0","1","0","0","0","0","0","0","0","0","0","0","0","0","0","0","0","0","0","0","0","0","0","0","0","0"
"00002890","풍영정입구","00000068","송정98","20221003","0","0","0","0","0","0","0","0","0","0","0","0","0","0","0","0","0","2","1","2","0","2","1","2","0","0","0","0","0","0","0","0","0","0","4","0","0","0","4","0","0","0","0","0","0","0","0","0"
"00002890","풍영정입구","00000090","문흥39","20221003","1","0","0","0","1","0","0","0","0","0","0","0","0","0","0","0","0","0","0","0","0","0","0","0","0","0","0","0","0","0","0","0","0","0","4","0","0","0","4","0","0","0","0","0","0","0","0","0"
"00002890","풍영정입구","00000098","수완49","20221003","0","0","0","0","0","0","0","0","0","0","0","0","0","0","0","0","0","0","0","0","0","0","0","0","0","0","0","0","0","0","0","0","0","1","0","1","0","1","0","1","0","0","0","0","0","0","0","0"
"00002893","동림I.C입구","00000009","문흥18","20221003","1","3","5","3","1","3","5","3","0","0","0","0","0","0","0","0","1","0","2","0","1","0","2","0","0","0","0","0","0","0","0","0","0","0","0","0","0","0","0","0","0","0","0","0","0","0","0","0"
"00002893","동림I.C입구","00000019","봉선37","20221003","0","2","1","2","0","2","1","2","0","0","0","0","0","0","0","0","2","1","2","1","2","1","2","1","0","0","0","0","0","0","0","0","0","0","0","0","0","0","0","0","0","0","0","0","0","0","0","0"
"00002893","동림I.C입구","00000068","송정98","20221003","0","3","2","3","0","3","2","3","0","0","0","0","0","0","0","0","0","4","1","4","0","4","1","4","0","0","0","0","0","0","0","0","0","0","0","0","0","0","0","0","0","0","0","0","0","0","0","0"
"00002893","동림I.C입구","00000090","문흥39","20221003","0","2","1","2","0","2","1","2","0","0","0","0","0","0","0","0","0","1","0","1","0","1","0","1","0","0","0","0","0","0","0","0","0","0","0","0","0","0","0","0","0","0","0","0","0","0","0","0"
"00002893","동림I.C입구","00000098","수완49","20221003","0","0","0","0","0","0","0","0","0","0","0","0","0","0","0","0","0","0","0","0","0","0","0","0","0","0","0","0","0","0","0","0","0","0","0","0","0","0","0","0","0","0","0","0","0","0","0","0"
"00002894","동천마을1단지","00000009","문흥18","20221003","11","10","7","10","10","9","5","9","0","0","0","0","1","1","2","1","2","1","6","1","2","1","6","1","0","0","0","0","0","0","0","0","0","2","1","2","0","1","1","1","0","0","0","0","0","1","0","1"
"00002894","동천마을1단지","00000019","봉선37","20221003","7","13","7","13","6","12","7","12","0","1","0","1","1","0","0","0","1","4","3","4","1","3","2","3","0","0","0","0","0","1","1","1","0","0","3","0","0","0","3","0","0","0","0","0","0","0","0","0"
"00002894","동천마을1단지","00000059","임곡89","20221003","0","1","0","1","0","1","0","1","0","0","0","0","0","0","0","0","0","0","0","0","0","0","0","0","0","0","0","0","0","0","0","0","0","0","0","0","0","0","0","0","0","0","0","0","0","0","0","0"
"00002894","동천마을1단지","00000068","송정98","20221003","6","10","4","10","6","10","3","10","0","0","0","0","0","0","1","0","3","3","1","3","3","3","1","3","0","0","0","0","0","0","0","0","0","1","2","1","0","1","2","1","0","0","0","0","0","0","0","0"
"00002894","동천마을1단지","00000090","문흥39","20221003","6","11","6","11","6","8","6","8","0","1","0","1","0","2","0","2","0","1","2","1","0","1","2","1","0","0","0","0","0","0","0","0","1","2","0","2","1","2","0","2","0","0","0","0","0","0","0","0"
"00002894","동천마을1단지","00000098","수완49","20221003","0","2","0","2","0","2","0","2","0","0","0","0","0","0","0","0","0","1","0","1","0","1","0","1","0","0","0","0","0","0","0","0","0","0","2","0","0","0","2","0","0","0","0","0","0","0","0","0"
"00002894","동천마을1단지","00000116","첨단22","20221003","5","3","4","3","5","3","2","3","0","0","0","0","0","0","2","0","4","16","9","16","4","11","9","11","0","2","0","2","0","3","0","3","0","0","0","0","0","0","0","0","0","0","0","0","0","0","0","0"
"00002894","동천마을1단지","00000127","상무62","20221003","2","1","0","1","2","1","0","1","0","0","0","0","0","0","0","0","0","1","0","1","0","1","0","1","0","0","0","0","0","0","0","0","0","0","0","0","0","0","0","0","0","0","0","0","0","0","0","0"
"00002895","서영대","00000009","문흥18","20221003","5","7","7","7","5","5","5","5","0","0","1","0","0","2","1","2","5","4","4","4","5","4","4","4","0","0","0","0","0","0","0","0","1","0","0","0","1","0","0","0","0","0","0","0","0","0","0","0"
"00002895","서영대","00000033","금남58","20221003","2","10","2","10","2","8","2","8","0","0","0","0","0","2","0","2","0","1","2","1","0","1","1","1","0","0","0","0","0","0","1","0","1","0","0","0","1","0","0","0","0","0","0","0","0","0","0","0"
"00002895","서영대","00000037","상무63","20221003","0","0","0","0","0","0","0","0","0","0","0","0","0","0","0","0","0","0","1","0","0","0","1","0","0","0","0","0","0","0","0","0","0","0","0","0","0","0","0","0","0","0","0","0","0","0","0","0"
"00002895","서영대","00000079","첨단192","20221003","0","1","0","1","0","1","0","1","0","0","0","0","0","0","0","0","0","0","0","0","0","0","0","0","0","0","0","0","0","0","0","0","0","0","0","0","0","0","0","0","0","0","0","0","0","0","0","0"
"00002895","서영대","00000098","수완49","20221003","3","3","4","3","3","3","2","3","0","0","1","0","0","0","1","0","0","0","1","0","0","0","0","0","0","0","0","0","0","0","1","0","0","0","0","0","0","0","0","0","0","0","0","0","0","0","0","0"
"00002895","서영대","00000120","양산60","20221003","2","2","1","2","2","1","1","1","0","0","0","0","0","1","0","1","2","0","3","0","2","0","3","0","0","0","0","0","0","0","0","0","1","1","2","1","1","1","1","1","0","0","0","0","0","0","1","0"
"00002895","서영대","00000211","마을777(우치공원)","20221003","2","1","4","1","2","0","2","0","0","0","0","0","0","1","2","1","0","0","2","0","0","0","2","0","0","0","0","0","0","0","0","0","1","0","0","0","0","0","0","0","0","0","0","0","1","0","0","0"
"00002896","매방골","00000019","봉선37","20221003","0","0","0","0","0","0","0","0","0","0","0","0","0","0","0","0","0","0","0","0","0","0","0","0","0","0","0","0","0","0","0","0","0","0","0","0","0","0","0","0","0","0","0","0","0","0","0","0"
"00002910","안청","00000011","첨단20","20221003","1","0","2","0","1","0","2","0","0","0","0","0","0","0","0","0","2","0","2","0","2","0","2","0","0","0","0","0","0","0","0","0","0","0","0","0","0","0","0","0","0","0","0","0","0","0","0","0"
"00002916","중앙일보","00000011","첨단20","20221003","0","0","0","0","0","0","0","0","0","0","0","0","0","0","0","0","0","0","0","0","0","0","0","0","0","0","0","0","0","0","0","0","0","0","0","0","0","0","0","0","0","0","0","0","0","0","0","0"
"00002916","중앙일보","00000062","첨단92","20221003","0","0","0","0","0","0","0","0","0","0","0","0","0","0","0","0","1","0","0","0","1","0","0","0","0","0","0","0","0","0","0","0","0","0","0","0","0","0","0","0","0","0","0","0","0","0","0","0"
"00002919","첨단부영아파트","00000007","매월16","20221003","3","3","8","3","3","2","7","2","0","1","1","1","0","0","0","0","0","0","0","0","0","0","0","0","0","0","0","0","0","0","0","0","0","0","0","0","0","0","0","0","0","0","0","0","0","0","0","0"
"00002919","첨단부영아파트","00000026","운림51","20221003","11","4","2","4","11","4","2","4","0","0","0","0","0","0","0","0","0","0","0","0","0","0","0","0","0","0","0","0","0","0","0","0","0","0","0","0","0","0","0","0","0","0","0","0","0","0","0","0"
"00002919","첨단부영아파트","00000062","첨단92","20221003","0","0","0","0","0","0","0","0","0","0","0","0","0","0","0","0","0","0","1","0","0","0","1","0","0","0","0","0","0","0","0","0","0","0","0","0","0","0","0","0","0","0","0","0","0","0","0","0"
"00002919","첨단부영아파트","00000064","첨단94","20221003","0","0","1","0","0","0","0","0","0","0","0","0","0","0","1","0","0","0","0","0","0","0","0","0","0","0","0","0","0","0","0","0","0","0","0","0","0","0","0","0","0","0","0","0","0","0","0","0"
"00002919","첨단부영아파트","00000095","금호46","20221003","1","0","0","0","1","0","0","0","0","0","0","0","0","0","0","0","0","0","0","0","0","0","0","0","0","0","0","0","0","0","0","0","2","0","0","0","1","0","0","0","0","0","0","0","1","0","0","0"
"00002926","명상의집","00000006","지원15","20221003","0","0","2","0","0","0","2","0","0","0","0","0","0","0","0","0","0","1","0","1","0","1","0","1","0","0","0","0","0","0","0","0","0","1","0","1","0","1","0","1","0","0","0","0","0","0","0","0"
"00002926","명상의집","00000013","매월26","20221003","0","0","0","0","0","0","0","0","0","0","0","0","0","0","0","0","0","0","0","0","0","0","0","0","0","0","0","0","0","0","0","0","0","1","0","1","0","1","0","1","0","0","0","0","0","0","0","0"
"00002926","명상의집","00000032","금남57","20221003","0","0","0","0","0","0","0","0","0","0","0","0","0","0","0","0","0","1","2","1","0","1","2","1","0","0","0","0","0","0","0","0","0","0","0","0","0","0","0","0","0","0","0","0","0","0","0","0"
"00002926","명상의집","00000057","용전86","20221003","0","0","1","0","0","0","1","0","0","0","0","0","0","0","0","0","0","0","0","0","0","0","0","0","0","0","0","0","0","0","0","0","0","0","0","0","0","0","0","0","0","0","0","0","0","0","0","0"
"00002926","명상의집","00000077","용전184","20221003","0","0","0","0","0","0","0","0","0","0","0","0","0","0","0","0","1","1","0","1","1","1","0","1","0","0","0","0","0","0","0","0","0","0","0","0","0","0","0","0","0","0","0","0","0","0","0","0"
"00002933","월계중","00000005","첨단09","20221003","0","0","0","0","0","0","0","0","0","0","0","0","0","0","0","0","0","1","0","1","0","0","0","0","0","0","0","0","0","1","0","1","0","0","0","0","0","0","0","0","0","0","0","0","0","0","0","0"
"00002937","북구차량등록민원실","00000009","문흥18","20221003","6","3","5","3","6","3","4","3","0","0","0","0","0","0","1","0","5","9","2","9","5","9","2","9","0","0","0","0","0","0","0","0","0","3","0","3","0","3","0","3","0","0","0","0","0","0","0","0"
"00002937","북구차량등록민원실","00000014","봉선27","20221003","0","1","2","1","0","1","2","1","0","0","0","0","0","0","0","0","0","3","6","3","0","3","5","3","0","0","0","0","0","0","1","0","0","0","1","0","0","0","1","0","0","0","0","0","0","0","0","0"
"00002937","북구차량등록민원실","00000030","금남55","20221003","0","1","0","1","0","1","0","1","0","0","0","0","0","0","0","0","0","1","1","1","0","1","1","1","0","0","0","0","0","0","0","0","2","0","0","0","2","0","0","0","0","0","0","0","0","0","0","0"
"00002938","두암초교","00000091","송암74","20221003","0","0","2","0","0","0","2","0","0","0","0","0","0","0","0","0","2","0","0","0","2","0","0","0","0","0","0","0","0","0","0","0","0","2","0","2","0","2","0","2","0","0","0","0","0","0","0","0"
"00002939","봉선라인아파트","00000014","봉선27","20221003","0","0","1","0","0","0","1","0","0","0","0","0","0","0","0","0","2","1","0","1","2","1","0","1","0","0","0","0","0","0","0","0","0","0","0","0","0","0","0","0","0","0","0","0","0","0","0","0"
"00002942","신창용수마을","00000007","매월16","20221003","3","3","4","3","3","3","4","3","0","0","0","0","0","0","0","0","0","0","0","0","0","0","0","0","0","0","0","0","0","0","0","0","0","0","0","0","0","0","0","0","0","0","0","0","0","0","0","0"
"00002942","신창용수마을","00000014","봉선27","20221003","9","4","6","4","9","3","6","3","0","1","0","1","0","0","0","0","2","2","0","2","2","1","0","1","0","0","0","0","0","1","0","1","2","1","0","1","2","1","0","1","0","0","0","0","0","0","0","0"
"00002942","신창용수마을","00000016","송정29","20221003","1","0","0","0","1","0","0","0","0","0","0","0","0","0","0","0","0","2","0","2","0","2","0","2","0","0","0","0","0","0","0","0","1","0","0","0","1","0","0","0","0","0","0","0","0","0","0","0"
"00002942","신창용수마을","00000043","송암72","20221003","0","0","0","0","0","0","0","0","0","0","0","0","0","0","0","0","0","1","1","1","0","1","1","1","0","0","0","0","0","0","0","0","1","0","0","0","1","0","0","0","0","0","0","0","0","0","0","0"
"00002942","신창용수마을","00000064","첨단94","20221003","0","0","0","0","0","0","0","0","0","0","0","0","0","0","0","0","0","0","0","0","0","0","0","0","0","0","0","0","0","0","0","0","0","0","0","0","0","0","0","0","0","0","0","0","0","0","0","0"
"00002942","신창용수마을","00000102","수완12","20221003","4","2","3","2","4","2","3","2","0","0","0","0","0","0","0","0","0","0","1","0","0","0","1","0","0","0","0","0","0","0","0","0","0","0","0","0","0","0","0","0","0","0","0","0","0","0","0","0"
"00002945","광주은행양산동지점","00000017","첨단30","20221003","4","8","11","8","4","8","8","8","0","0","2","0","0","0","1","0","0","1","3","1","0","1","2","1","0","0","0","0","0","0","1","0","0","0","0","0","0","0","0","0","0","0","0","0","0","0","0","0"
"00002945","광주은행양산동지점","00000032","금남57","20221003","0","2","1","2","0","2","0","2","0","0","0","0","0","0","1","0","1","2","1","2","1","2","1","2","0","0","0","0","0","0","0","0","5","1","0","1","5","1","0","1","0","0","0","0","0","0","0","0"
"00002945","광주은행양산동지점","00000056","용전85","20221003","0","0","0","0","0","0","0","0","0","0","0","0","0","0","0","0","1","1","2","1","1","0","2","0","0","0","0","0","0","1","0","1","0","0","0","0","0","0","0","0","0","0","0","0","0","0","0","0"
"00002945","광주은행양산동지점","00000096","일곡10","20221003","2","3","3","3","1","3","2","3","0","0","0","0","1","0","1","0","4","1","7","1","4","1","3","1","0","0","1","0","0","0","3","0","0","0","0","0","0","0","0","0","0","0","0","0","0","0","0","0"
"00002945","광주은행양산동지점","00000213","마을788","20221003","2","2","5","2","1","1","5","1","0","0","0","0","1","1","0","1","0","0","0","0","0","0","0","0","0","0","0","0","0","0","0","0","0","0","0","0","0","0","0","0","0","0","0","0","0","0","0","0"
"00002945","광주은행양산동지점","00000214","마을799","20221003","0","0","0","0","0","0","0","0","0","0","0","0","0","0","0","0","0","0","0","0","0","0","0","0","0","0","0","0","0","0","0","0","0","0","0","0","0","0","0","0","0","0","0","0","0","0","0","0"
"00002946","양지초교","00000017","첨단30","20221003","5","8","7","8","4","7","7","7","0","0","0","0","1","1","0","1","1","0","0","0","1","0","0","0","0","0","0","0","0","0","0","0","0","0","0","0","0","0","0","0","0","0","0","0","0","0","0","0"
"00002946","양지초교","00000096","일곡10","20221003","3","2","2","2","2","1","2","1","0","0","0","0","1","1","0","1","0","0","0","0","0","0","0","0","0","0","0","0","0","0","0","0","0","0","0","0","0","0","0","0","0","0","0","0","0","0","0","0"
"00002946","양지초교","00000213","마을788","20221003","2","4","3","4","2","3","3","3","0","0","0","0","0","1","0","1","0","0","0","0","0","0","0","0","0","0","0","0","0","0","0","0","0","0","0","0","0","0","0","0","0","0","0","0","0","0","0","0"
"00002947","동아제약","00000017","첨단30","20221003","1","1","1","1","0","1","0","1","0","0","0","0","1","0","1","0","1","1","1","1","1","1","1","1","0","0","0","0","0","0","0","0","0","0","0","0","0","0","0","0","0","0","0","0","0","0","0","0"
"00002947","동아제약","00000120","양산60","20221003","4","4","3","4","3","4","3","4","0","0","0","0","1","0","0","0","0","0","0","0","0","0","0","0","0","0","0","0","0","0","0","0","1","0","0","0","1","0","0","0","0","0","0","0","0","0","0","0"
"00002947","동아제약","00000213","마을788","20221003","2","0","2","0","1","0","2","0","0","0","0","0","1","0","0","0","0","0","1","0","0","0","1","0","0","0","0","0","0","0","0","0","0","0","0","0","0","0","0","0","0","0","0","0","0","0","0","0"
"00002948","동아제약","00000017","첨단30","20221003","1","1","4","1","1","1","2","1","0","0","0","0","0","0","2","0","0","0","0","0","0","0","0","0","0","0","0","0","0","0","0","0","0","0","0","0","0","0","0","0","0","0","0","0","0","0","0","0"
"00002948","동아제약","00000120","양산60","20221003","0","0","0","0","0","0","0","0","0","0","0","0","0","0","0","0","0","0","1","0","0","0","1","0","0","0","0","0","0","0","0","0","0","0","0","0","0","0","0","0","0","0","0","0","0","0","0","0"
"00002948","동아제약","00000213","마을788","20221003","1","0","0","0","1","0","0","0","0","0","0","0","0","0","0","0","0","0","1","0","0","0","1","0","0","0","0","0","0","0","0","0","0","0","0","0","0","0","0","0","0","0","0","0","0","0","0","0"
"00002949","양지초교","00000017","첨단30","20221003","2","6","1","6","2","6","1","6","0","0","0","0","0","0","0","0","1","0","1","0","1","0","1","0","0","0","0","0","0","0","0","0","0","0","0","0","0","0","0","0","0","0","0","0","0","0","0","0"
"00002949","양지초교","00000096","일곡10","20221003","4","5","0","5","4","4","0","4","0","0","0","0","0","1","0","1","1","0","1","0","1","0","1","0","0","0","0","0","0","0","0","0","0","0","0","0","0","0","0","0","0","0","0","0","0","0","0","0"
"00002949","양지초교","00000213","마을788","20221003","2","3","0","3","2","3","0","3","0","0","0","0","0","0","0","0","0","0","0","0","0","0","0","0","0","0","0","0","0","0","0","0","0","0","0","0","0","0","0","0","0","0","0","0","0","0","0","0"
"00002950","광주은행양산동지점","00000017","첨단30","20221003","5","3","2","3","4","2","2","2","0","0","0","0","1","1","0","1","1","3","1","3","1","3","1","3","0","0","0","0","0","0","0","0","0","0","1","0","0","0","1","0","0","0","0","0","0","0","0","0"
"00002950","광주은행양산동지점","00000032","금남57","20221003","3","11","4","11","3","7","3","7","0","1","0","1","0","3","1","3","1","0","0","0","1","0","0","0","0","0","0","0","0","0","0","0","0","1","1","1","0","1","1","1","0","0","0","0","0","0","0","0"
"00002950","광주은행양산동지점","00000056","용전85","20221003","2","3","1","3","0","2","1","2","0","0","0","0","2","1","0","1","1","0","1","0","1","0","1","0","0","0","0","0","0","0","0","0","0","0","1","0","0","0","1","0","0","0","0","0","0","0","0","0"
"00002950","광주은행양산동지점","00000096","일곡10","20221003","0","1","7","1","0","0","6","0","0","0","0","0","0","1","1","1","0","1","1","1","0","1","1","1","0","0","0","0","0","0","0","0","0","1","1","1","0","0","1","0","0","0","0","0","0","1","0","1"
"00002950","광주은행양산동지점","00000213","마을788","20221003","1","1","0","1","1","1","0","1","0","0","0","0","0","0","0","0","1","0","0","0","1","0","0","0","0","0","0","0","0","0","0","0","0","0","0","0","0","0","0","0","0","0","0","0","0","0","0","0"
"00002950","광주은행양산동지점","00000214","마을799","20221003","0","0","0","0","0","0","0","0","0","0","0","0","0","0","0","0","0","0","0","0","0","0","0","0","0","0","0","0","0","0","0","0","0","0","0","0","0","0","0","0","0","0","0","0","0","0","0","0"
"00002951","자연과학고","00000010","송정19","20221003","0","2","0","2","0","2","0","2","0","0","0","0","0","0","0","0","3","1","1","1","3","1","1","1","0","0","0","0","0","0","0","0","0","0","0","0","0","0","0","0","0","0","0","0","0","0","0","0"
"00002951","자연과학고","00000018","운림35","20221003","0","1","0","1","0","1","0","1","0","0","0","0","0","0","0","0","2","0","1","0","2","0","1","0","0","0","0","0","0","0","0","0","0","0","0","0","0","0","0","0","0","0","0","0","0","0","0","0"
"00002951","자연과학고","00000057","용전86","20221003","0","0","0","0","0","0","0","0","0","0","0","0","0","0","0","0","1","0","0","0","1","0","0","0","0","0","0","0","0","0","0","0","0","0","0","0","0","0","0","0","0","0","0","0","0","0","0","0"
"00002951","자연과학고","00000117","첨단23","20221003","0","0","0","0","0","0","0","0","0","0","0","0","0","0","0","0","2","1","1","1","1","1","1","1","0","0","0","0","1","0","0","0","0","0","0","0","0","0","0","0","0","0","0","0","0","0","0","0"
"00002951","자연과학고","00000118","문흥53","20221003","0","0","1","0","0","0","1","0","0","0","0","0","0","0","0","0","0","0","3","0","0","0","2","0","0","0","0","0","0","0","1","0","0","0","0","0","0","0","0","0","0","0","0","0","0","0","0","0"
"00002952","문흥금호아파트","00000009","문흥18","20221003","2","1","0","1","2","0","0","0","0","0","0","0","0","1","0","1","0","0","0","0","0","0","0","0","0","0","0","0","0","0","0","0","0","0","0","0","0","0","0","0","0","0","0","0","0","0","0","0"
"00002952","문흥금호아파트","00000018","운림35","20221003","1","0","0","0","1","0","0","0","0","0","0","0","0","0","0","0","0","0","0","0","0","0","0","0","0","0","0","0","0","0","0","0","0","0","0","0","0","0","0","0","0","0","0","0","0","0","0","0"
"00002952","문흥금호아파트","00000118","문흥53","20221003","1","1","0","1","1","1","0","1","0","0","0","0","0","0","0","0","0","0","0","0","0","0","0","0","0","0","0","0","0","0","0","0","0","0","0","0","0","0","0","0","0","0","0","0","0","0","0","0"
"00002953","대인광장(서)","00000019","봉선37","20221003","1","0","4","0","1","0","4","0","0","0","0","0","0","0","0","0","0","2","1","2","0","2","1","2","0","0","0","0","0","0","0","0","0","0","0","0","0","0","0","0","0","0","0","0","0","0","0","0"
"00002955","풍암사거리(동)","00000003","매월06","20221003","3","0","0","0","3","0","0","0","0","0","0","0","0","0","0","0","3","1","0","1","3","1","0","1","0","0","0","0","0","0","0","0","1","1","0","1","1","1","0","1","0","0","0","0","0","0","0","0"
"00002955","풍암사거리(동)","00000008","진월17","20221003","6","4","3","4","5","3","1","3","0","0","0","0","1","1","2","1","0","0","0","0","0","0","0","0","0","0","0","0","0","0","0","0","1","1","4","1","1","1","2","1","0","0","1","0","0","0","1","0"
"00002955","풍암사거리(동)","00000013","매월26","20221003","0","1","0","1","0","1","0","1","0","0","0","0","0","0","0","0","2","2","1","2","2","2","1","2","0","0","0","0","0","0","0","0","1","1","0","1","1","1","0","1","0","0","0","0","0","0","0","0"
"00002955","풍암사거리(동)","00000024","송암47","20221003","3","0","0","0","3","0","0","0","0","0","0","0","0","0","0","0","2","1","0","1","2","1","0","1","0","0","0","0","0","0","0","0","0","3","0","3","0","3","0","3","0","0","0","0","0","0","0","0"
"00002955","풍암사거리(동)","00000034","금남59","20221003","1","0","0","0","1","0","0","0","0","0","0","0","0","0","0","0","0","0","1","0","0","0","1","0","0","0","0","0","0","0","0","0","0","0","0","0","0","0","0","0","0","0","0","0","0","0","0","0"
"00002955","풍암사거리(동)","00000035","매월61(칠석)","20221003","0","2","0","2","0","2","0","2","0","0","0","0","0","0","0","0","0","0","1","0","0","0","1","0","0","0","0","0","0","0","0","0","1","0","0","0","1","0","0","0","0","0","0","0","0","0","0","0"
"00002955","풍암사거리(동)","00000043","송암72","20221003","1","2","0","2","1","2","0","2","0","0","0","0","0","0","0","0","0","0","0","0","0","0","0","0","0","0","0","0","0","0","0","0","0","0","0","0","0","0","0","0","0","0","0","0","0","0","0","0"
"00002955","풍암사거리(동)","00000048","진월77","20221003","0","0","0","0","0","0","0","0","0","0","0","0","0","0","0","0","0","0","0","0","0","0","0","0","0","0","0","0","0","0","0","0","0","0","0","0","0","0","0","0","0","0","0","0","0","0","0","0"
"00002955","풍암사거리(동)","00000049","진월78","20221003","0","0","0","0","0","0","0","0","0","0","0","0","0","0","0","0","1","0","0","0","1","0","0","0","0","0","0","0","0","0","0","0","0","0","0","0","0","0","0","0","0","0","0","0","0","0","0","0"
"00002957","풍암사거리(동)","00000003","매월06","20221003","5","9","5","9","5","7","4","7","0","2","0","2","0","0","1","0","2","0","0","0","2","0","0","0","0","0","0","0","0","0","0","0","1","0","3","0","1","0","3","0","0","0","0","0","0","0","0","0"
"00002957","풍암사거리(동)","00000008","진월17","20221003","1","3","1","3","1","0","1","0","0","2","0","2","0","1","0","1","3","1","4","1","3","1","3","1","0","0","0","0","0","0","1","0","0","2","0","2","0","1","0","1","0","1","0","1","0","0","0","0"
"00002957","풍암사거리(동)","00000013","매월26","20221003","10","14","11","14","10","10","10","10","0","2","0","2","0","2","1","2","0","0","0","0","0","0","0","0","0","0","0","0","0","0","0","0","0","4","1","4","0","3","1","3","0","0","0","0","0","1","0","1"
"00002957","풍암사거리(동)","00000024","송암47","20221003","0","0","2","0","0","0","2","0","0","0","0","0","0","0","0","0","1","1","1","1","1","1","1","1","0","0","0","0","0","0","0","0","0","0","2","0","0","0","2","0","0","0","0","0","0","0","0","0"
"00002957","풍암사거리(동)","00000034","금남59","20221003","2","1","2","1","2","1","2","1","0","0","0","0","0","0","0","0","0","0","0","0","0","0","0","0","0","0","0","0","0","0","0","0","0","2","1","2","0","2","1","2","0","0","0","0","0","0","0","0"
"00002957","풍암사거리(동)","00000035","매월61(칠석)","20221003","0","0","6","0","0","0","6","0","0","0","0","0","0","0","0","0","0","1","0","1","0","1","0","1","0","0","0","0","0","0","0","0","0","0","0","0","0","0","0","0","0","0","0","0","0","0","0","0"
"00002957","풍암사거리(동)","00000042","대촌71","20221003","0","0","0","0","0","0","0","0","0","0","0","0","0","0","0","0","0","0","0","0","0","0","0","0","0","0","0","0","0","0","0","0","0","0","0","0","0","0","0","0","0","0","0","0","0","0","0","0"
"00002957","풍암사거리(동)","00000043","송암72","20221003","2","1","4","1","2","1","4","1","0","0","0","0","0","0","0","0","0","0","0","0","0","0","0","0","0","0","0","0","0","0","0","0","0","0","0","0","0","0","0","0","0","0","0","0","0","0","0","0"
"00002957","풍암사거리(동)","00000048","진월77","20221003","0","0","1","0","0","0","1","0","0","0","0","0","0","0","0","0","0","0","0","0","0","0","0","0","0","0","0","0","0","0","0","0","0","0","0","0","0","0","0","0","0","0","0","0","0","0","0","0"
"00002957","풍암사거리(동)","00000049","진월78","20221003","1","0","1","0","1","0","1","0","0","0","0","0","0","0","0","0","0","0","0","0","0","0","0","0","0","0","0","0","0","0","0","0","0","0","0","0","0","0","0","0","0","0","0","0","0","0","0","0"
"00002957","풍암사거리(동)","00000201","마을760","20221003","4","7","4","7","4","4","3","4","0","2","0","2","0","1","1","1","0","0","1","0","0","0","1","0","0","0","0","0","0","0","0","0","0","0","0","0","0","0","0","0","0","0","0","0","0","0","0","0"
"00002958","동광주진입로","00000024","송암47","20221003","5","1","4","1","5","1","3","1","0","0","0","0","0","0","1","0","0","1","3","1","0","0","3","0","0","0","0","0","0","1","0","1","0","0","0","0","0","0","0","0","0","0","0","0","0","0","0","0"
"00002958","동광주진입로","00000058","석곡87","20221003","2","3","1","3","2","3","1","3","0","0","0","0","0","0","0","0","0","4","2","4","0","4","2","4","0","0","0","0","0","0","0","0","0","0","0","0","0","0","0","0","0","0","0","0","0","0","0","0"
"00002958","동광주진입로","00000076","두암181","20221003","0","1","0","1","0","1","0","1","0","0","0","0","0","0","0","0","0","0","0","0","0","0","0","0","0","0","0","0","0","0","0","0","0","0","0","0","0","0","0","0","0","0","0","0","0","0","0","0"
"00002958","동광주진입로","00000078","충효187","20221003","0","0","0","0","0","0","0","0","0","0","0","0","0","0","0","0","0","0","0","0","0","0","0","0","0","0","0","0","0","0","0","0","0","0","0","0","0","0","0","0","0","0","0","0","0","0","0","0"
"00002958","동광주진입로","00000086","518","20221003","0","1","4","1","0","1","4","1","0","0","0","0","0","0","0","0","0","1","1","1","0","1","1","1","0","0","0","0","0","0","0","0","0","0","1","0","0","0","1","0","0","0","0","0","0","0","0","0"
"00002959","동광주진입로","00000024","송암47","20221003","0","0","0","0","0","0","0","0","0","0","0","0","0","0","0","0","0","0","0","0","0","0","0","0","0","0","0","0","0","0","0","0","0","0","0","0","0","0","0","0","0","0","0","0","0","0","0","0"
"00002959","동광주진입로","00000030","금남55","20221003","0","0","0","0","0","0","0","0","0","0","0","0","0","0","0","0","1","0","0","0","1","0","0","0","0","0","0","0","0","0","0","0","0","0","0","0","0","0","0","0","0","0","0","0","0","0","0","0"
"00002959","동광주진입로","00000057","용전86","20221003","0","1","1","1","0","1","1","1","0","0","0","0","0","0","0","0","0","0","0","0","0","0","0","0","0","0","0","0","0","0","0","0","0","0","0","0","0","0","0","0","0","0","0","0","0","0","0","0"
"00002959","동광주진입로","00000058","석곡87","20221003","0","0","0","0","0","0","0","0","0","0","0","0","0","0","0","0","1","0","1","0","1","0","1","0","0","0","0","0","0","0","0","0","0","0","0","0","0","0","0","0","0","0","0","0","0","0","0","0"
"00002959","동광주진입로","00000078","충효187","20221003","0","0","0","0","0","0","0","0","0","0","0","0","0","0","0","0","0","0","1","0","0","0","1","0","0","0","0","0","0","0","0","0","0","0","0","0","0","0","0","0","0","0","0","0","0","0","0","0"
"00002959","동광주진입로","00000086","518","20221003","0","0","0","0","0","0","0","0","0","0","0","0","0","0","0","0","0","0","1","0","0","0","1","0","0","0","0","0","0","0","0","0","0","0","0","0","0","0","0","0","0","0","0","0","0","0","0","0"
"00002959","동광주진입로","00000088","금호36","20221003","0","0","0","0","0","0","0","0","0","0","0","0","0","0","0","0","3","2","1","2","3","1","1","1","0","0","0","0","0","1","0","1","0","0","0","0","0","0","0","0","0","0","0","0","0","0","0","0"
"00002959","동광주진입로","00000091","송암74","20221003","0","0","0","0","0","0","0","0","0","0","0","0","0","0","0","0","3","0","0","0","3","0","0","0","0","0","0","0","0","0","0","0","0","0","0","0","0","0","0","0","0","0","0","0","0","0","0","0"
"00002959","동광주진입로","00000117","첨단23","20221003","1","0","2","0","1","0","2","0","0","0","0","0","0","0","0","0","0","0","0","0","0","0","0","0","0","0","0","0","0","0","0","0","0","0","1","0","0","0","1","0","0","0","0","0","0","0","0","0"
"00002960","농산물공판장","00000003","매월06","20221003","11","21","17","21","10","19","17","19","0","1","0","1","1","1","0","1","0","2","1","2","0","1","1","1","0","0","0","0","0","1","0","1","1","1","1","1","1","1","1","1","0","0","0","0","0","0","0","0"
"00002960","농산물공판장","00000024","송암47","20221003","6","10","9","10","6","10","9","10","0","0","0","0","0","0","0","0","0","0","0","0","0","0","0","0","0","0","0","0","0","0","0","0","0","1","3","1","0","1","3","1","0","0","0","0","0","0","0","0"
"00002960","농산물공판장","00000030","금남55","20221003","1","3","1","3","1","3","1","3","0","0","0","0","0","0","0","0","0","0","0","0","0","0","0","0","0","0","0","0","0","0","0","0","0","0","0","0","0","0","0","0","0","0","0","0","0","0","0","0"
"00002960","농산물공판장","00000057","용전86","20221003","0","0","0","0","0","0","0","0","0","0","0","0","0","0","0","0","0","1","0","1","0","1","0","1","0","0","0","0","0","0","0","0","0","0","0","0","0","0","0","0","0","0","0","0","0","0","0","0"
"00002960","농산물공판장","00000058","석곡87","20221003","2","1","1","1","2","1","1","1","0","0","0","0","0","0","0","0","0","0","0","0","0","0","0","0","0","0","0","0","0","0","0","0","0","0","0","0","0","0","0","0","0","0","0","0","0","0","0","0"
"00002960","농산물공판장","00000076","두암181","20221003","0","0","0","0","0","0","0","0","0","0","0","0","0","0","0","0","0","0","1","0","0","0","1","0","0","0","0","0","0","0","0","0","0","0","0","0","0","0","0","0","0","0","0","0","0","0","0","0"
"00002960","농산물공판장","00000078","충효187","20221003","4","1","3","1","4","1","3","1","0","0","0","0","0","0","0","0","0","0","0","0","0","0","0","0","0","0","0","0","0","0","0","0","0","1","0","1","0","1","0","1","0","0","0","0","0","0","0","0"
"00002960","농산물공판장","00000086","518","20221003","2","1","4","1","2","1","3","1","0","0","1","0","0","0","0","0","0","1","0","1","0","1","0","1","0","0","0","0","0","0","0","0","1","0","0","0","1","0","0","0","0","0","0","0","0","0","0","0"
"00002960","농산물공판장","00000088","금호36","20221003","5","14","13","14","5","14","13","14","0","0","0","0","0","0","0","0","0","0","0","0","0","0","0","0","0","0","0","0","0","0","0","0","3","2","3","2","3","2","3","2","0","0","0","0","0","0","0","0"
"00002960","농산물공판장","00000091","송암74","20221003","3","6","3","6","3","6","3","6","0","0","0","0","0","0","0","0","0","0","0","0","0","0","0","0","0","0","0","0","0","0","0","0","0","0","1","0","0","0","1","0","0","0","0","0","0","0","0","0"
"00002960","농산물공판장","00000117","첨단23","20221003","0","0","0","0","0","0","0","0","0","0","0","0","0","0","0","0","5","8","0","8","5","8","0","8","0","0","0","0","0","0","0","0","0","0","0","0","0","0","0","0","0","0","0","0","0","0","0","0"
"00002961","농산물공판장","00000003","매월06","20221003","0","1","1","1","0","1","1","1","0","0","0","0","0","0","0","0","1","1","4","1","1","1","4","1","0","0","0","0","0","0","0","0","0","0","0","0","0","0","0","0","0","0","0","0","0","0","0","0"
"00002961","농산물공판장","00000024","송암47","20221003","0","0","0","0","0","0","0","0","0","0","0","0","0","0","0","0","1","3","0","3","1","3","0","3","0","0","0","0","0","0","0","0","0","0","0","0","0","0","0","0","0","0","0","0","0","0","0","0"
"00002961","농산물공판장","00000030","금남55","20221003","0","0","0","0","0","0","0","0","0","0","0","0","0","0","0","0","1","0","2","0","1","0","2","0","0","0","0","0","0","0","0","0","0","0","0","0","0","0","0","0","0","0","0","0","0","0","0","0"
"00002961","농산물공판장","00000057","용전86","20221003","2","1","5","1","2","0","4","0","0","0","0","0","0","1","1","1","0","0","0","0","0","0","0","0","0","0","0","0","0","0","0","0","0","0","0","0","0","0","0","0","0","0","0","0","0","0","0","0"
"00002961","농산물공판장","00000058","석곡87","20221003","1","0","1","0","1","0","1","0","0","0","0","0","0","0","0","0","0","0","0","0","0","0","0","0","0","0","0","0","0","0","0","0","1","2","0","2","1","2","0","2","0","0","0","0","0","0","0","0"
"00002961","농산물공판장","00000076","두암181","20221003","0","0","0","0","0","0","0","0","0","0","0","0","0","0","0","0","0","0","0","0","0","0","0","0","0","0","0","0","0","0","0","0","1","0","0","0","1","0","0","0","0","0","0","0","0","0","0","0"
"00002961","농산물공판장","00000078","충효187","20221003","0","0","0","0","0","0","0","0","0","0","0","0","0","0","0","0","0","0","0","0","0","0","0","0","0","0","0","0","0","0","0","0","0","0","0","0","0","0","0","0","0","0","0","0","0","0","0","0"
"00002961","농산물공판장","00000086","518","20221003","2","0","0","0","2","0","0","0","0","0","0","0","0","0","0","0","0","3","0","3","0","3","0","3","0","0","0","0","0","0","0","0","2","0","0","0","2","0","0","0","0","0","0","0","0","0","0","0"
"00002961","농산물공판장","00000088","금호36","20221003","0","0","0","0","0","0","0","0","0","0","0","0","0","0","0","0","5","4","1","4","5","4","1","4","0","0","0","0","0","0","0","0","0","0","0","0","0","0","0","0","0","0","0","0","0","0","0","0"
"00002961","농산물공판장","00000091","송암74","20221003","0","0","0","0","0","0","0","0","0","0","0","0","0","0","0","0","1","2","0","2","1","1","0","1","0","0","0","0","0","1","0","1","0","0","0","0","0","0","0","0","0","0","0","0","0","0","0","0"
"00002961","농산물공판장","00000117","첨단23","20221003","11","11","6","11","11","10","6","10","0","0","0","0","0","1","0","1","0","0","0","0","0","0","0","0","0","0","0","0","0","0","0","0","2","3","2","3","2","2","2","2","0","0","0","0","0","1","0","1"
"00002962","문흥지구입구(남)","00000003","매월06","20221003","10","6","9","6","8","5","8","5","1","0","0","0","1","1","1","1","0","0","0","0","0","0","0","0","0","0","0","0","0","0","0","0","1","0","2","0","1","0","2","0","0","0","0","0","0","0","0","0"
"00002962","문흥지구입구(남)","00000024","송암47","20221003","4","4","8","4","4","3","8","3","0","0","0","0","0","1","0","1","1","0","0","0","1","0","0","0","0","0","0","0","0","0","0","0","0","0","0","0","0","0","0","0","0","0","0","0","0","0","0","0"
"00002962","문흥지구입구(남)","00000030","금남55","20221003","0","0","1","0","0","0","1","0","0","0","0","0","0","0","0","0","0","0","0","0","0","0","0","0","0","0","0","0","0","0","0","0","0","0","0","0","0","0","0","0","0","0","0","0","0","0","0","0"
"00002962","문흥지구입구(남)","00000058","석곡87","20221003","1","2","1","2","1","1","0","1","0","0","0","0","0","1","1","1","1","0","0","0","1","0","0","0","0","0","0","0","0","0","0","0","0","0","0","0","0","0","0","0","0","0","0","0","0","0","0","0"
"00002962","문흥지구입구(남)","00000076","두암181","20221003","0","0","0","0","0","0","0","0","0","0","0","0","0","0","0","0","0","0","0","0","0","0","0","0","0","0","0","0","0","0","0","0","0","0","0","0","0","0","0","0","0","0","0","0","0","0","0","0"
"00002962","문흥지구입구(남)","00000078","충효187","20221003","1","1","0","1","1","1","0","1","0","0","0","0","0","0","0","0","0","0","0","0","0","0","0","0","0","0","0","0","0","0","0","0","0","0","0","0","0","0","0","0","0","0","0","0","0","0","0","0"
"00002962","문흥지구입구(남)","00000086","518","20221003","0","1","2","1","0","1","1","1","0","0","0","0","0","0","1","0","0","2","0","2","0","2","0","2","0","0","0","0","0","0","0","0","0","0","0","0","0","0","0","0","0","0","0","0","0","0","0","0"
"00002962","문흥지구입구(남)","00000088","금호36","20221003","0","3","5","3","0","3","3","3","0","0","0","0","0","0","2","0","0","0","0","0","0","0","0","0","0","0","0","0","0","0","0","0","0","0","3","0","0","0","3","0","0","0","0","0","0","0","0","0"
"00002962","문흥지구입구(남)","00000091","송암74","20221003","2","3","3","3","2","3","3","3","0","0","0","0","0","0","0","0","0","0","0","0","0","0","0","0","0","0","0","0","0","0","0","0","0","0","0","0","0","0","0","0","0","0","0","0","0","0","0","0"
"00002962","문흥지구입구(남)","00000117","첨단23","20221003","0","0","0","0","0","0","0","0","0","0","0","0","0","0","0","0","2","1","1","1","2","1","1","1","0","0","0","0","0","0","0","0","0","0","0","0","0","0","0","0","0","0","0","0","0","0","0","0"
"00002964","남구청","00000014","봉선27","20221003","4","6","5","6","4","6","3","6","0","0","0","0","0","0","2","0","2","1","1","1","2","1","1","1","0","0","0","0","0","0","0","0","8","3","5","3","8","3","5","3","0","0","0","0","0","0","0","0"
"00002964","남구청","00000015","일곡28","20221003","4","2","6","2","3","2","6","2","0","0","0","0","1","0","0","0","1","0","0","0","1","0","0","0","0","0","0","0","0","0","0","0","3","0","3","0","2","0","1","0","0","0","0","0","1","0","2","0"
"00002964","남구청","00000025","운림50","20221003","5","8","2","8","5","7","2","7","0","0","0","0","0","1","0","1","1","5","2","5","0","3","2","3","0","1","0","1","1","1","0","1","0","0","0","0","0","0","0","0","0","0","0","0","0","0","0","0"
"00002964","남구청","00000030","금남55","20221003","2","0","0","0","2","0","0","0","0","0","0","0","0","0","0","0","0","0","0","0","0","0","0","0","0","0","0","0","0","0","0","0","0","0","0","0","0","0","0","0","0","0","0","0","0","0","0","0"
"00002964","남구청","00000068","송정98","20221003","5","11","5","11","5","7","0","7","0","1","0","1","0","3","5","3","1","0","2","0","1","0","2","0","0","0","0","0","0","0","0","0","2","4","3","4","2","4","3","4","0","0","0","0","0","0","0","0"
"00002964","남구청","00000111","송암68","20221003","0","3","2","3","0","3","2","3","0","0","0","0","0","0","0","0","5","3","6","3","5","3","4","3","0","0","1","0","0","0","1","0","0","3","0","3","0","2","0","2","0","0","0","0","0","1","0","1"
"00002965","한국수자원공사","00000007","매월16","20221003","2","4","7","4","2","2","6","2","0","0","0","0","0","2","1","2","1","0","2","0","1","0","2","0","0","0","0","0","0","0","0","0","0","0","0","0","0","0","0","0","0","0","0","0","0","0","0","0"
"00002965","한국수자원공사","00000012","지원25","20221003","0","0","1","0","0","0","1","0","0","0","0","0","0","0","0","0","2","3","3","3","2","3","3","3","0","0","0","0","0","0","0","0","0","0","0","0","0","0","0","0","0","0","0","0","0","0","0","0"
"00002965","한국수자원공사","00000020","일곡38","20221003","0","0","0","0","0","0","0","0","0","0","0","0","0","0","0","0","1","2","0","2","1","2","0","2","0","0","0","0","0","0","0","0","0","0","0","0","0","0","0","0","0","0","0","0","0","0","0","0"
"00002965","한국수자원공사","00000038","상무64","20221003","0","0","0","0","0","0","0","0","0","0","0","0","0","0","0","0","0","1","0","1","0","0","0","0","0","1","0","1","0","0","0","0","0","0","0","0","0","0","0","0","0","0","0","0","0","0","0","0"
"00002965","한국수자원공사","00000086","518","20221003","0","0","0","0","0","0","0","0","0","0","0","0","0","0","0","0","2","1","0","1","2","0","0","0","0","1","0","1","0","0","0","0","0","0","0","0","0","0","0","0","0","0","0","0","0","0","0","0"
"00002965","한국수자원공사","00000095","금호46","20221003","3","1","2","1","3","1","2","1","0","0","0","0","0","0","0","0","2","4","2","4","2","4","2","4","0","0","0","0","0","0","0","0","0","0","0","0","0","0","0","0","0","0","0","0","0","0","0","0"
"00002965","한국수자원공사","00000109","좌석02","20221003","1","2","5","2","0","2","5","2","1","0","0","0","0","0","0","0","1","1","2","1","1","1","1","1","0","0","0","0","0","0","1","0","0","2","2","2","0","2","2","2","0","0","0","0","0","0","0","0"
"00002965","한국수자원공사","00000112","순환01(운천저수지)","20221003","3","9","19","9","3","9","12","9","0","0","1","0","0","0","6","0","2","0","1","0","2","0","1","0","0","0","0","0","0","0","0","0","2","1","1","1","2","1","1","1","0","0","0","0","0","0","0","0"
"00002965","한국수자원공사","00000116","첨단22","20221003","1","0","1","0","1","0","1","0","0","0","0","0","0","0","0","0","4","3","2","3","4","3","2","3","0","0","0","0","0","0","0","0","0","0","0","0","0","0","0","0","0","0","0","0","0","0","0","0"
"00002965","한국수자원공사","00000127","상무62","20221003","0","0","1","0","0","0","1","0","0","0","0","0","0","0","0","0","0","0","0","0","0","0","0","0","0","0","0","0","0","0","0","0","0","0","0","0","0","0","0","0","0","0","0","0","0","0","0","0"
"00002966","한국수자원공사","00000012","지원25","20221003","5","9","9","9","4","8","6","8","0","0","1","0","1","1","2","1","0","0","0","0","0","0","0","0","0","0","0","0","0","0","0","0","0","0","2","0","0","0","2","0","0","0","0","0","0","0","0","0"
"00002966","한국수자원공사","00000025","운림50","20221003","2","1","7","1","2","1","6","1","0","0","0","0","0","0","1","0","0","0","0","0","0","0","0","0","0","0","0","0","0","0","0","0","0","0","1","0","0","0","1","0","0","0","0","0","0","0","0","0"
"00002966","한국수자원공사","00000095","금호46","20221003","3","3","15","3","3","3","12","3","0","0","1","0","0","0","2","0","0","2","0","2","0","2","0","2","0","0","0","0","0","0","0","0","0","1","0","1","0","1","0","1","0","0","0","0","0","0","0","0"
"00002966","한국수자원공사","00000109","좌석02","20221003","8","10","6","10","8","10","6","10","0","0","0","0","0","0","0","0","1","0","4","0","1","0","4","0","0","0","0","0","0","0","0","0","0","0","0","0","0","0","0","0","0","0","0","0","0","0","0","0"
"00002966","한국수자원공사","00000115","선운14","20221003","0","2","12","2","0","2","8","2","0","0","0","0","0","0","4","0","0","0","2","0","0","0","1","0","0","0","0","0","0","0","1","0","0","2","0","2","0","2","0","2","0","0","0","0","0","0","0","0"
"00002966","한국수자원공사","00000116","첨단22","20221003","0","3","14","3","0","0","10","0","0","1","1","1","0","2","3","2","0","0","0","0","0","0","0","0","0","0","0","0","0","0","0","0","0","0","0","0","0","0","0","0","0","0","0","0","0","0","0","0"
"00002972","농성중흥파크","00000039","유덕65","20221003","0","0","1","0","0","0","1","0","0","0","0","0","0","0","0","0","0","0","0","0","0","0","0","0","0","0","0","0","0","0","0","0","0","0","0","0","0","0","0","0","0","0","0","0","0","0","0","0"
"00002973","농성중흥파크","00000039","유덕65","20221003","0","2","0","2","0","2","0","2","0","0","0","0","0","0","0","0","0","0","1","0","0","0","1","0","0","0","0","0","0","0","0","0","0","0","0","0","0","0","0","0","0","0","0","0","0","0","0","0"
"00002973","농성중흥파크","00000201","마을760","20221003","0","1","0","1","0","1","0","1","0","0","0","0","0","0","0","0","0","1","0","1","0","1","0","1","0","0","0","0","0","0","0","0","0","0","0","0","0","0","0","0","0","0","0","0","0","0","0","0"
"00002975","사직공원앞","00000030","금남55","20221003","0","0","1","0","0","0","1","0","0","0","0","0","0","0","0","0","0","0","0","0","0","0","0","0","0","0","0","0","0","0","0","0","0","0","0","0","0","0","0","0","0","0","0","0","0","0","0","0"
"00002976","단사공원","00000106","두암81(무등파크)","20221003","0","2","5","2","0","2","5","2","0","0","0","0","0","0","0","0","0","0","0","0","0","0","0","0","0","0","0","0","0","0","0","0","0","0","0","0","0","0","0","0","0","0","0","0","0","0","0","0"
"00002976","단사공원","00000130","두암81","20221003","2","0","2","0","2","0","2","0","0","0","0","0","0","0","0","0","0","0","1","0","0","0","1","0","0","0","0","0","0","0","0","0","0","0","0","0","0","0","0","0","0","0","0","0","0","0","0","0"
"00002978","지산유원지입구","00000052","두암81(각화초교)","20221003","0","0","0","0","0","0","0","0","0","0","0","0","0","0","0","0","0","0","0","0","0","0","0","0","0","0","0","0","0","0","0","0","0","0","0","0","0","0","0","0","0","0","0","0","0","0","0","0"
"00002978","지산유원지입구","00000129","두암81(장등동)","20221003","0","1","0","1","0","1","0","1","0","0","0","0","0","0","0","0","0","1","0","1","0","1","0","1","0","0","0","0","0","0","0","0","0","0","0","0","0","0","0","0","0","0","0","0","0","0","0","0"
"00002979","매일시장입구","00000051","문흥80","20221003","5","6","3","6","5","5","3","5","0","0","0","0","0","1","0","1","1","0","0","0","1","0","0","0","0","0","0","0","0","0","0","0","0","0","0","0","0","0","0","0","0","0","0","0","0","0","0","0"
"00002979","매일시장입구","00000088","금호36","20221003","5","14","14","14","5","9","14","9","0","1","0","1","0","4","0","4","6","8","6","8","6","8","5","8","0","0","0","0","0","0","1","0","0","0","0","0","0","0","0","0","0","0","0","0","0","0","0","0"
"00002980","매일시장입구","00000051","문흥80","20221003","0","1","0","1","0","1","0","1","0","0","0","0","0","0","0","0","0","0","0","0","0","0","0","0","0","0","0","0","0","0","0","0","0","0","0","0","0","0","0","0","0","0","0","0","0","0","0","0"
"00002980","매일시장입구","00000088","금호36","20221003","1","2","2","2","1","0","2","0","0","0","0","0","0","2","0","2","0","5","6","5","0","5","6","5","0","0","0","0","0","0","0","0","0","0","0","0","0","0","0","0","0","0","0","0","0","0","0","0"
"00002981","지산2동행정복지센터","00000052","두암81(각화초교)","20221003","0","1","0","1","0","1","0","1","0","0","0","0","0","0","0","0","0","0","0","0","0","0","0","0","0","0","0","0","0","0","0","0","0","0","0","0","0","0","0","0","0","0","0","0","0","0","0","0"
"00002981","지산2동행정복지센터","00000088","금호36","20221003","2","3","4","3","2","3","4","3","0","0","0","0","0","0","0","0","0","1","2","1","0","1","2","1","0","0","0","0","0","0","0","0","0","0","0","0","0","0","0","0","0","0","0","0","0","0","0","0"
"00002981","지산2동행정복지센터","00000129","두암81(장등동)","20221003","0","1","0","1","0","1","0","1","0","0","0","0","0","0","0","0","0","0","0","0","0","0","0","0","0","0","0","0","0","0","0","0","0","0","0","0","0","0","0","0","0","0","0","0","0","0","0","0"
"00002985","삼원맨션","00000031","419","20221003","0","0","0","0","0","0","0","0","0","0","0","0","0","0","0","0","0","0","2","0","0","0","2","0","0","0","0","0","0","0","0","0","0","0","0","0","0","0","0","0","0","0","0","0","0","0","0","0"
"00002985","삼원맨션","00000054","용봉83","20221003","1","0","0","0","1","0","0","0","0","0","0","0","0","0","0","0","1","2","1","2","1","2","1","2","0","0","0","0","0","0","0","0","0","0","0","0","0","0","0","0","0","0","0","0","0","0","0","0"
"00002986","진흥고","00000092","첨단40","20221003","0","0","0","0","0","0","0","0","0","0","0","0","0","0","0","0","0","0","1","0","0","0","1","0","0","0","0","0","0","0","0","0","0","0","0","0","0","0","0","0","0","0","0","0","0","0","0","0"
"00002986","진흥고","00000125","선운101","20221003","0","2","0","2","0","2","0","2","0","0","0","0","0","0","0","0","0","0","0","0","0","0","0","0","0","0","0","0","0","0","0","0","0","0","0","0","0","0","0","0","0","0","0","0","0","0","0","0"
"00002987","양산호반2차","00000032","금남57","20221003","6","1","3","1","3","1","3","1","0","0","0","0","3","0","0","0","0","1","1","1","0","0","1","0","0","0","0","0","0","1","0","1","0","0","0","0","0","0","0","0","0","0","0","0","0","0","0","0"
"00002987","양산호반2차","00000056","용전85","20221003","0","0","0","0","0","0","0","0","0","0","0","0","0","0","0","0","1","0","0","0","1","0","0","0","0","0","0","0","0","0","0","0","0","0","0","0","0","0","0","0","0","0","0","0","0","0","0","0"
"00002987","양산호반2차","00000120","양산60","20221003","2","0","0","0","1","0","0","0","0","0","0","0","1","0","0","0","1","0","2","0","0","0","2","0","0","0","0","0","1","0","0","0","0","0","0","0","0","0","0","0","0","0","0","0","0","0","0","0"
"00002988","양산호반2차","00000032","금남57","20221003","17","19","24","19","13","14","19","14","0","2","1","2","4","3","4","3","0","0","0","0","0","0","0","0","0","0","0","0","0","0","0","0","0","0","0","0","0","0","0","0","0","0","0","0","0","0","0","0"
"00002988","양산호반2차","00000056","용전85","20221003","0","5","2","5","0","5","2","5","0","0","0","0","0","0","0","0","0","0","0","0","0","0","0","0","0","0","0","0","0","0","0","0","0","0","1","0","0","0","1","0","0","0","0","0","0","0","0","0"
"00002988","양산호반2차","00000120","양산60","20221003","14","7","9","7","11","6","6","6","1","0","2","0","2","1","1","1","0","1","1","1","0","1","1","1","0","0","0","0","0","0","0","0","0","0","0","0","0","0","0","0","0","0","0","0","0","0","0","0"
"00002988","양산호반2차","00000214","마을799","20221003","0","1","0","1","0","1","0","1","0","0","0","0","0","0","0","0","0","0","0","0","0","0","0","0","0","0","0","0","0","0","0","0","0","0","0","0","0","0","0","0","0","0","0","0","0","0","0","0"
"00002989","동림교","00000017","첨단30","20221003","0","0","0","0","0","0","0","0","0","0","0","0","0","0","0","0","1","0","3","0","1","0","3","0","0","0","0","0","0","0","0","0","0","0","0","0","0","0","0","0","0","0","0","0","0","0","0","0"
"00002989","동림교","00000033","금남58","20221003","0","0","0","0","0","0","0","0","0","0","0","0","0","0","0","0","0","0","1","0","0","0","1","0","0","0","0","0","0","0","0","0","0","0","0","0","0","0","0","0","0","0","0","0","0","0","0","0"
"00002989","동림교","00000122","228(화순전대병원)","20221003","0","0","0","0","0","0","0","0","0","0","0","0","0","0","0","0","0","1","1","1","0","1","1","1","0","0","0","0","0","0","0","0","0","0","0","0","0","0","0","0","0","0","0","0","0","0","0","0"
"00002989","동림교","00000214","마을799","20221003","0","1","0","1","0","0","0","0","0","0","0","0","0","1","0","1","0","0","0","0","0","0","0","0","0","0","0","0","0","0","0","0","0","0","0","0","0","0","0","0","0","0","0","0","0","0","0","0"
"00002990","운암초교","00000009","문흥18","20221003","3","10","19","10","3","8","14","8","0","0","0","0","0","2","5","2","0","2","5","2","0","2","2","2","0","0","0","0","0","0","3","0","7","2","5","2","7","2","5","2","0","0","0","0","0","0","0","0"
"00002990","운암초교","00000033","금남58","20221003","4","5","5","5","4","4","2","4","0","0","1","0","0","1","2","1","0","1","4","1","0","1","3","1","0","0","0","0","0","0","1","0","1","0","0","0","1","0","0","0","0","0","0","0","0","0","0","0"
"00002990","운암초교","00000037","상무63","20221003","3","8","2","8","3","5","1","5","0","1","0","1","0","2","1","2","2","1","0","1","0","1","0","1","1","0","0","0","1","0","0","0","0","0","1","0","0","0","1","0","0","0","0","0","0","0","0","0"
"00002990","운암초교","00000098","수완49","20221003","2","1","3","1","2","1","3","1","0","0","0","0","0","0","0","0","0","0","1","0","0","0","0","0","0","0","0","0","0","0","1","0","0","0","1","0","0","0","1","0","0","0","0","0","0","0","0","0"
"00002990","운암초교","00000120","양산60","20221003","2","2","2","2","2","2","2","2","0","0","0","0","0","0","0","0","0","2","1","2","0","2","1","2","0","0","0","0","0","0","0","0","0","3","0","3","0","2","0","2","0","0","0","0","0","1","0","1"
"00002990","운암초교","00000211","마을777(우치공원)","20221003","1","5","7","5","1","4","5","4","0","0","0","0","0","1","2","1","0","1","1","1","0","1","0","1","0","0","1","0","0","0","0","0","1","0","0","0","1","0","0","0","0","0","0","0","0","0","0","0"
"00002991","운암초교","00000009","문흥18","20221003","12","14","5","14","12","13","5","13","0","0","0","0","0","1","0","1","5","10","6","10","4","10","5","10","0","0","0","0","1","0","1","0","0","1","0","1","0","1","0","1","0","0","0","0","0","0","0","0"
"00002991","운암초교","00000033","금남58","20221003","7","12","2","12","7","11","2","11","0","0","0","0","0","1","0","1","6","2","3","2","6","1","1","1","0","0","1","0","0","1","1","1","1","0","0","0","1","0","0","0","0","0","0","0","0","0","0","0"
"00002991","운암초교","00000037","상무63","20221003","1","2","0","2","1","2","0","2","0","0","0","0","0","0","0","0","2","0","0","0","2","0","0","0","0","0","0","0","0","0","0","0","0","0","0","0","0","0","0","0","0","0","0","0","0","0","0","0"
"00002991","운암초교","00000079","첨단192","20221003","0","0","1","0","0","0","1","0","0","0","0","0","0","0","0","0","0","1","0","1","0","1","0","1","0","0","0","0","0","0","0","0","0","0","0","0","0","0","0","0","0","0","0","0","0","0","0","0"
"00002991","운암초교","00000098","수완49","20221003","2","0","3","0","2","0","3","0","0","0","0","0","0","0","0","0","1","0","0","0","0","0","0","0","0","0","0","0","1","0","0","0","1","0","0","0","1","0","0","0","0","0","0","0","0","0","0","0"
"00002991","운암초교","00000120","양산60","20221003","3","5","2","5","3","5","2","5","0","0","0","0","0","0","0","0","0","0","0","0","0","0","0","0","0","0","0","0","0","0","0","0","0","0","1","0","0","0","1","0","0","0","0","0","0","0","0","0"
"00002991","운암초교","00000211","마을777(우치공원)","20221003","2","4","4","4","2","2","3","2","0","0","0","0","0","2","1","2","0","0","2","0","0","0","2","0","0","0","0","0","0","0","0","0","0","0","1","0","0","0","1","0","0","0","0","0","0","0","0","0"
"00002993","발산교(북)","00000055","용전84","20221003","1","0","0","0","1","0","0","0","0","0","0","0","0","0","0","0","0","0","0","0","0","0","0","0","0","0","0","0","0","0","0","0","0","0","0","0","0","0","0","0","0","0","0","0","0","0","0","0"
"00002993","발산교(북)","00000201","마을760","20221003","0","1","0","1","0","1","0","1","0","0","0","0","0","0","0","0","0","0","0","0","0","0","0","0","0","0","0","0","0","0","0","0","0","0","0","0","0","0","0","0","0","0","0","0","0","0","0","0"
"00002995","화훼단지","00000003","매월06","20221003","4","9","6","9","4","8","6","8","0","1","0","1","0","0","0","0","0","0","1","0","0","0","1","0","0","0","0","0","0","0","0","0","0","0","0","0","0","0","0","0","0","0","0","0","0","0","0","0"
"00002995","화훼단지","00000007","매월16","20221003","1","7","5","7","1","7","5","7","0","0","0","0","0","0","0","0","0","1","0","1","0","1","0","1","0","0","0","0","0","0","0","0","1","0","0","0","1","0","0","0","0","0","0","0","0","0","0","0"
"00002995","화훼단지","00000013","매월26","20221003","6","5","14","5","6","5","14","5","0","0","0","0","0","0","0","0","0","0","0","0","0","0","0","0","0","0","0","0","0","0","0","0","1","0","0","0","1","0","0","0","0","0","0","0","0","0","0","0"
"00002995","화훼단지","00000015","일곡28","20221003","4","0","7","0","4","0","7","0","0","0","0","0","0","0","0","0","0","0","0","0","0","0","0","0","0","0","0","0","0","0","0","0","0","0","0","0","0","0","0","0","0","0","0","0","0","0","0","0"
"00002995","화훼단지","00000034","금남59","20221003","0","2","4","2","0","2","4","2","0","0","0","0","0","0","0","0","0","0","0","0","0","0","0","0","0","0","0","0","0","0","0","0","0","0","0","0","0","0","0","0","0","0","0","0","0","0","0","0"
"00002995","화훼단지","00000042","대촌71","20221003","0","0","1","0","0","0","1","0","0","0","0","0","0","0","0","0","0","0","0","0","0","0","0","0","0","0","0","0","0","0","0","0","0","0","0","0","0","0","0","0","0","0","0","0","0","0","0","0"
"00002995","화훼단지","00000048","진월77","20221003","0","2","1","2","0","2","1","2","0","0","0","0","0","0","0","0","0","0","0","0","0","0","0","0","0","0","0","0","0","0","0","0","0","0","0","0","0","0","0","0","0","0","0","0","0","0","0","0"
"00002996","동천동행정복지센터","00000017","첨단30","20221003","0","0","2","0","0","0","1","0","0","0","0","0","0","0","1","0","0","0","1","0","0","0","1","0","0","0","0","0","0","0","0","0","2","1","2","1","2","0","2","0","0","0","0","0","0","1","0","1"
"00002996","동천동행정복지센터","00000036","상무62(상무역행)","20221003","0","0","0","0","0","0","0","0","0","0","0","0","0","0","0","0","1","0","0","0","1","0","0","0","0","0","0","0","0","0","0","0","0","0","0","0","0","0","0","0","0","0","0","0","0","0","0","0"
"00002996","동천동행정복지센터","00000037","상무63","20221003","0","3","0","3","0","0","0","0","0","3","0","3","0","0","0","0","0","1","0","1","0","1","0","1","0","0","0","0","0","0","0","0","0","0","0","0","0","0","0","0","0","0","0","0","0","0","0","0"
"00002996","동천동행정복지센터","00000071","228(구151화순사평)","20221003","0","0","0","0","0","0","0","0","0","0","0","0","0","0","0","0","1","0","0","0","1","0","0","0","0","0","0","0","0","0","0","0","1","0","0","0","1","0","0","0","0","0","0","0","0","0","0","0"
"00002996","동천동행정복지센터","00000090","문흥39","20221003","0","1","2","1","0","1","2","1","0","0","0","0","0","0","0","0","0","2","5","2","0","2","5","2","0","0","0","0","0","0","0","0","1","0","0","0","1","0","0","0","0","0","0","0","0","0","0","0"
"00002996","동천동행정복지센터","00000116","첨단22","20221003","2","3","3","3","2","3","3","3","0","0","0","0","0","0","0","0","0","2","2","2","0","2","1","2","0","0","0","0","0","0","1","0","1","1","1","1","1","0","0","0","0","0","0","0","0","1","1","1"
"00002996","동천동행정복지센터","00000122","228(화순전대병원)","20221003","0","3","3","3","0","0","2","0","0","1","0","1","0","2","1","2","0","0","0","0","0","0","0","0","0","0","0","0","0","0","0","0","0","0","6","0","0","0","4","0","0","0","0","0","0","0","2","0"
"00002996","동천동행정복지센터","00000214","마을799","20221003","0","0","1","0","0","0","1","0","0","0","0","0","0","0","0","0","0","0","0","0","0","0","0","0","0","0","0","0","0","0","0","0","0","2","0","2","0","1","0","1","0","0","0","0","0","1","0","1"
"00002997","동천동행정복지센터","00000017","첨단30","20221003","5","3","5","3","5","3","3","3","0","0","0","0","0","0","2","0","1","3","1","3","1","0","1","0","0","3","0","3","0","0","0","0","1","2","0","2","1","2","0","2","0","0","0","0","0","0","0","0"
"00002997","동천동행정복지센터","00000037","상무63","20221003","2","1","3","1","1","1","2","1","0","0","0","0","1","0","1","0","0","1","0","1","0","1","0","1","0","0","0","0","0","0","0","0","0","0","0","0","0","0","0","0","0","0","0","0","0","0","0","0"
"00002997","동천동행정복지센터","00000071","228(구151화순사평)","20221003","0","0","0","0","0","0","0","0","0","0","0","0","0","0","0","0","1","0","0","0","1","0","0","0","0","0","0","0","0","0","0","0","0","0","0","0","0","0","0","0","0","0","0","0","0","0","0","0"
"00002997","동천동행정복지센터","00000090","문흥39","20221003","2","6","3","6","2","4","3","4","0","0","0","0","0","2","0","2","0","0","0","0","0","0","0","0","0","0","0","0","0","0","0","0","0","0","0","0","0","0","0","0","0","0","0","0","0","0","0","0"
"00002997","동천동행정복지센터","00000116","첨단22","20221003","6","7","8","7","5","6","6","6","0","0","0","0","1","1","2","1","3","1","1","1","3","1","1","1","0","0","0","0","0","0","0","0","0","0","0","0","0","0","0","0","0","0","0","0","0","0","0","0"
"00002997","동천동행정복지센터","00000122","228(화순전대병원)","20221003","1","1","6","1","1","1","6","1","0","0","0","0","0","0","0","0","0","1","1","1","0","0","1","0","0","0","0","0","0","1","0","1","0","1","1","1","0","1","1","1","0","0","0","0","0","0","0","0"
"00002997","동천동행정복지센터","00000127","상무62","20221003","2","1","2","1","1","0","2","0","0","0","0","0","1","1","0","1","0","0","0","0","0","0","0","0","0","0","0","0","0","0","0","0","0","0","1","0","0","0","1","0","0","0","0","0","0","0","0","0"
"00002997","동천동행정복지센터","00000214","마을799","20221003","0","1","2","1","0","0","2","0","0","0","0","0","0","1","0","1","0","0","0","0","0","0","0","0","0","0","0","0","0","0","0","0","0","0","0","0","0","0","0","0","0","0","0","0","0","0","0","0"
"00002998","비엔날레전시관","00000031","419","20221003","0","0","0","0","0","0","0","0","0","0","0","0","0","0","0","0","0","0","0","0","0","0","0","0","0","0","0","0","0","0","0","0","0","0","0","0","0","0","0","0","0","0","0","0","0","0","0","0"
"00002998","비엔날레전시관","00000038","상무64","20221003","0","0","3","0","0","0","3","0","0","0","0","0","0","0","0","0","0","0","0","0","0","0","0","0","0","0","0","0","0","0","0","0","0","0","0","0","0","0","0","0","0","0","0","0","0","0","0","0"
"00002998","비엔날레전시관","00000054","용봉83","20221003","9","27","8","27","9","26","6","26","0","0","0","0","0","1","2","1","0","4","4","4","0","4","4","4","0","0","0","0","0","0","0","0","0","0","0","0","0","0","0","0","0","0","0","0","0","0","0","0"
"00002999","유덕동주민센터","00000039","유덕65","20221003","0","0","0","0","0","0","0","0","0","0","0","0","0","0","0","0","0","0","0","0","0","0","0","0","0","0","0","0","0","0","0","0","0","0","0","0","0","0","0","0","0","0","0","0","0","0","0","0"
"00003000","유덕동주민센터","00000039","유덕65","20221003","0","0","0","0","0","0","0","0","0","0","0","0","0","0","0","0","0","0","0","0","0","0","0","0","0","0","0","0","0","0","0","0","0","0","0","0","0","0","0","0","0","0","0","0","0","0","0","0"
"00003000","유덕동주민센터","00000087","1187","20221003","0","1","0","1","0","1","0","1","0","0","0","0","0","0","0","0","0","0","0","0","0","0","0","0","0","0","0","0","0","0","0","0","0","0","0","0","0","0","0","0","0","0","0","0","0","0","0","0"
"00003001","유덕치안센터","00000039","유덕65","20221003","0","0","0","0","0","0","0","0","0","0","0","0","0","0","0","0","0","0","2","0","0","0","2","0","0","0","0","0","0","0","0","0","0","0","0","0","0","0","0","0","0","0","0","0","0","0","0","0"
"00003002","유덕치안센터","00000039","유덕65","20221003","0","0","0","0","0","0","0","0","0","0","0","0","0","0","0","0","0","0","0","0","0","0","0","0","0","0","0","0","0","0","0","0","0","0","0","0","0","0","0","0","0","0","0","0","0","0","0","0"
"00003002","유덕치안센터","00000087","1187","20221003","0","0","0","0","0","0","0","0","0","0","0","0","0","0","0","0","2","0","0","0","2","0","0","0","0","0","0","0","0","0","0","0","0","0","0","0","0","0","0","0","0","0","0","0","0","0","0","0"
"00003003","도촌","00000040","대촌69","20221003","0","1","0","1","0","1","0","1","0","0","0","0","0","0","0","0","0","0","0","0","0","0","0","0","0","0","0","0","0","0","0","0","0","0","0","0","0","0","0","0","0","0","0","0","0","0","0","0"
"00003003","도촌","00000073","대촌170","20221003","1","0","0","0","1","0","0","0","0","0","0","0","0","0","0","0","1","0","0","0","1","0","0","0","0","0","0","0","0","0","0","0","0","0","0","0","0","0","0","0","0","0","0","0","0","0","0","0"
"00003004","대촌동행정복지센터","00000041","대촌70","20221003","2","6","2","6","2","6","2","6","0","0","0","0","0","0","0","0","0","0","0","0","0","0","0","0","0","0","0","0","0","0","0","0","0","0","0","0","0","0","0","0","0","0","0","0","0","0","0","0"
"00003004","대촌동행정복지센터","00000069","송정99","20221003","1","0","0","0","1","0","0","0","0","0","0","0","0","0","0","0","0","0","0","0","0","0","0","0","0","0","0","0","0","0","0","0","1","0","0","0","1","0","0","0","0","0","0","0","0","0","0","0"
"00003004","대촌동행정복지센터","00000073","대촌170","20221003","1","1","3","1","1","1","3","1","0","0","0","0","0","0","0","0","0","0","0","0","0","0","0","0","0","0","0","0","0","0","0","0","0","0","0","0","0","0","0","0","0","0","0","0","0","0","0","0"
"00003004","대촌동행정복지센터","00000208","마을715(대촌)","20221003","0","1","2","1","0","1","2","1","0","0","0","0","0","0","0","0","0","0","0","0","0","0","0","0","0","0","0","0","0","0","0","0","0","0","0","0","0","0","0","0","0","0","0","0","0","0","0","0"
"00003005","이장2동","00000041","대촌70","20221003","0","0","0","0","0","0","0","0","0","0","0","0","0","0","0","0","0","0","0","0","0","0","0","0","0","0","0","0","0","0","0","0","0","0","0","0","0","0","0","0","0","0","0","0","0","0","0","0"
"00003005","이장2동","00000073","대촌170","20221003","0","0","1","0","0","0","1","0","0","0","0","0","0","0","0","0","0","0","0","0","0","0","0","0","0","0","0","0","0","0","0","0","0","0","0","0","0","0","0","0","0","0","0","0","0","0","0","0"
"00003009","송암공단","00000043","송암72","20221003","0","0","0","0","0","0","0","0","0","0","0","0","0","0","0","0","0","0","0","0","0","0","0","0","0","0","0","0","0","0","0","0","0","0","0","0","0","0","0","0","0","0","0","0","0","0","0","0"
"00003009","송암공단","00000047","봉선76","20221003","0","0","0","0","0","0","0","0","0","0","0","0","0","0","0","0","0","0","0","0","0","0","0","0","0","0","0","0","0","0","0","0","0","0","0","0","0","0","0","0","0","0","0","0","0","0","0","0"
"00003009","송암공단","00000091","송암74","20221003","0","1","0","1","0","0","0","0","0","0","0","0","0","1","0","1","0","1","0","1","0","0","0","0","0","0","0","0","0","1","0","1","0","0","0","0","0","0","0","0","0","0","0","0","0","0","0","0"
"00003009","송암공단","00000100","진월75","20221003","1","0","0","0","1","0","0","0","0","0","0","0","0","0","0","0","0","0","0","0","0","0","0","0","0","0","0","0","0","0","0","0","0","2","0","2","0","2","0","2","0","0","0","0","0","0","0","0"
"00003009","송암공단","00000101","송암31","20221003","1","0","0","0","1","0","0","0","0","0","0","0","0","0","0","0","0","0","0","0","0","0","0","0","0","0","0","0","0","0","0","0","0","0","0","0","0","0","0","0","0","0","0","0","0","0","0","0"
"00003009","송암공단","00000111","송암68","20221003","0","0","0","0","0","0","0","0","0","0","0","0","0","0","0","0","0","0","0","0","0","0","0","0","0","0","0","0","0","0","0","0","0","0","4","0","0","0","4","0","0","0","0","0","0","0","0","0"
"00003012","문성고","00000030","금남55","20221003","1","1","2","1","1","1","2","1","0","0","0","0","0","0","0","0","0","0","1","0","0","0","1","0","0","0","0","0","0","0","0","0","0","0","0","0","0","0","0","0","0","0","0","0","0","0","0","0"
"00003012","문성고","00000034","금남59","20221003","2","3","1","3","2","1","1","1","0","1","0","1","0","1","0","1","1","1","0","1","1","0","0","0","0","0","0","0","0","1","0","1","0","0","0","0","0","0","0","0","0","0","0","0","0","0","0","0"
"00003012","문성고","00000047","봉선76","20221003","0","2","2","2","0","1","0","1","0","0","0","0","0","1","2","1","1","0","0","0","1","0","0","0","0","0","0","0","0","0","0","0","0","0","0","0","0","0","0","0","0","0","0","0","0","0","0","0"
"00003012","문성고","00000111","송암68","20221003","0","4","4","4","0","2","1","2","0","1","2","1","0","1","1","1","0","0","0","0","0","0","0","0","0","0","0","0","0","0","0","0","0","0","0","0","0","0","0","0","0","0","0","0","0","0","0","0"
"00003013","문성고","00000030","금남55","20221003","0","3","1","3","0","3","1","3","0","0","0","0","0","0","0","0","0","0","2","0","0","0","2","0","0","0","0","0","0","0","0","0","0","0","0","0","0","0","0","0","0","0","0","0","0","0","0","0"
"00003013","문성고","00000034","금남59","20221003","1","5","2","5","1","4","2","4","0","0","0","0","0","1","0","1","1","2","1","2","1","1","1","1","0","0","0","0","0","1","0","1","0","0","0","0","0","0","0","0","0","0","0","0","0","0","0","0"
"00003013","문성고","00000047","봉선76","20221003","0","1","0","1","0","1","0","1","0","0","0","0","0","0","0","0","0","0","0","0","0","0","0","0","0","0","0","0","0","0","0","0","0","0","0","0","0","0","0","0","0","0","0","0","0","0","0","0"
"00003013","문성고","00000111","송암68","20221003","3","9","4","9","3","8","4","8","0","0","0","0","0","1","0","1","0","1","3","1","0","1","2","1","0","0","0","0","0","0","1","0","0","0","0","0","0","0","0","0","0","0","0","0","0","0","0","0"
"00003014","진월저수지(서)","00000065","첨단95","20221003","7","6","5","6","6","4","5","4","0","0","0","0","1","2","0","2","0","0","0","0","0","0","0","0","0","0","0","0","0","0","0","0","0","0","0","0","0","0","0","0","0","0","0","0","0","0","0","0"
"00003014","진월저수지(서)","00000100","진월75","20221003","0","2","0","2","0","1","0","1","0","0","0","0","0","1","0","1","0","0","0","0","0","0","0","0","0","0","0","0","0","0","0","0","0","0","0","0","0","0","0","0","0","0","0","0","0","0","0","0"
"00003016","효덕동행정복지센터","00000065","첨단95","20221003","2","3","2","3","2","2","2","2","0","1","0","1","0","0","0","0","2","1","0","1","2","1","0","1","0","0","0","0","0","0","0","0","0","0","0","0","0","0","0","0","0","0","0","0","0","0","0","0"
"00003016","효덕동행정복지센터","00000100","진월75","20221003","2","0","2","0","1","0","2","0","1","0","0","0","0","0","0","0","0","2","0","2","0","2","0","2","0","0","0","0","0","0","0","0","1","0","0","0","1","0","0","0","0","0","0","0","0","0","0","0"
"00003018","봉선삼익아파트(북)","00000047","봉선76","20221003","0","1","0","1","0","1","0","1","0","0","0","0","0","0","0","0","0","0","0","0","0","0","0","0","0","0","0","0","0","0","0","0","0","0","0","0","0","0","0","0","0","0","0","0","0","0","0","0"
"00003023","도동","00000050","진월79","20221003","4","1","3","1","4","1","3","1","0","0","0","0","0","0","0","0","0","0","0","0","0","0","0","0","0","0","0","0","0","0","0","0","0","0","0","0","0","0","0","0","0","0","0","0","0","0","0","0"
"00003026","산수무등파크","00000078","충효187","20221003","2","0","0","0","2","0","0","0","0","0","0","0","0","0","0","0","0","1","1","1","0","1","1","1","0","0","0","0","0","0","0","0","0","0","0","0","0","0","0","0","0","0","0","0","0","0","0","0"
"00003026","산수무등파크","00000087","1187","20221003","1","0","0","0","1","0","0","0","0","0","0","0","0","0","0","0","0","0","0","0","0","0","0","0","0","0","0","0","0","0","0","0","0","1","0","1","0","1","0","1","0","0","0","0","0","0","0","0"
"00003026","산수무등파크","00000097","1187-1","20221003","2","2","0","2","2","2","0","2","0","0","0","0","0","0","0","0","0","0","0","0","0","0","0","0","0","0","0","0","0","0","0","0","0","0","0","0","0","0","0","0","0","0","0","0","0","0","0","0"
"00003026","산수무등파크","00000130","두암81","20221003","1","0","0","0","0","0","0","0","1","0","0","0","0","0","0","0","0","0","0","0","0","0","0","0","0","0","0","0","0","0","0","0","0","0","0","0","0","0","0","0","0","0","0","0","0","0","0","0"
"00003029","계림초교후문","00000030","금남55","20221003","0","0","0","0","0","0","0","0","0","0","0","0","0","0","0","0","1","3","1","3","1","2","1","2","0","1","0","1","0","0","0","0","0","1","0","1","0","1","0","1","0","0","0","0","0","0","0","0"
"00003034","지산입구","00000032","금남57","20221003","0","0","0","0","0","0","0","0","0","0","0","0","0","0","0","0","0","0","0","0","0","0","0","0","0","0","0","0","0","0","0","0","0","0","0","0","0","0","0","0","0","0","0","0","0","0","0","0"
"00003034","지산입구","00000055","용전84","20221003","0","0","0","0","0","0","0","0","0","0","0","0","0","0","0","0","0","0","0","0","0","0","0","0","0","0","0","0","0","0","0","0","0","0","0","0","0","0","0","0","0","0","0","0","0","0","0","0"
"00003034","지산입구","00000056","용전85","20221003","0","0","0","0","0","0","0","0","0","0","0","0","0","0","0","0","0","0","1","0","0","0","1","0","0","0","0","0","0","0","0","0","0","0","0","0","0","0","0","0","0","0","0","0","0","0","0","0"
"00003034","지산입구","00000065","첨단95","20221003","0","0","0","0","0","0","0","0","0","0","0","0","0","0","0","0","0","0","0","0","0","0","0","0","0","0","0","0","0","0","0","0","0","0","0","0","0","0","0","0","0","0","0","0","0","0","0","0"
"00003034","지산입구","00000120","양산60","20221003","0","0","0","0","0","0","0","0","0","0","0","0","0","0","0","0","0","1","0","1","0","1","0","1","0","0","0","0","0","0","0","0","0","0","0","0","0","0","0","0","0","0","0","0","0","0","0","0"
"00003035","지산초교","00000032","금남57","20221003","0","0","0","0","0","0","0","0","0","0","0","0","0","0","0","0","0","0","0","0","0","0","0","0","0","0","0","0","0","0","0","0","0","0","0","0","0","0","0","0","0","0","0","0","0","0","0","0"
"00003035","지산초교","00000055","용전84","20221003","0","0","0","0","0","0","0","0","0","0","0","0","0","0","0","0","0","0","0","0","0","0","0","0","0","0","0","0","0","0","0","0","0","0","0","0","0","0","0","0","0","0","0","0","0","0","0","0"
"00003035","지산초교","00000056","용전85","20221003","0","0","0","0","0","0","0","0","0","0","0","0","0","0","0","0","0","0","0","0","0","0","0","0","0","0","0","0","0","0","0","0","0","0","0","0","0","0","0","0","0","0","0","0","0","0","0","0"
"00003035","지산초교","00000065","첨단95","20221003","0","3","0","3","0","3","0","3","0","0","0","0","0","0","0","0","0","0","0","0","0","0","0","0","0","0","0","0","0","0","0","0","0","0","0","0","0","0","0","0","0","0","0","0","0","0","0","0"
"00003035","지산초교","00000120","양산60","20221003","0","0","1","0","0","0","1","0","0","0","0","0","0","0","0","0","0","0","0","0","0","0","0","0","0","0","0","0","0","0","0","0","0","0","0","0","0","0","0","0","0","0","0","0","0","0","0","0"
"00003041","지산중","00000032","금남57","20221003","1","0","0","0","0","0","0","0","0","0","0","0","1","0","0","0","0","0","0","0","0","0","0","0","0","0","0","0","0","0","0","0","0","0","0","0","0","0","0","0","0","0","0","0","0","0","0","0"
"00003041","지산중","00000056","용전85","20221003","0","0","0","0","0","0","0","0","0","0","0","0","0","0","0","0","0","0","0","0","0","0","0","0","0","0","0","0","0","0","0","0","0","0","0","0","0","0","0","0","0","0","0","0","0","0","0","0"
"00003041","지산중","00000120","양산60","20221003","1","0","0","0","1","0","0","0","0","0","0","0","0","0","0","0","0","1","1","1","0","1","1","1","0","0","0","0","0","0","0","0","0","0","0","0","0","0","0","0","0","0","0","0","0","0","0","0"
"00003041","지산중","00000214","마을799","20221003","1","0","0","0","1","0","0","0","0","0","0","0","0","0","0","0","0","0","0","0","0","0","0","0","0","0","0","0","0","0","0","0","0","0","0","0","0","0","0","0","0","0","0","0","0","0","0","0"
"00003042","지산중","00000032","금남57","20221003","6","5","6","5","5","4","5","4","0","0","0","0","1","1","1","1","0","0","1","0","0","0","1","0","0","0","0","0","0","0","0","0","0","0","0","0","0","0","0","0","0","0","0","0","0","0","0","0"
"00003042","지산중","00000056","용전85","20221003","1","0","0","0","1","0","0","0","0","0","0","0","0","0","0","0","0","0","0","0","0","0","0","0","0","0","0","0","0","0","0","0","0","0","0","0","0","0","0","0","0","0","0","0","0","0","0","0"
"00003042","지산중","00000120","양산60","20221003","1","3","1","3","1","3","1","3","0","0","0","0","0","0","0","0","0","0","0","0","0","0","0","0","0","0","0","0","0","0","0","0","0","0","0","0","0","0","0","0","0","0","0","0","0","0","0","0"
"00003042","지산중","00000214","마을799","20221003","0","0","0","0","0","0","0","0","0","0","0","0","0","0","0","0","0","0","0","0","0","0","0","0","0","0","0","0","0","0","0","0","0","0","0","0","0","0","0","0","0","0","0","0","0","0","0","0"
"00003044","분토(북구)","00000058","석곡87","20221003","0","0","0","0","0","0","0","0","0","0","0","0","0","0","0","0","0","2","0","2","0","2","0","2","0","0","0","0","0","0","0","0","0","0","0","0","0","0","0","0","0","0","0","0","0","0","0","0"
"00003045","단전","00000011","첨단20","20221003","3","1","1","1","2","1","1","1","0","0","0","0","1","0","0","0","0","0","2","0","0","0","2","0","0","0","0","0","0","0","0","0","0","0","0","0","0","0","0","0","0","0","0","0","0","0","0","0"
"00003047","전남방직","00000086","518","20221003","0","1","1","1","0","0","1","0","0","0","0","0","0","1","0","1","1","0","0","0","1","0","0","0","0","0","0","0","0","0","0","0","0","0","0","0","0","0","0","0","0","0","0","0","0","0","0","0"
"00003050","흑석사거리(동)","00000059","임곡89","20221003","2","0","0","0","2","0","0","0","0","0","0","0","0","0","0","0","0","0","1","0","0","0","1","0","0","0","0","0","0","0","0","0","0","0","0","0","0","0","0","0","0","0","0","0","0","0","0","0"
"00003050","흑석사거리(동)","00000062","첨단92","20221003","0","0","1","0","0","0","1","0","0","0","0","0","0","0","0","0","0","0","0","0","0","0","0","0","0","0","0","0","0","0","0","0","0","0","0","0","0","0","0","0","0","0","0","0","0","0","0","0"
"00003050","흑석사거리(동)","00000068","송정98","20221003","7","16","16","16","6","12","12","12","0","1","2","1","1","3","2","3","4","2","2","2","4","2","2","2","0","0","0","0","0","0","0","0","1","0","0","0","1","0","0","0","0","0","0","0","0","0","0","0"
"00003050","흑석사거리(동)","00000102","수완12","20221003","0","2","2","2","0","1","0","1","0","1","0","1","0","0","2","0","1","2","3","2","1","2","3","2","0","0","0","0","0","0","0","0","0","0","0","0","0","0","0","0","0","0","0","0","0","0","0","0"
"00003050","흑석사거리(동)","00000108","송정33","20221003","2","0","4","0","2","0","3","0","0","0","1","0","0","0","0","0","0","0","1","0","0","0","1","0","0","0","0","0","0","0","0","0","1","0","1","0","1","0","1","0","0","0","0","0","0","0","0","0"
"00003050","흑석사거리(동)","00000125","선운101","20221003","0","0","5","0","0","0","2","0","0","0","0","0","0","0","3","0","0","0","0","0","0","0","0","0","0","0","0","0","0","0","0","0","0","0","0","0","0","0","0","0","0","0","0","0","0","0","0","0"
"00003051","흑석사거리(서)","00000011","첨단20","20221003","5","3","6","3","5","3","6","3","0","0","0","0","0","0","0","0","0","0","2","0","0","0","2","0","0","0","0","0","0","0","0","0","0","1","2","1","0","1","2","1","0","0","0","0","0","0","0","0"
"00003051","흑석사거리(서)","00000062","첨단92","20221003","0","0","0","0","0","0","0","0","0","0","0","0","0","0","0","0","0","0","1","0","0","0","1","0","0","0","0","0","0","0","0","0","0","0","0","0","0","0","0","0","0","0","0","0","0","0","0","0"
"00003051","흑석사거리(서)","00000102","수완12","20221003","1","3","3","3","0","2","3","2","0","0","0","0","1","1","0","1","1","0","0","0","1","0","0","0","0","0","0","0","0","0","0","0","0","0","2","0","0","0","2","0","0","0","0","0","0","0","0","0"
"00003051","흑석사거리(서)","00000108","송정33","20221003","0","2","3","2","0","1","3","1","0","0","0","0","0","1","0","1","0","2","3","2","0","2","3","2","0","0","0","0","0","0","0","0","0","0","0","0","0","0","0","0","0","0","0","0","0","0","0","0"
"00003051","흑석사거리(서)","00000125","선운101","20221003","0","0","1","0","0","0","1","0","0","0","0","0","0","0","0","0","0","0","0","0","0","0","0","0","0","0","0","0","0","0","0","0","1","0","0","0","1","0","0","0","0","0","0","0","0","0","0","0"
"00003088","세방전지","00000009","문흥18","20221003","4","1","9","1","4","1","9","1","0","0","0","0","0","0","0","0","0","0","0","0","0","0","0","0","0","0","0","0","0","0","0","0","0","0","0","0","0","0","0","0","0","0","0","0","0","0","0","0"
"00003088","세방전지","00000062","첨단92","20221003","0","0","0","0","0","0","0","0","0","0","0","0","0","0","0","0","0","0","0","0","0","0","0","0","0","0","0","0","0","0","0","0","0","0","0","0","0","0","0","0","0","0","0","0","0","0","0","0"
"00003088","세방전지","00000064","첨단94","20221003","0","0","1","0","0","0","1","0","0","0","0","0","0","0","0","0","0","0","0","0","0","0","0","0","0","0","0","0","0","0","0","0","0","0","0","0","0","0","0","0","0","0","0","0","0","0","0","0"
"00003093","광산소방서입구","00000009","문흥18","20221003","0","0","0","0","0","0","0","0","0","0","0","0","0","0","0","0","2","0","1","0","2","0","1","0","0","0","0","0","0","0","0","0","0","0","2","0","0","0","2","0","0","0","0","0","0","0","0","0"
"00003093","광산소방서입구","00000011","첨단20","20221003","0","2","1","2","0","2","1","2","0","0","0","0","0","0","0","0","0","0","1","0","0","0","1","0","0","0","0","0","0","0","0","0","0","0","0","0","0","0","0","0","0","0","0","0","0","0","0","0"
"00003093","광산소방서입구","00000064","첨단94","20221003","0","0","1","0","0","0","1","0","0","0","0","0","0","0","0","0","0","0","0","0","0","0","0","0","0","0","0","0","0","0","0","0","0","0","1","0","0","0","1","0","0","0","0","0","0","0","0","0"
"00003094","세방전지","00000009","문흥18","20221003","0","0","0","0","0","0","0","0","0","0","0","0","0","0","0","0","0","0","0","0","0","0","0","0","0","0","0","0","0","0","0","0","0","0","1","0","0","0","1","0","0","0","0","0","0","0","0","0"
"00003096","첨단대우아파트","00000061","임곡91","20221003","0","0","0","0","0","0","0","0","0","0","0","0","0","0","0","0","0","0","0","0","0","0","0","0","0","0","0","0","0","0","0","0","0","0","0","0","0","0","0","0","0","0","0","0","0","0","0","0"
"00003096","첨단대우아파트","00000062","첨단92","20221003","0","0","0","0","0","0","0","0","0","0","0","0","0","0","0","0","0","0","0","0","0","0","0","0","0","0","0","0","0","0","0","0","0","0","0","0","0","0","0","0","0","0","0","0","0","0","0","0"
"00003098","신용마을","00000065","첨단95","20221003","0","1","1","1","0","1","1","1","0","0","0","0","0","0","0","0","0","0","0","0","0","0","0","0","0","0","0","0","0","0","0","0","0","0","0","0","0","0","0","0","0","0","0","0","0","0","0","0"
"00003099","금당","00000065","첨단95","20221003","0","0","0","0","0","0","0","0","0","0","0","0","0","0","0","0","0","0","0","0","0","0","0","0","0","0","0","0","0","0","0","0","0","0","0","0","0","0","0","0","0","0","0","0","0","0","0","0"
"00003101","석수정","00000065","첨단95","20221003","0","1","1","1","0","1","1","1","0","0","0","0","0","0","0","0","0","0","0","0","0","0","0","0","0","0","0","0","0","0","0","0","0","0","0","0","0","0","0","0","0","0","0","0","0","0","0","0"
"00003102","용전사거리(북)","00000006","지원15","20221003","1","1","7","1","1","1","7","1","0","0","0","0","0","0","0","0","1","0","0","0","1","0","0","0","0","0","0","0","0","0","0","0","0","0","2","0","0","0","2","0","0","0","0","0","0","0","0","0"
"00003102","용전사거리(북)","00000055","용전84","20221003","0","3","7","3","0","3","7","3","0","0","0","0","0","0","0","0","0","0","0","0","0","0","0","0","0","0","0","0","0","0","0","0","1","1","0","1","1","1","0","1","0","0","0","0","0","0","0","0"
"00003102","용전사거리(북)","00000057","용전86","20221003","0","1","0","1","0","1","0","1","0","0","0","0","0","0","0","0","0","0","0","0","0","0","0","0","0","0","0","0","0","0","0","0","0","0","0","0","0","0","0","0","0","0","0","0","0","0","0","0"
"00003102","용전사거리(북)","00000065","첨단95","20221003","1","3","4","3","1","3","4","3","0","0","0","0","0","0","0","0","1","0","0","0","1","0","0","0","0","0","0","0","0","0","0","0","2","0","0","0","1","0","0","0","0","0","0","0","1","0","0","0"
"00003102","용전사거리(북)","00000120","양산60","20221003","0","0","0","0","0","0","0","0","0","0","0","0","0","0","0","0","0","0","1","0","0","0","1","0","0","0","0","0","0","0","0","0","1","0","0","0","1","0","0","0","0","0","0","0","0","0","0","0"
"00003105","한양아파트","00000056","용전85","20221003","0","0","0","0","0","0","0","0","0","0","0","0","0","0","0","0","0","0","0","0","0","0","0","0","0","0","0","0","0","0","0","0","2","1","0","1","2","0","0","0","0","0","0","0","0","1","0","1"
"00003105","한양아파트","00000108","송정33","20221003","2","2","1","2","2","2","0","2","0","0","0","0","0","0","1","0","0","0","0","0","0","0","0","0","0","0","0","0","0","0","0","0","0","0","1","0","0","0","1","0","0","0","0","0","0","0","0","0"
"00003116","상선","00000081","진곡196","20221003","1","1","1","1","1","1","1","1","0","0","0","0","0","0","0","0","1","0","0","0","1","0","0","0","0","0","0","0","0","0","0","0","0","0","0","0","0","0","0","0","0","0","0","0","0","0","0","0"
"00003116","상선","00000109","좌석02","20221003","0","2","2","2","0","2","2","2","0","0","0","0","0","0","0","0","0","1","1","1","0","1","1","1","0","0","0","0","0","0","0","0","0","2","0","2","0","2","0","2","0","0","0","0","0","0","0","0"
"00003124","화순역","00000072","지원152(능주역)","20221003","3","0","0","0","3","0","0","0","0","0","0","0","0","0","0","0","0","0","0","0","0","0","0","0","0","0","0","0","0","0","0","0","0","0","0","0","0","0","0","0","0","0","0","0","0","0","0","0"
"00003124","화순역","00000123","지원152(도웅리)","20221003","0","8","0","8","0","4","0","4","0","0","0","0","0","4","0","4","0","0","0","0","0","0","0","0","0","0","0","0","0","0","0","0","0","0","0","0","0","0","0","0","0","0","0","0","0","0","0","0"
"00003138","다도초교","00000073","대촌170","20221003","0","0","0","0","0","0","0","0","0","0","0","0","0","0","0","0","0","0","0","0","0","0","0","0","0","0","0","0","0","0","0","0","0","0","0","0","0","0","0","0","0","0","0","0","0","0","0","0"
"00003142","하칠석/고싸움전수관","00000073","대촌170","20221003","0","0","0","0","0","0","0","0","0","0","0","0","0","0","0","0","1","0","0","0","1","0","0","0","0","0","0","0","0","0","0","0","0","0","0","0","0","0","0","0","0","0","0","0","0","0","0","0"
"00003142","하칠석/고싸움전수관","00000208","마을715(대촌)","20221003","0","1","0","1","0","1","0","1","0","0","0","0","0","0","0","0","0","0","0","0","0","0","0","0","0","0","0","0","0","0","0","0","0","0","0","0","0","0","0","0","0","0","0","0","0","0","0","0"
"00003143","평산리","00000073","대촌170","20221003","1","0","0","0","1","0","0","0","0","0","0","0","0","0","0","0","0","0","0","0","0","0","0","0","0","0","0","0","0","0","0","0","0","0","0","0","0","0","0","0","0","0","0","0","0","0","0","0"
"00003144","산림자원연구소","00000073","대촌170","20221003","0","0","0","0","0","0","0","0","0","0","0","0","0","0","0","0","0","0","0","0","0","0","0","0","0","0","0","0","0","0","0","0","0","0","0","0","0","0","0","0","0","0","0","0","0","0","0","0"
"00003146","오강리","00000076","두암181","20221003","0","0","0","0","0","0","0","0","0","0","0","0","0","0","0","0","0","0","0","0","0","0","0","0","0","0","0","0","0","0","0","0","0","0","0","0","0","0","0","0","0","0","0","0","0","0","0","0"
"00003148","교산","00000076","두암181","20221003","0","0","0","0","0","0","0","0","0","0","0","0","0","0","0","0","0","0","0","0","0","0","0","0","0","0","0","0","0","0","0","0","0","0","0","0","0","0","0","0","0","0","0","0","0","0","0","0"
"00003151","강의리","00000077","용전184","20221003","0","0","0","0","0","0","0","0","0","0","0","0","0","0","0","0","0","0","0","0","0","0","0","0","0","0","0","0","0","0","0","0","0","0","0","0","0","0","0","0","0","0","0","0","0","0","0","0"
"00003152","태목","00000077","용전184","20221003","0","0","0","0","0","0","0","0","0","0","0","0","0","0","0","0","0","0","0","0","0","0","0","0","0","0","0","0","0","0","0","0","0","0","0","0","0","0","0","0","0","0","0","0","0","0","0","0"
"00003156","용전사거리(남)","00000013","매월26","20221003","0","0","0","0","0","0","0","0","0","0","0","0","0","0","0","0","0","1","0","1","0","1","0","1","0","0","0","0","0","0","0","0","0","0","0","0","0","0","0","0","0","0","0","0","0","0","0","0"
"00003156","용전사거리(남)","00000032","금남57","20221003","1","0","0","0","1","0","0","0","0","0","0","0","0","0","0","0","0","0","1","0","0","0","1","0","0","0","0","0","0","0","0","0","0","0","0","0","0","0","0","0","0","0","0","0","0","0","0","0"
"00003156","용전사거리(남)","00000077","용전184","20221003","0","0","0","0","0","0","0","0","0","0","0","0","0","0","0","0","0","0","0","0","0","0","0","0","0","0","0","0","0","0","0","0","1","3","0","3","1","3","0","3","0","0","0","0","0","0","0","0"
"00003157","태목","00000077","용전184","20221003","0","0","0","0","0","0","0","0","0","0","0","0","0","0","0","0","0","0","0","0","0","0","0","0","0","0","0","0","0","0","0","0","0","0","0","0","0","0","0","0","0","0","0","0","0","0","0","0"
"00003158","강의리","00000077","용전184","20221003","0","0","0","0","0","0","0","0","0","0","0","0","0","0","0","0","0","0","0","0","0","0","0","0","0","0","0","0","0","0","0","0","0","0","0","0","0","0","0","0","0","0","0","0","0","0","0","0"
"00003160","대전파출소(남)","00000077","용전184","20221003","0","0","1","0","0","0","0","0","0","0","0","0","0","0","1","0","0","0","0","0","0","0","0","0","0","0","0","0","0","0","0","0","0","0","0","0","0","0","0","0","0","0","0","0","0","0","0","0"
"00003161","산수오거리","00000006","지원15","20221003","3","4","2","4","3","4","2","4","0","0","0","0","0","0","0","0","1","0","2","0","1","0","2","0","0","0","0","0","0","0","0","0","1","1","0","1","1","1","0","1","0","0","0","0","0","0","0","0"
"00003161","산수오거리","00000014","봉선27","20221003","6","8","9","8","6","6","9","6","0","0","0","0","0","2","0","2","1","0","4","0","1","0","4","0","0","0","0","0","0","0","0","0","2","7","2","7","2","7","2","7","0","0","0","0","0","0","0","0"
"00003161","산수오거리","00000015","일곡28","20221003","6","10","4","10","6","10","3","10","0","0","0","0","0","0","1","0","1","0","2","0","1","0","2","0","0","0","0","0","0","0","0","0","1","2","1","2","1","2","1","2","0","0","0","0","0","0","0","0"
"00003161","산수오거리","00000051","문흥80","20221003","0","2","0","2","0","2","0","2","0","0","0","0","0","0","0","0","0","0","2","0","0","0","2","0","0","0","0","0","0","0","0","0","1","1","0","1","1","1","0","1","0","0","0","0","0","0","0","0"
"00003161","산수오거리","00000078","충효187","20221003","1","1","1","1","1","1","1","1","0","0","0","0","0","0","0","0","2","2","0","2","2","1","0","1","0","0","0","0","0","1","0","1","0","0","0","0","0","0","0","0","0","0","0","0","0","0","0","0"
"00003161","산수오거리","00000091","송암74","20221003","1","1","0","1","1","1","0","1","0","0","0","0","0","0","0","0","1","2","0","2","1","2","0","2","0","0","0","0","0","0","0","0","0","4","2","4","0","4","2","4","0","0","0","0","0","0","0","0"
"00003161","산수오거리","00000112","순환01(운천저수지)","20221003","13","16","9","16","12","15","6","15","0","0","1","0","1","1","2","1","1","5","3","5","1","4","3","4","0","0","0","0","0","1","0","1","1","2","4","2","1","2","4","2","0","0","0","0","0","0","0","0"
"00003161","산수오거리","00000114","수완03","20221003","19","12","24","12","19","11","16","11","0","0","5","0","0","1","3","1","3","1","3","1","3","1","3","1","0","0","0","0","0","0","0","0","0","1","0","1","0","1","0","1","0","0","0","0","0","0","0","0"
"00003162","산수오거리(연천)","00000078","충효187","20221003","3","0","1","0","3","0","1","0","0","0","0","0","0","0","0","0","0","0","0","0","0","0","0","0","0","0","0","0","0","0","0","0","0","0","0","0","0","0","0","0","0","0","0","0","0","0","0","0"
"00003166","선평선창마을입구","00000079","첨단192","20221003","0","0","0","0","0","0","0","0","0","0","0","0","0","0","0","0","0","0","0","0","0","0","0","0","0","0","0","0","0","0","0","0","0","0","0","0","0","0","0","0","0","0","0","0","0","0","0","0"
"00003178","학산","00000080","첨단193","20221003","0","0","0","0","0","0","0","0","0","0","0","0","0","0","0","0","0","0","0","0","0","0","0","0","0","0","0","0","0","0","0","0","0","0","0","0","0","0","0","0","0","0","0","0","0","0","0","0"
"00003179","한국생산기술연구원","00000005","첨단09","20221003","2","3","0","3","2","2","0","2","0","0","0","0","0","1","0","1","0","0","1","0","0","0","1","0","0","0","0","0","0","0","0","0","0","1","0","1","0","1","0","1","0","0","0","0","0","0","0","0"
"00003179","한국생산기술연구원","00000026","운림51","20221003","0","0","0","0","0","0","0","0","0","0","0","0","0","0","0","0","0","0","0","0","0","0","0","0","0","0","0","0","0","0","0","0","0","0","0","0","0","0","0","0","0","0","0","0","0","0","0","0"
"00003179","한국생산기술연구원","00000117","첨단23","20221003","0","0","0","0","0","0","0","0","0","0","0","0","0","0","0","0","0","0","0","0","0","0","0","0","0","0","0","0","0","0","0","0","0","0","0","0","0","0","0","0","0","0","0","0","0","0","0","0"
"00003180","한국생산기술연구원","00000007","매월16","20221003","0","0","0","0","0","0","0","0","0","0","0","0","0","0","0","0","4","0","0","0","4","0","0","0","0","0","0","0","0","0","0","0","0","0","0","0","0","0","0","0","0","0","0","0","0","0","0","0"
"00003180","한국생산기술연구원","00000017","첨단30","20221003","0","0","0","0","0","0","0","0","0","0","0","0","0","0","0","0","0","0","0","0","0","0","0","0","0","0","0","0","0","0","0","0","0","0","0","0","0","0","0","0","0","0","0","0","0","0","0","0"
"00003180","한국생산기술연구원","00000026","운림51","20221003","0","0","0","0","0","0","0","0","0","0","0","0","0","0","0","0","1","0","0","0","1","0","0","0","0","0","0","0","0","0","0","0","0","0","0","0","0","0","0","0","0","0","0","0","0","0","0","0"
"00003180","한국생산기술연구원","00000117","첨단23","20221003","0","0","0","0","0","0","0","0","0","0","0","0","0","0","0","0","0","0","0","0","0","0","0","0","0","0","0","0","0","0","0","0","0","0","0","0","0","0","0","0","0","0","0","0","0","0","0","0"
"00003181","한국전자통신연구원","00000007","매월16","20221003","0","0","3","0","0","0","3","0","0","0","0","0","0","0","0","0","0","0","0","0","0","0","0","0","0","0","0","0","0","0","0","0","0","0","0","0","0","0","0","0","0","0","0","0","0","0","0","0"
"00003181","한국전자통신연구원","00000017","첨단30","20221003","1","3","4","3","1","2","4","2","0","0","0","0","0","1","0","1","0","0","0","0","0","0","0","0","0","0","0","0","0","0","0","0","0","0","0","0","0","0","0","0","0","0","0","0","0","0","0","0"
"00003181","한국전자통신연구원","00000026","운림51","20221003","1","6","2","6","1","6","2","6","0","0","0","0","0","0","0","0","0","0","0","0","0","0","0","0","0","0","0","0","0","0","0","0","0","0","0","0","0","0","0","0","0","0","0","0","0","0","0","0"
"00003181","한국전자통신연구원","00000080","첨단193","20221003","0","0","0","0","0","0","0","0","0","0","0","0","0","0","0","0","0","0","0","0","0","0","0","0","0","0","0","0","0","0","0","0","0","0","0","0","0","0","0","0","0","0","0","0","0","0","0","0"
"00003181","한국전자통신연구원","00000117","첨단23","20221003","0","0","1","0","0","0","1","0","0","0","0","0","0","0","0","0","0","0","0","0","0","0","0","0","0","0","0","0","0","0","0","0","0","0","0","0","0","0","0","0","0","0","0","0","0","0","0","0"
"00003182","한국전자통신연구원","00000007","매월16","20221003","0","0","0","0","0","0","0","0","0","0","0","0","0","0","0","0","0","0","0","0","0","0","0","0","0","0","0","0","0","0","0","0","0","0","0","0","0","0","0","0","0","0","0","0","0","0","0","0"
"00003182","한국전자통신연구원","00000026","운림51","20221003","0","0","0","0","0","0","0","0","0","0","0","0","0","0","0","0","0","0","0","0","0","0","0","0","0","0","0","0","0","0","0","0","0","0","0","0","0","0","0","0","0","0","0","0","0","0","0","0"
"00003182","한국전자통신연구원","00000117","첨단23","20221003","0","0","0","0","0","0","0","0","0","0","0","0","0","0","0","0","1","1","0","1","1","1","0","1","0","0","0","0","0","0","0","0","0","0","0","0","0","0","0","0","0","0","0","0","0","0","0","0"
"00003183","우편집중국","00000011","첨단20","20221003","1","2","2","2","1","2","2","2","0","0","0","0","0","0","0","0","0","0","0","0","0","0","0","0","0","0","0","0","0","0","0","0","1","3","2","3","1","3","2","3","0","0","0","0","0","0","0","0"
"00003183","우편집중국","00000108","송정33","20221003","5","2","3","2","5","2","0","2","0","0","0","0","0","0","3","0","0","0","2","0","0","0","1","0","0","0","1","0","0","0","0","0","0","0","0","0","0","0","0","0","0","0","0","0","0","0","0","0"
"00003183","우편집중국","00000114","수완03","20221003","15","33","26","33","15","31","23","31","0","0","0","0","0","2","3","2","0","1","0","1","0","1","0","1","0","0","0","0","0","0","0","0","3","5","2","5","3","4","2","4","0","0","0","0","0","1","0","1"
"00003183","우편집중국","00000116","첨단22","20221003","2","0","2","0","2","0","2","0","0","0","0","0","0","0","0","0","0","0","0","0","0","0","0","0","0","0","0","0","0","0","0","0","0","0","0","0","0","0","0","0","0","0","0","0","0","0","0","0"
"00003183","우편집중국","00000117","첨단23","20221003","0","0","0","0","0","0","0","0","0","0","0","0","0","0","0","0","3","4","1","4","3","3","1","3","0","0","0","0","0","1","0","1","0","0","0","0","0","0","0","0","0","0","0","0","0","0","0","0"
"00003183","우편집중국","00000213","마을788","20221003","0","0","0","0","0","0","0","0","0","0","0","0","0","0","0","0","0","0","0","0","0","0","0","0","0","0","0","0","0","0","0","0","0","0","0","0","0","0","0","0","0","0","0","0","0","0","0","0"
"00003184","우편집중국","00000011","첨단20","20221003","0","0","0","0","0","0","0","0","0","0","0","0","0","0","0","0","0","3","3","3","0","3","3","3","0","0","0","0","0","0","0","0","0","0","0","0","0","0","0","0","0","0","0","0","0","0","0","0"
"00003184","우편집중국","00000080","첨단193","20221003","0","0","1","0","0","0","1","0","0","0","0","0","0","0","0","0","0","0","0","0","0","0","0","0","0","0","0","0","0","0","0","0","0","0","0","0","0","0","0","0","0","0","0","0","0","0","0","0"
"00003184","우편집중국","00000108","송정33","20221003","0","0","2","0","0","0","1","0","0","0","0","0","0","0","1","0","0","0","1","0","0","0","1","0","0","0","0","0","0","0","0","0","0","0","3","0","0","0","1","0","0","0","0","0","0","0","2","0"
"00003184","우편집중국","00000114","수완03","20221003","0","0","0","0","0","0","0","0","0","0","0","0","0","0","0","0","3","6","11","6","3","5","11","5","0","1","0","1","0","0","0","0","0","0","0","0","0","0","0","0","0","0","0","0","0","0","0","0"
"00003184","우편집중국","00000116","첨단22","20221003","0","0","0","0","0","0","0","0","0","0","0","0","0","0","0","0","0","0","0","0","0","0","0","0","0","0","0","0","0","0","0","0","0","0","0","0","0","0","0","0","0","0","0","0","0","0","0","0"
"00003184","우편집중국","00000117","첨단23","20221003","2","10","17","10","2","9","16","9","0","0","1","0","0","1","0","1","0","0","0","0","0","0","0","0","0","0","0","0","0","0","0","0","1","1","2","1","1","1","2","1","0","0","0","0","0","0","0","0"
"00003184","우편집중국","00000213","마을788","20221003","0","0","6","0","0","0","6","0","0","0","0","0","0","0","0","0","0","0","0","0","0","0","0","0","0","0","0","0","0","0","0","0","0","0","2","0","0","0","2","0","0","0","0","0","0","0","0","0"
"00003185","첨단우리은행","00000011","첨단20","20221003","0","0","5","0","0","0","4","0","0","0","0","0","0","0","1","0","0","0","0","0","0","0","0","0","0","0","0","0","0","0","0","0","0","0","0","0","0","0","0","0","0","0","0","0","0","0","0","0"
"00003185","첨단우리은행","00000080","첨단193","20221003","0","0","7","0","0","0","0","0","0","0","3","0","0","0","4","0","0","0","0","0","0","0","0","0","0","0","0","0","0","0","0","0","0","0","0","0","0","0","0","0","0","0","0","0","0","0","0","0"
"00003185","첨단우리은행","00000117","첨단23","20221003","0","0","1","0","0","0","1","0","0","0","0","0","0","0","0","0","1","2","3","2","1","2","3","2","0","0","0","0","0","0","0","0","0","0","0","0","0","0","0","0","0","0","0","0","0","0","0","0"
"00003186","첨단우리은행","00000011","첨단20","20221003","0","0","0","0","0","0","0","0","0","0","0","0","0","0","0","0","0","0","0","0","0","0","0","0","0","0","0","0","0","0","0","0","0","0","0","0","0","0","0","0","0","0","0","0","0","0","0","0"
"00003186","첨단우리은행","00000080","첨단193","20221003","0","0","0","0","0","0","0","0","0","0","0","0","0","0","0","0","0","1","0","1","0","1","0","1","0","0","0","0","0","0","0","0","0","0","0","0","0","0","0","0","0","0","0","0","0","0","0","0"
"00003189","산수오거리","00000001","순환01(시청행)","20221003","7","4","9","4","7","4","9","4","0","0","0","0","0","0","0","0","3","0","0","0","3","0","0","0","0","0","0","0","0","0","0","0","2","1","0","1","2","1","0","1","0","0","0","0","0","0","0","0"
"00003189","산수오거리","00000006","지원15","20221003","2","3","5","3","2","3","5","3","0","0","0","0","0","0","0","0","2","1","1","1","2","1","1","1","0","0","0","0","0","0","0","0","2","3","0","3","2","1","0","1","0","0","0","0","0","2","0","2"
"00003189","산수오거리","00000014","봉선27","20221003","5","5","3","5","5","5","3","5","0","0","0","0","0","0","0","0","3","1","3","1","3","1","3","1","0","0","0","0","0","0","0","0","1","0","0","0","1","0","0","0","0","0","0","0","0","0","0","0"
"00003189","산수오거리","00000015","일곡28","20221003","6","4","1","4","6","4","1","4","0","0","0","0","0","0","0","0","5","3","2","3","5","3","2","3","0","0","0","0","0","0","0","0","0","1","1","1","0","1","1","1","0","0","0","0","0","0","0","0"
"00003189","산수오거리","00000051","문흥80","20221003","0","3","0","3","0","2","0","2","0","0","0","0","0","1","0","1","2","1","1","1","2","1","1","1","0","0","0","0","0","0","0","0","0","0","0","0","0","0","0","0","0","0","0","0","0","0","0","0"
"00003189","산수오거리","00000091","송암74","20221003","2","5","0","5","2","5","0","5","0","0","0","0","0","0","0","0","2","4","1","4","2","4","1","4","0","0","0","0","0","0","0","0","0","1","1","1","0","1","0","1","0","0","1","0","0","0","0","0"
"00003189","산수오거리","00000114","수완03","20221003","7","5","9","5","7","4","8","4","0","1","0","1","0","0","1","0","3","5","9","5","2","5","9","5","0","0","0","0","1","0","0","0","2","0","6","0","2","0","6","0","0","0","0","0","0","0","0","0"
"00003192","국립아시아문화전당(구.도청)","00000005","첨단09","20221003","4","23","70","23","4","21","57","21","0","1","3","1","0","1","10","1","0","3","4","3","0","3","4","3","0","0","0","0","0","0","0","0","1","5","4","5","1","5","3","5","0","0","0","0","0","0","1","0"
"00003192","국립아시아문화전당(구.도청)","00000023","지원45","20221003","0","6","38","6","0","6","33","6","0","0","3","0","0","0","2","0","0","3","1","3","0","3","1","3","0","0","0","0","0","0","0","0","1","6","0","6","1","4","0","4","0","0","0","0","0","2","0","2"
"00003192","국립아시아문화전당(구.도청)","00000026","운림51","20221003","3","10","53","10","3","8","41","8","0","1","5","1","0","1","7","1","1","6","3","6","1","6","2","6","0","0","0","0","0","0","1","0","2","6","1","6","2","6","1","6","0","0","0","0","0","0","0","0"
"00003192","국립아시아문화전당(구.도청)","00000030","금남55","20221003","0","1","2","1","0","1","1","1","0","0","0","0","0","0","1","0","0","0","0","0","0","0","0","0","0","0","0","0","0","0","0","0","0","1","0","1","0","1","0","1","0","0","0","0","0","0","0","0"
"00003192","국립아시아문화전당(구.도청)","00000031","419","20221003","0","0","0","0","0","0","0","0","0","0","0","0","0","0","0","0","0","0","0","0","0","0","0","0","0","0","0","0","0","0","0","0","0","0","0","0","0","0","0","0","0","0","0","0","0","0","0","0"
"00003192","국립아시아문화전당(구.도청)","00000032","금남57","20221003","0","1","12","1","0","1","8","1","0","0","2","0","0","0","2","0","0","0","0","0","0","0","0","0","0","0","0","0","0","0","0","0","0","0","3","0","0","0","3","0","0","0","0","0","0","0","0","0"
"00003192","국립아시아문화전당(구.도청)","00000033","금남58","20221003","0","0","10","0","0","0","8","0","0","0","0","0","0","0","2","0","0","0","3","0","0","0","2","0","0","0","0","0","0","0","1","0","0","0","4","0","0","0","3","0","0","0","1","0","0","0","0","0"
"00003192","국립아시아문화전당(구.도청)","00000034","금남59","20221003","0","4","9","4","0","4","7","4","0","0","1","0","0","0","1","0","1","5","1","5","1","5","0","5","0","0","1","0","0","0","0","0","1","1","0","1","1","1","0","1","0","0","0","0","0","0","0","0"
"00003192","국립아시아문화전당(구.도청)","00000035","매월61(칠석)","20221003","0","2","5","2","0","2","3","2","0","0","1","0","0","0","1","0","0","0","0","0","0","0","0","0","0","0","0","0","0","0","0","0","0","1","0","1","0","1","0","1","0","0","0","0","0","0","0","0"
"00003192","국립아시아문화전당(구.도청)","00000051","문흥80","20221003","0","0","0","0","0","0","0","0","0","0","0","0","0","0","0","0","0","2","1","2","0","1","0","1","0","0","0","0","0","1","1","1","0","0","0","0","0","0","0","0","0","0","0","0","0","0","0","0"
"00003192","국립아시아문화전당(구.도청)","00000065","첨단95","20221003","0","3","29","3","0","3","19","3","0","0","5","0","0","0","5","0","0","3","1","3","0","3","1","3","0","0","0","0","0","0","0","0","0","1","1","1","0","1","1","1","0","0","0","0","0","0","0","0"
"00003192","국립아시아문화전당(구.도청)","00000068","송정98","20221003","1","15","69","15","1","14","58","14","0","0","2","0","0","1","9","1","0","3","0","3","0","2","0","2","0","0","0","0","0","1","0","1","2","2","6","2","2","2","6","2","0","0","0","0","0","0","0","0"
"00003192","국립아시아문화전당(구.도청)","00000071","228(구151화순사평)","20221003","0","0","0","0","0","0","0","0","0","0","0","0","0","0","0","0","5","1","0","1","5","1","0","1","0","0","0","0","0","0","0","0","0","0","0","0","0","0","0","0","0","0","0","0","0","0","0","0"
"00003192","국립아시아문화전당(구.도청)","00000086","518","20221003","1","3","4","3","1","3","4","3","0","0","0","0","0","0","0","0","0","1","2","1","0","1","1","1","0","0","0","0","0","0","1","0","0","0","0","0","0","0","0","0","0","0","0","0","0","0","0","0"
"00003192","국립아시아문화전당(구.도청)","00000087","1187","20221003","0","3","2","3","0","3","2","3","0","0","0","0","0","0","0","0","0","2","2","2","0","2","2","2","0","0","0","0","0","0","0","0","0","1","0","1","0","1","0","1","0","0","0","0","0","0","0","0"
"00003192","국립아시아문화전당(구.도청)","00000088","금호36","20221003","2","5","24","5","1","5","18","5","0","0","2","0","1","0","4","0","5","9","6","9","5","9","6","9","0","0","0","0","0","0","0","0","1","4","0","4","1","4","0","4","0","0","0","0","0","0","0","0"
"00003192","국립아시아문화전당(구.도청)","00000102","수완12","20221003","0","2","10","2","0","2","9","2","0","0","1","0","0","0","0","0","1","5","4","5","1","5","3","5","0","0","1","0","0","0","0","0","0","0","1","0","0","0","1","0","0","0","0","0","0","0","0","0"
"00003192","국립아시아문화전당(구.도청)","00000109","좌석02","20221003","0","6","10","6","0","6","10","6","0","0","0","0","0","0","0","0","0","0","0","0","0","0","0","0","0","0","0","0","0","0","0","0","0","0","2","0","0","0","2","0","0","0","0","0","0","0","0","0"
"00003192","국립아시아문화전당(구.도청)","00000122","228(화순전대병원)","20221003","0","0","2","0","0","0","1","0","0","0","0","0","0","0","1","0","0","13","1","13","0","8","1","8","0","1","0","1","0","4","0","4","0","0","0","0","0","0","0","0","0","0","0","0","0","0","0","0"
"00003193","쌍암공원","00000005","첨단09","20221003","0","2","1","2","0","2","1","2","0","0","0","0","0","0","0","0","1","4","1","4","1","2","1","2","0","1","0","1","0","1","0","1","0","0","0","0","0","0","0","0","0","0","0","0","0","0","0","0"
"00003193","쌍암공원","00000007","매월16","20221003","0","0","0","0","0","0","0","0","0","0","0","0","0","0","0","0","0","0","0","0","0","0","0","0","0","0","0","0","0","0","0","0","0","0","0","0","0","0","0","0","0","0","0","0","0","0","0","0"
"00003193","쌍암공원","00000017","첨단30","20221003","0","0","0","0","0","0","0","0","0","0","0","0","0","0","0","0","0","0","1","0","0","0","1","0","0","0","0","0","0","0","0","0","0","0","0","0","0","0","0","0","0","0","0","0","0","0","0","0"
"00003193","쌍암공원","00000026","운림51","20221003","0","0","0","0","0","0","0","0","0","0","0","0","0","0","0","0","0","1","0","1","0","1","0","1","0","0","0","0","0","0","0","0","2","0","0","0","2","0","0","0","0","0","0","0","0","0","0","0"
"00003193","쌍암공원","00000080","첨단193","20221003","0","0","0","0","0","0","0","0","0","0","0","0","0","0","0","0","0","0","0","0","0","0","0","0","0","0","0","0","0","0","0","0","0","0","0","0","0","0","0","0","0","0","0","0","0","0","0","0"
"00003193","쌍암공원","00000108","송정33","20221003","0","1","1","1","0","0","1","0","0","0","0","0","0","1","0","1","0","1","1","1","0","1","1","1","0","0","0","0","0","0","0","0","0","0","0","0","0","0","0","0","0","0","0","0","0","0","0","0"
"00003193","쌍암공원","00000203","마을700","20221003","0","7","3","7","0","7","3","7","0","0","0","0","0","0","0","0","0","1","0","1","0","0","0","0","0","0","0","0","0","1","0","1","1","0","0","0","1","0","0","0","0","0","0","0","0","0","0","0"
"00003194","쌍암공원","00000005","첨단09","20221003","37","48","20","48","34","28","10","28","1","8","3","8","2","12","7","12","0","0","1","0","0","0","1","0","0","0","0","0","0","0","0","0","1","2","2","2","1","2","1","2","0","0","0","0","0","0","1","0"
"00003194","쌍암공원","00000007","매월16","20221003","2","3","4","3","2","2","4","2","0","0","0","0","0","1","0","1","0","0","0","0","0","0","0","0","0","0","0","0","0","0","0","0","1","0","0","0","1","0","0","0","0","0","0","0","0","0","0","0"
"00003194","쌍암공원","00000017","첨단30","20221003","2","5","5","5","2","4","5","4","0","0","0","0","0","1","0","1","0","1","0","1","0","0","0","0","0","0","0","0","0","1","0","1","0","1","0","1","0","1","0","1","0","0","0","0","0","0","0","0"
"00003194","쌍암공원","00000026","운림51","20221003","2","4","0","4","2","4","0","4","0","0","0","0","0","0","0","0","0","0","0","0","0","0","0","0","0","0","0","0","0","0","0","0","0","0","0","0","0","0","0","0","0","0","0","0","0","0","0","0"
"00003194","쌍암공원","00000080","첨단193","20221003","0","0","0","0","0","0","0","0","0","0","0","0","0","0","0","0","0","0","0","0","0","0","0","0","0","0","0","0","0","0","0","0","0","0","0","0","0","0","0","0","0","0","0","0","0","0","0","0"
"00003194","쌍암공원","00000108","송정33","20221003","2","7","2","7","2","5","0","5","0","0","0","0","0","2","2","2","1","0","0","0","1","0","0","0","0","0","0","0","0","0","0","0","0","0","1","0","0","0","1","0","0","0","0","0","0","0","0","0"
"00003194","쌍암공원","00000203","마을700","20221003","2","1","2","1","2","0","2","0","0","0","0","0","0","1","0","1","0","3","1","3","0","3","1","3","0","0","0","0","0","0","0","0","0","0","0","0","0","0","0","0","0","0","0","0","0","0","0","0"
"00003195","학2마을아파트","00000005","첨단09","20221003","9","7","0","7","9","7","0","7","0","0","0","0","0","0","0","0","1","2","8","2","1","2","8","2","0","0","0","0","0","0","0","0","15","11","3","11","15","11","3","11","0","0","0","0","0","0","0","0"
"00003195","학2마을아파트","00000018","운림35","20221003","3","0","0","0","3","0","0","0","0","0","0","0","0","0","0","0","1","0","4","0","1","0","4","0","0","0","0","0","0","0","0","0","10","1","2","1","9","1","2","1","0","0","0","0","1","0","0","0"
"00003195","학2마을아파트","00000025","운림50","20221003","2","2","3","2","2","2","2","2","0","0","0","0","0","0","1","0","1","1","0","1","1","1","0","1","0","0","0","0","0","0","0","0","5","3","2","3","5","3","2","3","0","0","0","0","0","0","0","0"
"00003195","학2마을아파트","00000026","운림51","20221003","4","7","6","7","4","7","4","7","0","0","0","0","0","0","2","0","1","1","2","1","1","1","2","1","0","0","0","0","0","0","0","0","3","0","7","0","3","0","6","0","0","0","0","0","0","0","1","0"
"00003195","학2마을아파트","00000029","운림54","20221003","11","4","1","4","11","4","1","4","0","0","0","0","0","0","0","0","2","1","6","1","2","1","6","1","0","0","0","0","0","0","0","0","11","8","3","8","11","8","3","8","0","0","0","0","0","0","0","0"
"00003195","학2마을아파트","00000098","수완49","20221003","3","1","1","1","3","1","1","1","0","0","0","0","0","0","0","0","1","2","1","2","1","2","1","2","0","0","0","0","0","0","0","0","4","0","0","0","4","0","0","0","0","0","0","0","0","0","0","0"
"00003195","학2마을아파트","00000102","수완12","20221003","2","4","1","4","2","4","0","4","0","0","0","0","0","0","1","0","0","1","2","1","0","1","0","1","0","0","2","0","0","0","0","0","9","7","0","7","9","7","0","7","0","0","0","0","0","0","0","0"
"00003195","학2마을아파트","00000109","좌석02","20221003","0","1","0","1","0","1","0","1","0","0","0","0","0","0","0","0","0","0","0","0","0","0","0","0","0","0","0","0","0","0","0","0","0","0","2","0","0","0","2","0","0","0","0","0","0","0","0","0"
"00003196","풍암사거리(서)","00000007","매월16","20221003","1","0","1","0","1","0","1","0","0","0","0","0","0","0","0","0","0","0","0","0","0","0","0","0","0","0","0","0","0","0","0","0","0","0","0","0","0","0","0","0","0","0","0","0","0","0","0","0"
"00003196","풍암사거리(서)","00000044","송암73","20221003","0","0","0","0","0","0","0","0","0","0","0","0","0","0","0","0","2","0","0","0","2","0","0","0","0","0","0","0","0","0","0","0","0","0","0","0","0","0","0","0","0","0","0","0","0","0","0","0"
"00003197","백운초교(남)","00000023","지원45","20221003","3","7","4","7","2","6","4","6","0","0","0","0","1","1","0","1","1","1","5","1","1","1","4","1","0","0","0","0","0","0","1","0","0","0","1","0","0","0","1","0","0","0","0","0","0","0","0","0"
"00003197","백운초교(남)","00000025","운림50","20221003","3","1","2","1","3","0","2","0","0","0","0","0","0","1","0","1","0","2","2","2","0","2","2","2","0","0","0","0","0","0","0","0","0","0","2","0","0","0","1","0","0","0","0","0","0","0","1","0"
"00003197","백운초교(남)","00000042","대촌71","20221003","0","0","0","0","0","0","0","0","0","0","0","0","0","0","0","0","1","0","0","0","1","0","0","0","0","0","0","0","0","0","0","0","0","0","0","0","0","0","0","0","0","0","0","0","0","0","0","0"
"00003202","용전사거리(북)","00000006","지원15","20221003","0","0","0","0","0","0","0","0","0","0","0","0","0","0","0","0","1","0","0","0","1","0","0","0","0","0","0","0","0","0","0","0","0","2","0","2","0","2","0","2","0","0","0","0","0","0","0","0"
"00003202","용전사거리(북)","00000055","용전84","20221003","0","1","0","1","0","1","0","1","0","0","0","0","0","0","0","0","1","0","0","0","1","0","0","0","0","0","0","0","0","0","0","0","0","0","0","0","0","0","0","0","0","0","0","0","0","0","0","0"
"00003202","용전사거리(북)","00000057","용전86","20221003","0","0","0","0","0","0","0","0","0","0","0","0","0","0","0","0","0","1","0","1","0","1","0","1","0","0","0","0","0","0","0","0","0","0","0","0","0","0","0","0","0","0","0","0","0","0","0","0"
"00003202","용전사거리(북)","00000065","첨단95","20221003","0","3","1","3","0","3","1","3","0","0","0","0","0","0","0","0","1","4","2","4","1","4","2","4","0","0","0","0","0","0","0","0","1","1","1","1","1","1","1","1","0","0","0","0","0","0","0","0"
"00003202","용전사거리(북)","00000120","양산60","20221003","0","0","0","0","0","0","0","0","0","0","0","0","0","0","0","0","0","0","0","0","0","0","0","0","0","0","0","0","0","0","0","0","0","0","0","0","0","0","0","0","0","0","0","0","0","0","0","0"
"00003203","연제새한아파트","00000056","용전85","20221003","1","1","1","1","1","1","0","1","0","0","0","0","0","0","1","0","0","0","0","0","0","0","0","0","0","0","0","0","0","0","0","0","0","0","0","0","0","0","0","0","0","0","0","0","0","0","0","0"
"00003203","연제새한아파트","00000214","마을799","20221003","0","1","0","1","0","1","0","1","0","0","0","0","0","0","0","0","0","0","0","0","0","0","0","0","0","0","0","0","0","0","0","0","0","0","0","0","0","0","0","0","0","0","0","0","0","0","0","0"
"00003204","연제새한아파트","00000056","용전85","20221003","2","5","2","5","1","5","2","5","0","0","0","0","1","0","0","0","0","0","1","0","0","0","1","0","0","0","0","0","0","0","0","0","0","0","0","0","0","0","0","0","0","0","0","0","0","0","0","0"
"00003204","연제새한아파트","00000214","마을799","20221003","0","0","0","0","0","0","0","0","0","0","0","0","0","0","0","0","0","0","0","0","0","0","0","0","0","0","0","0","0","0","0","0","0","0","0","0","0","0","0","0","0","0","0","0","0","0","0","0"
"00003205","연제주공아파트","00000056","용전85","20221003","2","3","1","3","2","3","1","3","0","0","0","0","0","0","0","0","0","0","0","0","0","0","0","0","0","0","0","0","0","0","0","0","0","0","0","0","0","0","0","0","0","0","0","0","0","0","0","0"
"00003206","연제주공아파트","00000056","용전85","20221003","2","3","1","3","2","3","1","3","0","0","0","0","0","0","0","0","0","0","0","0","0","0","0","0","0","0","0","0","0","0","0","0","0","0","0","0","0","0","0","0","0","0","0","0","0","0","0","0"
"00003206","연제주공아파트","00000214","마을799","20221003","2","0","0","0","2","0","0","0","0","0","0","0","0","0","0","0","0","0","0","0","0","0","0","0","0","0","0","0","0","0","0","0","0","0","0","0","0","0","0","0","0","0","0","0","0","0","0","0"
"00003207","양산초교","00000056","용전85","20221003","2","1","0","1","2","0","0","0","0","0","0","0","0","1","0","1","0","1","1","1","0","1","1","1","0","0","0","0","0","0","0","0","0","0","0","0","0","0","0","0","0","0","0","0","0","0","0","0"
"00003208","양산초교","00000056","용전85","20221003","0","0","0","0","0","0","0","0","0","0","0","0","0","0","0","0","0","0","1","0","0","0","1","0","0","0","0","0","0","0","0","0","0","0","0","0","0","0","0","0","0","0","0","0","0","0","0","0"
"00003210","용전사거리(남)","00000013","매월26","20221003","1","1","4","1","1","1","4","1","0","0","0","0","0","0","0","0","0","0","0","0","0","0","0","0","0","0","0","0","0","0","0","0","0","1","1","1","0","1","1","1","0","0","0","0","0","0","0","0"
"00003210","용전사거리(남)","00000032","금남57","20221003","0","0","0","0","0","0","0","0","0","0","0","0","0","0","0","0","0","0","0","0","0","0","0","0","0","0","0","0","0","0","0","0","0","0","0","0","0","0","0","0","0","0","0","0","0","0","0","0"
"00003210","용전사거리(남)","00000077","용전184","20221003","0","1","0","1","0","1","0","1","0","0","0","0","0","0","0","0","1","0","0","0","0","0","0","0","0","0","0","0","1","0","0","0","0","0","1","0","0","0","1","0","0","0","0","0","0","0","0","0"
"00003210","용전사거리(남)","00000214","마을799","20221003","0","0","0","0","0","0","0","0","0","0","0","0","0","0","0","0","0","1","0","1","0","1","0","1","0","0","0","0","0","0","0","0","0","0","0","0","0","0","0","0","0","0","0","0","0","0","0","0"
"00003211","지산마을","00000006","지원15","20221003","0","0","0","0","0","0","0","0","0","0","0","0","0","0","0","0","0","2","1","2","0","2","1","2","0","0","0","0","0","0","0","0","0","0","0","0","0","0","0","0","0","0","0","0","0","0","0","0"
"00003211","지산마을","00000013","매월26","20221003","0","0","0","0","0","0","0","0","0","0","0","0","0","0","0","0","1","0","1","0","1","0","1","0","0","0","0","0","0","0","0","0","0","0","0","0","0","0","0","0","0","0","0","0","0","0","0","0"
"00003211","지산마을","00000057","용전86","20221003","0","0","0","0","0","0","0","0","0","0","0","0","0","0","0","0","1","0","0","0","1","0","0","0","0","0","0","0","0","0","0","0","1","0","0","0","1","0","0","0","0","0","0","0","0","0","0","0"
"00003212","지산마을","00000006","지원15","20221003","0","2","1","2","0","1","1","1","0","0","0","0","0","1","0","1","0","0","0","0","0","0","0","0","0","0","0","0","0","0","0","0","0","0","0","0","0","0","0","0","0","0","0","0","0","0","0","0"
"00003212","지산마을","00000013","매월26","20221003","1","1","0","1","1","1","0","1","0","0","0","0","0","0","0","0","0","0","0","0","0","0","0","0","0","0","0","0","0","0","0","0","0","0","0","0","0","0","0","0","0","0","0","0","0","0","0","0"
"00003212","지산마을","00000214","마을799","20221003","0","0","0","0","0","0","0","0","0","0","0","0","0","0","0","0","0","0","0","0","0","0","0","0","0","0","0","0","0","0","0","0","0","0","0","0","0","0","0","0","0","0","0","0","0","0","0","0"
"00003214","동림푸른마을","00000007","매월16","20221003","2","4","3","4","2","4","3","4","0","0","0","0","0","0","0","0","0","0","0","0","0","0","0","0","0","0","0","0","0","0","0","0","0","0","0","0","0","0","0","0","0","0","0","0","0","0","0","0"
"00003214","동림푸른마을","00000014","봉선27","20221003","1","2","3","2","1","1","3","1","0","0","0","0","0","1","0","1","0","0","0","0","0","0","0","0","0","0","0","0","0","0","0","0","0","0","0","0","0","0","0","0","0","0","0","0","0","0","0","0"
"00003214","동림푸른마을","00000016","송정29","20221003","21","8","7","8","21","7","7","7","0","0","0","0","0","1","0","1","1","0","0","0","1","0","0","0","0","0","0","0","0","0","0","0","1","0","1","0","1","0","1","0","0","0","0","0","0","0","0","0"
"00003214","동림푸른마을","00000026","운림51","20221003","5","6","1","6","5","5","1","5","0","0","0","0","0","1","0","1","0","0","0","0","0","0","0","0","0","0","0","0","0","0","0","0","0","0","0","0","0","0","0","0","0","0","0","0","0","0","0","0"
"00003214","동림푸른마을","00000043","송암72","20221003","4","4","3","4","3","4","2","4","0","0","0","0","1","0","1","0","0","0","1","0","0","0","1","0","0","0","0","0","0","0","0","0","0","0","0","0","0","0","0","0","0","0","0","0","0","0","0","0"
"00003214","동림푸른마을","00000079","첨단192","20221003","1","0","0","0","1","0","0","0","0","0","0","0","0","0","0","0","0","0","0","0","0","0","0","0","0","0","0","0","0","0","0","0","0","0","0","0","0","0","0","0","0","0","0","0","0","0","0","0"
"00003214","동림푸른마을","00000102","수완12","20221003","3","7","3","7","3","5","2","5","0","0","0","0","0","2","1","2","0","1","0","1","0","1","0","1","0","0","0","0","0","0","0","0","0","0","1","0","0","0","0","0","0","0","0","0","0","0","1","0"
"00003217","첨단부영아파트","00000007","매월16","20221003","0","0","0","0","0","0","0","0","0","0","0","0","0","0","0","0","0","0","2","0","0","0","1","0","0","0","0","0","0","0","1","0","0","0","0","0","0","0","0","0","0","0","0","0","0","0","0","0"
"00003217","첨단부영아파트","00000026","운림51","20221003","0","0","0","0","0","0","0","0","0","0","0","0","0","0","0","0","0","1","3","1","0","1","3","1","0","0","0","0","0","0","0","0","0","0","0","0","0","0","0","0","0","0","0","0","0","0","0","0"
"00003217","첨단부영아파트","00000062","첨단92","20221003","0","0","0","0","0","0","0","0","0","0","0","0","0","0","0","0","0","0","0","0","0","0","0","0","0","0","0","0","0","0","0","0","0","0","0","0","0","0","0","0","0","0","0","0","0","0","0","0"
"00003217","첨단부영아파트","00000095","금호46","20221003","5","7","5","7","5","6","3","6","0","0","0","0","0","1","2","1","0","1","0","1","0","1","0","1","0","0","0","0","0","0","0","0","0","1","0","1","0","1","0","1","0","0","0","0","0","0","0","0"
"00003219","광주대입구","00000004","진월07","20221003","5","26","18","26","4","24","13","24","0","0","1","0","1","2","4","2","0","1","1","1","0","1","1","1","0","0","0","0","0","0","0","0","5","3","4","3","5","3","3","3","0","0","0","0","0","0","1","0"
"00003219","광주대입구","00000008","진월17","20221003","4","4","7","4","4","3","7","3","0","0","0","0","0","1","0","1","0","0","1","0","0","0","1","0","0","0","0","0","0","0","0","0","0","1","3","1","0","1","3","1","0","0","0","0","0","0","0","0"
"00003219","광주대입구","00000015","일곡28","20221003","4","2","4","2","3","0","2","0","0","0","0","0","1","2","2","2","1","0","0","0","1","0","0","0","0","0","0","0","0","0","0","0","1","0","0","0","1","0","0","0","0","0","0","0","0","0","0","0"
"00003219","광주대입구","00000041","대촌70","20221003","2","1","0","1","2","1","0","1","0","0","0","0","0","0","0","0","0","0","1","0","0","0","1","0","0","0","0","0","0","0","0","0","0","0","0","0","0","0","0","0","0","0","0","0","0","0","0","0"
"00003219","광주대입구","00000044","송암73","20221003","5","5","9","5","5","5","8","5","0","0","0","0","0","0","1","0","0","0","0","0","0","0","0","0","0","0","0","0","0","0","0","0","0","0","4","0","0","0","4","0","0","0","0","0","0","0","0","0"
"00003219","광주대입구","00000048","진월77","20221003","2","0","2","0","2","0","1","0","0","0","0","0","0","0","1","0","0","1","0","1","0","1","0","1","0","0","0","0","0","0","0","0","0","0","0","0","0","0","0","0","0","0","0","0","0","0","0","0"
"00003219","광주대입구","00000049","진월78","20221003","0","1","0","1","0","1","0","1","0","0","0","0","0","0","0","0","0","0","0","0","0","0","0","0","0","0","0","0","0","0","0","0","0","0","0","0","0","0","0","0","0","0","0","0","0","0","0","0"
"00003219","광주대입구","00000050","진월79","20221003","2","4","4","4","2","4","3","4","0","0","1","0","0","0","0","0","0","0","0","0","0","0","0","0","0","0","0","0","0","0","0","0","0","0","0","0","0","0","0","0","0","0","0","0","0","0","0","0"
"00003219","광주대입구","00000065","첨단95","20221003","0","7","4","7","0","5","4","5","0","2","0","2","0","0","0","0","1","1","3","1","1","1","3","1","0","0","0","0","0","0","0","0","3","2","1","2","3","2","1","2","0","0","0","0","0","0","0","0"
"00003219","광주대입구","00000069","송정99","20221003","0","0","0","0","0","0","0","0","0","0","0","0","0","0","0","0","1","0","0","0","1","0","0","0","0","0","0","0","0","0","0","0","0","0","0","0","0","0","0","0","0","0","0","0","0","0","0","0"
"00003219","광주대입구","00000073","대촌170","20221003","2","3","0","3","2","3","0","3","0","0","0","0","0","0","0","0","3","0","0","0","3","0","0","0","0","0","0","0","0","0","0","0","0","0","0","0","0","0","0","0","0","0","0","0","0","0","0","0"
"00003219","광주대입구","00000074","진월177","20221003","0","1","0","1","0","1","0","1","0","0","0","0","0","0","0","0","0","0","0","0","0","0","0","0","0","0","0","0","0","0","0","0","0","4","0","4","0","4","0","4","0","0","0","0","0","0","0","0"
"00003219","광주대입구","00000100","진월75","20221003","1","4","0","4","1","4","0","4","0","0","0","0","0","0","0","0","3","2","2","2","3","2","1","2","0","0","0","0","0","0","1","0","0","0","0","0","0","0","0","0","0","0","0","0","0","0","0","0"
"00003219","광주대입구","00000101","송암31","20221003","2","4","3","4","2","4","3","4","0","0","0","0","0","0","0","0","0","1","0","1","0","1","0","1","0","0","0","0","0","0","0","0","1","2","0","2","1","2","0","2","0","0","0","0","0","0","0","0"
"00003219","광주대입구","00000208","마을715(대촌)","20221003","0","2","0","2","0","2","0","2","0","0","0","0","0","0","0","0","1","0","0","0","1","0","0","0","0","0","0","0","0","0","0","0","0","0","0","0","0","0","0","0","0","0","0","0","0","0","0","0"
"00003228","보문고","00000019","봉선37","20221003","9","15","8","15","8","13","8","13","0","0","0","0","1","2","0","2","0","0","0","0","0","0","0","0","0","0","0","0","0","0","0","0","0","0","0","0","0","0","0","0","0","0","0","0","0","0","0","0"
"00003228","보문고","00000020","일곡38","20221003","8","11","5","11","8","10","4","10","0","0","0","0","0","1","1","1","0","0","0","0","0","0","0","0","0","0","0","0","0","0","0","0","0","0","0","0","0","0","0","0","0","0","0","0","0","0","0","0"
"00003228","보문고","00000060","임곡90","20221003","1","3","1","3","1","3","1","3","0","0","0","0","0","0","0","0","1","0","0","0","1","0","0","0","0","0","0","0","0","0","0","0","0","0","0","0","0","0","0","0","0","0","0","0","0","0","0","0"
"00003228","보문고","00000082","송정197","20221003","0","0","0","0","0","0","0","0","0","0","0","0","0","0","0","0","0","0","0","0","0","0","0","0","0","0","0","0","0","0","0","0","0","0","0","0","0","0","0","0","0","0","0","0","0","0","0","0"
"00003228","보문고","00000085","송정296","20221003","0","1","1","1","0","1","1","1","0","0","0","0","0","0","0","0","0","0","0","0","0","0","0","0","0","0","0","0","0","0","0","0","0","0","0","0","0","0","0","0","0","0","0","0","0","0","0","0"
"00003232","담배인삼공사","00000087","1187","20221003","5","2","1","2","5","2","1","2","0","0","0","0","0","0","0","0","0","1","2","1","0","1","2","1","0","0","0","0","0","0","0","0","0","0","0","0","0","0","0","0","0","0","0","0","0","0","0","0"
"00003233","담배인삼공사","00000087","1187","20221003","0","0","0","0","0","0","0","0","0","0","0","0","0","0","0","0","0","0","0","0","0","0","0","0","0","0","0","0","0","0","0","0","0","0","0","0","0","0","0","0","0","0","0","0","0","0","0","0"
"00003250","진곡 동길","00000011","첨단20","20221003","1","1","3","1","1","0","3","0","0","0","0","0","0","1","0","1","1","0","0","0","1","0","0","0","0","0","0","0","0","0","0","0","0","0","0","0","0","0","0","0","0","0","0","0","0","0","0","0"
"00003262","삼각그린타운","00000013","매월26","20221003","11","7","1","7","10","5","1","5","0","2","0","2","1","0","0","0","0","1","2","1","0","0","2","0","0","0","0","0","0","1","0","1","1","0","0","0","1","0","0","0","0","0","0","0","0","0","0","0"
"00003262","삼각그린타운","00000016","송정29","20221003","10","6","6","6","9","5","4","5","1","0","0","0","0","1","2","1","1","0","0","0","1","0","0","0","0","0","0","0","0","0","0","0","0","1","0","1","0","1","0","1","0","0","0","0","0","0","0","0"
"00003262","삼각그린타운","00000017","첨단30","20221003","4","8","4","8","4","6","4","6","0","0","0","0","0","2","0","2","2","1","2","1","2","1","2","1","0","0","0","0","0","0","0","0","0","0","0","0","0","0","0","0","0","0","0","0","0","0","0","0"
"00003262","삼각그린타운","00000020","일곡38","20221003","5","7","1","7","5","4","1","4","0","0","0","0","0","3","0","3","0","0","0","0","0","0","0","0","0","0","0","0","0","0","0","0","0","0","0","0","0","0","0","0","0","0","0","0","0","0","0","0"
"00003262","삼각그린타운","00000031","419","20221003","0","0","2","0","0","0","1","0","0","0","0","0","0","0","1","0","0","0","0","0","0","0","0","0","0","0","0","0","0","0","0","0","0","1","0","1","0","0","0","0","0","1","0","1","0","0","0","0"
"00003262","삼각그린타운","00000032","금남57","20221003","4","10","9","10","4","8","7","8","0","1","0","1","0","1","2","1","1","0","1","0","1","0","1","0","0","0","0","0","0","0","0","0","0","2","0","2","0","0","0","0","0","1","0","1","0","1","0","1"
"00003262","삼각그린타운","00000057","용전86","20221003","3","2","0","2","3","2","0","2","0","0","0","0","0","0","0","0","0","0","0","0","0","0","0","0","0","0","0","0","0","0","0","0","0","0","0","0","0","0","0","0","0","0","0","0","0","0","0","0"
"00003262","삼각그린타운","00000117","첨단23","20221003","5","3","5","3","5","2","2","2","0","0","0","0","0","1","3","1","1","0","0","0","1","0","0","0","0","0","0","0","0","0","0","0","0","0","0","0","0","0","0","0","0","0","0","0","0","0","0","0"
"00003262","삼각그린타운","00000211","마을777(우치공원)","20221003","3","1","1","1","1","1","1","1","2","0","0","0","0","0","0","0","0","0","1","0","0","0","0","0","0","0","0","0","0","0","1","0","0","0","0","0","0","0","0","0","0","0","0","0","0","0","0","0"
"00003262","삼각그린타운","00000213","마을788","20221003","2","2","3","2","2","1","3","1","0","0","0","0","0","1","0","1","1","1","0","1","0","1","0","1","0","0","0","0","1","0","0","0","0","0","0","0","0","0","0","0","0","0","0","0","0","0","0","0"
"00003272","교통공원","00000017","첨단30","20221003","0","0","2","0","0","0","1","0","0","0","0","0","0","0","1","0","1","0","0","0","1","0","0","0","0","0","0","0","0","0","0","0","0","0","0","0","0","0","0","0","0","0","0","0","0","0","0","0"
"00003272","교통공원","00000080","첨단193","20221003","0","0","0","0","0","0","0","0","0","0","0","0","0","0","0","0","0","0","0","0","0","0","0","0","0","0","0","0","0","0","0","0","1","0","0","0","1","0","0","0","0","0","0","0","0","0","0","0"
"00003272","교통공원","00000117","첨단23","20221003","1","1","0","1","1","1","0","1","0","0","0","0","0","0","0","0","0","0","0","0","0","0","0","0","0","0","0","0","0","0","0","0","0","0","1","0","0","0","1","0","0","0","0","0","0","0","0","0"
"00003272","교통공원","00000213","마을788","20221003","1","3","3","3","1","2","2","2","0","0","0","0","0","1","1","1","0","0","0","0","0","0","0","0","0","0","0","0","0","0","0","0","0","0","2","0","0","0","2","0","0","0","0","0","0","0","0","0"
"00003273","교통공원","00000017","첨단30","20221003","0","1","0","1","0","1","0","1","0","0","0","0","0","0","0","0","0","3","1","3","0","3","1","3","0","0","0","0","0","0","0","0","0","0","0","0","0","0","0","0","0","0","0","0","0","0","0","0"
"00003273","교통공원","00000117","첨단23","20221003","0","0","0","0","0","0","0","0","0","0","0","0","0","0","0","0","2","4","3","4","2","2","3","2","0","1","0","1","0","1","0","1","0","0","0","0","0","0","0","0","0","0","0","0","0","0","0","0"
"00003273","교통공원","00000213","마을788","20221003","0","0","0","0","0","0","0","0","0","0","0","0","0","0","0","0","0","0","0","0","0","0","0","0","0","0","0","0","0","0","0","0","0","0","0","0","0","0","0","0","0","0","0","0","0","0","0","0"
"00003274","김대중컨벤션센터","00000020","일곡38","20221003","2","1","3","1","2","1","2","1","0","0","0","0","0","0","1","0","0","0","0","0","0","0","0","0","0","0","0","0","0","0","0","0","0","0","0","0","0","0","0","0","0","0","0","0","0","0","0","0"
"00003274","김대중컨벤션센터","00000038","상무64","20221003","0","1","2","1","0","1","2","1","0","0","0","0","0","0","0","0","0","0","0","0","0","0","0","0","0","0","0","0","0","0","0","0","0","0","0","0","0","0","0","0","0","0","0","0","0","0","0","0"
"00003275","김대중컨벤션센터","00000020","일곡38","20221003","0","1","1","1","0","1","1","1","0","0","0","0","0","0","0","0","0","0","2","0","0","0","2","0","0","0","0","0","0","0","0","0","0","0","0","0","0","0","0","0","0","0","0","0","0","0","0","0"
"00003275","김대중컨벤션센터","00000038","상무64","20221003","0","0","0","0","0","0","0","0","0","0","0","0","0","0","0","0","1","0","1","0","1","0","0","0","0","0","0","0","0","0","1","0","0","0","0","0","0","0","0","0","0","0","0","0","0","0","0","0"
"00003276","목련마을8단지","00000019","봉선37","20221003","0","0","0","0","0","0","0","0","0","0","0","0","0","0","0","0","0","1","0","1","0","1","0","1","0","0","0","0","0","0","0","0","0","0","0","0","0","0","0","0","0","0","0","0","0","0","0","0"
"00003276","목련마을8단지","00000059","임곡89","20221003","0","0","0","0","0","0","0","0","0","0","0","0","0","0","0","0","1","0","2","0","1","0","2","0","0","0","0","0","0","0","0","0","0","0","0","0","0","0","0","0","0","0","0","0","0","0","0","0"
"00003276","목련마을8단지","00000064","첨단94","20221003","1","0","0","0","1","0","0","0","0","0","0","0","0","0","0","0","1","0","0","0","1","0","0","0","0","0","0","0","0","0","0","0","0","0","0","0","0","0","0","0","0","0","0","0","0","0","0","0"
"00003276","목련마을8단지","00000068","송정98","20221003","9","13","6","13","9","11","6","11","0","1","0","1","0","1","0","1","1","5","3","5","1","4","2","4","0","0","0","0","0","1","1","1","0","1","0","1","0","1","0","1","0","0","0","0","0","0","0","0"
"00003276","목련마을8단지","00000090","문흥39","20221003","6","12","3","12","6","11","3","11","0","0","0","0","0","1","0","1","0","3","3","3","0","3","3","3","0","0","0","0","0","0","0","0","1","3","0","3","1","3","0","3","0","0","0","0","0","0","0","0"
"00003276","목련마을8단지","00000108","송정33","20221003","5","4","4","4","4","3","2","3","0","1","0","1","1","0","2","0","0","1","3","1","0","1","3","1","0","0","0","0","0","0","0","0","0","0","1","0","0","0","1","0","0","0","0","0","0","0","0","0"
"00003277","교동","00000027","지원52","20221003","0","0","0","0","0","0","0","0","0","0","0","0","0","0","0","0","0","0","0","0","0","0","0","0","0","0","0","0","0","0","0","0","0","0","0","0","0","0","0","0","0","0","0","0","0","0","0","0"
"00003278","교동","00000027","지원52","20221003","0","0","0","0","0","0","0","0","0","0","0","0","0","0","0","0","0","0","0","0","0","0","0","0","0","0","0","0","0","0","0","0","0","0","0","0","0","0","0","0","0","0","0","0","0","0","0","0"
"00003281","발산","00000039","유덕65","20221003","1","0","0","0","1","0","0","0","0","0","0","0","0","0","0","0","0","0","0","0","0","0","0","0","0","0","0","0","0","0","0","0","0","0","0","0","0","0","0","0","0","0","0","0","0","0","0","0"
"00003281","발산","00000201","마을760","20221003","1","1","0","1","0","1","0","1","0","0","0","0","1","0","0","0","2","1","1","1","2","1","1","1","0","0","0","0","0","0","0","0","0","0","0","0","0","0","0","0","0","0","0","0","0","0","0","0"
"00003283","양동시장역(천변)","00000042","대촌71","20221003","0","0","0","0","0","0","0","0","0","0","0","0","0","0","0","0","0","0","1","0","0","0","1","0","0","0","0","0","0","0","0","0","0","0","0","0","0","0","0","0","0","0","0","0","0","0","0","0"
"00003283","양동시장역(천변)","00000055","용전84","20221003","0","0","2","0","0","0","2","0","0","0","0","0","0","0","0","0","3","4","5","4","3","2","4","2","0","1","1","1","0","1","0","1","0","0","0","0","0","0","0","0","0","0","0","0","0","0","0","0"
"00003283","양동시장역(천변)","00000201","마을760","20221003","0","0","0","0","0","0","0","0","0","0","0","0","0","0","0","0","0","2","1","2","0","2","1","2","0","0","0","0","0","0","0","0","0","0","0","0","0","0","0","0","0","0","0","0","0","0","0","0"
"00003288","유덕2교차로","00000039","유덕65","20221003","0","0","0","0","0","0","0","0","0","0","0","0","0","0","0","0","0","1","0","1","0","1","0","1","0","0","0","0","0","0","0","0","0","0","0","0","0","0","0","0","0","0","0","0","0","0","0","0"
"00003288","유덕2교차로","00000059","임곡89","20221003","0","0","0","0","0","0","0","0","0","0","0","0","0","0","0","0","0","0","0","0","0","0","0","0","0","0","0","0","0","0","0","0","0","0","0","0","0","0","0","0","0","0","0","0","0","0","0","0"
"00003288","유덕2교차로","00000087","1187","20221003","0","0","0","0","0","0","0","0","0","0","0","0","0","0","0","0","0","0","1","0","0","0","1","0","0","0","0","0","0","0","0","0","0","0","0","0","0","0","0","0","0","0","0","0","0","0","0","0"
"00003293","석교삼거리","00000042","대촌71","20221003","0","0","0","0","0","0","0","0","0","0","0","0","0","0","0","0","0","0","0","0","0","0","0","0","0","0","0","0","0","0","0","0","0","0","0","0","0","0","0","0","0","0","0","0","0","0","0","0"
"00003293","석교삼거리","00000069","송정99","20221003","0","0","0","0","0","0","0","0","0","0","0","0","0","0","0","0","0","0","0","0","0","0","0","0","0","0","0","0","0","0","0","0","0","0","0","0","0","0","0","0","0","0","0","0","0","0","0","0"
"00003293","석교삼거리","00000083","대촌270","20221003","0","0","1","0","0","0","1","0","0","0","0","0","0","0","0","0","0","0","0","0","0","0","0","0","0","0","0","0","0","0","0","0","0","0","0","0","0","0","0","0","0","0","0","0","0","0","0","0"
"00003294","석교삼거리","00000069","송정99","20221003","1","0","0","0","1","0","0","0","0","0","0","0","0","0","0","0","0","0","0","0","0","0","0","0","0","0","0","0","0","0","0","0","0","0","0","0","0","0","0","0","0","0","0","0","0","0","0","0"
"00003297","임암","00000049","진월78","20221003","0","0","0","0","0","0","0","0","0","0","0","0","0","0","0","0","0","0","0","0","0","0","0","0","0","0","0","0","0","0","0","0","0","0","0","0","0","0","0","0","0","0","0","0","0","0","0","0"
"00003297","임암","00000114","수완03","20221003","0","1","3","1","0","1","3","1","0","0","0","0","0","0","0","0","1","0","1","0","1","0","1","0","0","0","0","0","0","0","0","0","0","0","0","0","0","0","0","0","0","0","0","0","0","0","0","0"
"00003297","임암","00000208","마을715(대촌)","20221003","0","0","0","0","0","0","0","0","0","0","0","0","0","0","0","0","0","0","0","0","0","0","0","0","0","0","0","0","0","0","0","0","0","0","0","0","0","0","0","0","0","0","0","0","0","0","0","0"
"00003298","임암","00000114","수완03","20221003","0","0","0","0","0","0","0","0","0","0","0","0","0","0","0","0","1","0","0","0","1","0","0","0","0","0","0","0","0","0","0","0","0","0","0","0","0","0","0","0","0","0","0","0","0","0","0","0"
"00003299","이동","00000049","진월78","20221003","0","0","0","0","0","0","0","0","0","0","0","0","0","0","0","0","0","0","0","0","0","0","0","0","0","0","0","0","0","0","0","0","0","0","0","0","0","0","0","0","0","0","0","0","0","0","0","0"
"00003300","동산초교옆","00000088","금호36","20221003","1","2","1","2","1","2","1","2","0","0","0","0","0","0","0","0","0","1","3","1","0","1","3","1","0","0","0","0","0","0","0","0","0","0","0","0","0","0","0","0","0","0","0","0","0","0","0","0"
"00003303","용봉모아아파트","00000031","419","20221003","1","2","1","2","1","2","1","2","0","0","0","0","0","0","0","0","0","0","2","0","0","0","1","0","0","0","0","0","0","0","1","0","0","0","0","0","0","0","0","0","0","0","0","0","0","0","0","0"
"00003303","용봉모아아파트","00000054","용봉83","20221003","0","10","7","10","0","7","6","7","0","3","0","3","0","0","1","0","0","0","0","0","0","0","0","0","0","0","0","0","0","0","0","0","0","0","0","0","0","0","0","0","0","0","0","0","0","0","0","0"
"00003306","대원정사","00000032","금남57","20221003","0","0","0","0","0","0","0","0","0","0","0","0","0","0","0","0","0","0","0","0","0","0","0","0","0","0","0","0","0","0","0","0","0","0","0","0","0","0","0","0","0","0","0","0","0","0","0","0"
"00003306","대원정사","00000055","용전84","20221003","0","0","2","0","0","0","2","0","0","0","0","0","0","0","0","0","0","0","0","0","0","0","0","0","0","0","0","0","0","0","0","0","0","0","0","0","0","0","0","0","0","0","0","0","0","0","0","0"
"00003306","대원정사","00000056","용전85","20221003","0","0","0","0","0","0","0","0","0","0","0","0","0","0","0","0","0","0","1","0","0","0","1","0","0","0","0","0","0","0","0","0","0","0","0","0","0","0","0","0","0","0","0","0","0","0","0","0"
"00003308","삼각호반아파트","00000057","용전86","20221003","2","4","2","4","2","3","1","3","0","0","0","0","0","1","1","1","0","0","0","0","0","0","0","0","0","0","0","0","0","0","0","0","0","0","0","0","0","0","0","0","0","0","0","0","0","0","0","0"
"00003309","삼각호반아파트","00000057","용전86","20221003","0","0","1","0","0","0","1","0","0","0","0","0","0","0","0","0","0","0","0","0","0","0","0","0","0","0","0","0","0","0","0","0","0","0","0","0","0","0","0","0","0","0","0","0","0","0","0","0"
"00003311","중소기업진흥공단호남연수원","00000076","두암181","20221003","0","0","2","0","0","0","2","0","0","0","0","0","0","0","0","0","0","0","0","0","0","0","0","0","0","0","0","0","0","0","0","0","0","0","0","0","0","0","0","0","0","0","0","0","0","0","0","0"
"00003311","중소기업진흥공단호남연수원","00000086","518","20221003","0","0","0","0","0","0","0","0","0","0","0","0","0","0","0","0","0","0","1","0","0","0","1","0","0","0","0","0","0","0","0","0","0","0","0","0","0","0","0","0","0","0","0","0","0","0","0","0"
"00003313","두동","00000061","임곡91","20221003","0","0","2","0","0","0","2","0","0","0","0","0","0","0","0","0","0","0","0","0","0","0","0","0","0","0","0","0","0","0","0","0","0","0","0","0","0","0","0","0","0","0","0","0","0","0","0","0"
"00003316","신촌 아랫길(임곡)","00000061","임곡91","20221003","0","0","0","0","0","0","0","0","0","0","0","0","0","0","0","0","0","0","1","0","0","0","1","0","0","0","0","0","0","0","0","0","0","0","0","0","0","0","0","0","0","0","0","0","0","0","0","0"
"00003317","신촌 아랫길(임곡)","00000061","임곡91","20221003","0","1","0","1","0","1","0","1","0","0","0","0","0","0","0","0","0","0","0","0","0","0","0","0","0","0","0","0","0","0","0","0","0","0","0","0","0","0","0","0","0","0","0","0","0","0","0","0"
"00003318","신촌 윗길(임곡)","00000061","임곡91","20221003","0","1","0","1","0","1","0","1","0","0","0","0","0","0","0","0","0","0","0","0","0","0","0","0","0","0","0","0","0","0","0","0","0","0","0","0","0","0","0","0","0","0","0","0","0","0","0","0"
"00003322","하남삼성전자사거리(북)","00000203","마을700","20221003","0","0","1","0","0","0","1","0","0","0","0","0","0","0","0","0","1","0","0","0","1","0","0","0","0","0","0","0","0","0","0","0","0","0","0","0","0","0","0","0","0","0","0","0","0","0","0","0"
"00003328","정우화학","00000011","첨단20","20221003","0","0","0","0","0","0","0","0","0","0","0","0","0","0","0","0","0","0","0","0","0","0","0","0","0","0","0","0","0","0","0","0","0","0","0","0","0","0","0","0","0","0","0","0","0","0","0","0"
"00003329","정우화학","00000011","첨단20","20221003","4","1","12","1","3","1","12","1","1","0","0","0","0","0","0","0","0","0","0","0","0","0","0","0","0","0","0","0","0","0","0","0","0","0","0","0","0","0","0","0","0","0","0","0","0","0","0","0"
"00003330","신성화학","00000011","첨단20","20221003","1","0","1","0","1","0","1","0","0","0","0","0","0","0","0","0","0","0","0","0","0","0","0","0","0","0","0","0","0","0","0","0","0","0","0","0","0","0","0","0","0","0","0","0","0","0","0","0"
"00003331","신성화학","00000011","첨단20","20221003","1","0","2","0","1","0","2","0","0","0","0","0","0","0","0","0","0","1","0","1","0","1","0","1","0","0","0","0","0","0","0","0","0","0","0","0","0","0","0","0","0","0","0","0","0","0","0","0"
"00003337","수완동","00000064","첨단94","20221003","0","0","0","0","0","0","0","0","0","0","0","0","0","0","0","0","0","0","1","0","0","0","1","0","0","0","0","0","0","0","0","0","0","0","0","0","0","0","0","0","0","0","0","0","0","0","0","0"
"00003338","수완동","00000064","첨단94","20221003","0","0","0","0","0","0","0","0","0","0","0","0","0","0","0","0","1","0","0","0","1","0","0","0","0","0","0","0","0","0","0","0","0","0","0","0","0","0","0","0","0","0","0","0","0","0","0","0"
"00003340","월전(광산구)","00000203","마을700","20221003","0","0","0","0","0","0","0","0","0","0","0","0","0","0","0","0","1","0","0","0","1","0","0","0","0","0","0","0","0","0","0","0","0","0","0","0","0","0","0","0","0","0","0","0","0","0","0","0"
"00003346","문촌","00000069","송정99","20221003","0","1","0","1","0","1","0","1","0","0","0","0","0","0","0","0","0","0","0","0","0","0","0","0","0","0","0","0","0","0","0","0","0","0","0","0","0","0","0","0","0","0","0","0","0","0","0","0"
"00003347","화순공공도서관입구","00000071","228(구151화순사평)","20221003","0","0","0","0","0","0","0","0","0","0","0","0","0","0","0","0","0","0","0","0","0","0","0","0","0","0","0","0","0","0","0","0","0","0","0","0","0","0","0","0","0","0","0","0","0","0","0","0"
"00003347","화순공공도서관입구","00000072","지원152(능주역)","20221003","0","0","0","0","0","0","0","0","0","0","0","0","0","0","0","0","0","0","0","0","0","0","0","0","0","0","0","0","0","0","0","0","0","0","0","0","0","0","0","0","0","0","0","0","0","0","0","0"
"00003347","화순공공도서관입구","00000122","228(화순전대병원)","20221003","0","0","0","0","0","0","0","0","0","0","0","0","0","0","0","0","0","0","0","0","0","0","0","0","0","0","0","0","0","0","0","0","0","0","0","0","0","0","0","0","0","0","0","0","0","0","0","0"
"00003347","화순공공도서관입구","00000123","지원152(도웅리)","20221003","0","0","0","0","0","0","0","0","0","0","0","0","0","0","0","0","0","0","0","0","0","0","0","0","0","0","0","0","0","0","0","0","0","0","0","0","0","0","0","0","0","0","0","0","0","0","0","0"
"00003357","박뫼","00000084","임곡290","20221003","0","0","1","0","0","0","1","0","0","0","0","0","0","0","0","0","0","0","0","0","0","0","0","0","0","0","0","0","0","0","0","0","2","0","0","0","2","0","0","0","0","0","0","0","0","0","0","0"
"00003359","흑석사거리(남)","00000011","첨단20","20221003","1","2","5","2","1","2","5","2","0","0","0","0","0","0","0","0","0","0","1","0","0","0","1","0","0","0","0","0","0","0","0","0","0","0","0","0","0","0","0","0","0","0","0","0","0","0","0","0"
"00003359","흑석사거리(남)","00000068","송정98","20221003","0","5","3","5","0","5","2","5","0","0","0","0","0","0","1","0","0","0","1","0","0","0","1","0","0","0","0","0","0","0","0","0","0","1","1","1","0","1","1","1","0","0","0","0","0","0","0","0"
"00003374","보강입구","00000082","송정197","20221003","0","0","0","0","0","0","0","0","0","0","0","0","0","0","0","0","0","0","0","0","0","0","0","0","0","0","0","0","0","0","0","0","0","0","0","0","0","0","0","0","0","0","0","0","0","0","0","0"
"00003410","화순공공도서관입구","00000071","228(구151화순사평)","20221003","0","0","0","0","0","0","0","0","0","0","0","0","0","0","0","0","0","0","0","0","0","0","0","0","0","0","0","0","0","0","0","0","0","0","0","0","0","0","0","0","0","0","0","0","0","0","0","0"
"00003410","화순공공도서관입구","00000072","지원152(능주역)","20221003","1","2","0","2","1","2","0","2","0","0","0","0","0","0","0","0","0","0","0","0","0","0","0","0","0","0","0","0","0","0","0","0","0","0","0","0","0","0","0","0","0","0","0","0","0","0","0","0"
"00003410","화순공공도서관입구","00000122","228(화순전대병원)","20221003","0","1","0","1","0","0","0","0","0","0","0","0","0","1","0","1","0","0","0","0","0","0","0","0","0","0","0","0","0","0","0","0","0","0","0","0","0","0","0","0","0","0","0","0","0","0","0","0"
"00003410","화순공공도서관입구","00000123","지원152(도웅리)","20221003","0","0","0","0","0","0","0","0","0","0","0","0","0","0","0","0","0","0","0","0","0","0","0","0","0","0","0","0","0","0","0","0","0","0","0","0","0","0","0","0","0","0","0","0","0","0","0","0"
"00003413","상무라인대주","00000086","518","20221003","0","0","0","0","0","0","0","0","0","0","0","0","0","0","0","0","0","0","0","0","0","0","0","0","0","0","0","0","0","0","0","0","0","0","0","0","0","0","0","0","0","0","0","0","0","0","0","0"
"00003414","상무라인대주","00000086","518","20221003","0","0","0","0","0","0","0","0","0","0","0","0","0","0","0","0","0","1","0","1","0","1","0","1","0","0","0","0","0","0","0","0","0","0","0","0","0","0","0","0","0","0","0","0","0","0","0","0"
"00003415","상무해광한신아파트","00000012","지원25","20221003","0","0","0","0","0","0","0","0","0","0","0","0","0","0","0","0","0","2","0","2","0","2","0","2","0","0","0","0","0","0","0","0","0","0","0","0","0","0","0","0","0","0","0","0","0","0","0","0"
"00003415","상무해광한신아파트","00000023","지원45","20221003","3","1","8","1","3","1","8","1","0","0","0","0","0","0","0","0","1","0","0","0","1","0","0","0","0","0","0","0","0","0","0","0","0","0","0","0","0","0","0","0","0","0","0","0","0","0","0","0"
"00003415","상무해광한신아파트","00000037","상무63","20221003","0","0","1","0","0","0","1","0","0","0","0","0","0","0","0","0","0","0","0","0","0","0","0","0","0","0","0","0","0","0","0","0","0","0","0","0","0","0","0","0","0","0","0","0","0","0","0","0"
"00003416","상무해광한신아파트","00000012","지원25","20221003","1","0","0","0","1","0","0","0","0","0","0","0","0","0","0","0","0","0","0","0","0","0","0","0","0","0","0","0","0","0","0","0","0","0","0","0","0","0","0","0","0","0","0","0","0","0","0","0"
"00003416","상무해광한신아파트","00000023","지원45","20221003","2","2","1","2","2","2","1","2","0","0","0","0","0","0","0","0","0","0","0","0","0","0","0","0","0","0","0","0","0","0","0","0","0","0","0","0","0","0","0","0","0","0","0","0","0","0","0","0"
"00003416","상무해광한신아파트","00000037","상무63","20221003","0","0","0","0","0","0","0","0","0","0","0","0","0","0","0","0","0","0","1","0","0","0","0","0","0","0","0","0","0","0","1","0","0","0","0","0","0","0","0","0","0","0","0","0","0","0","0","0"
"00003422","상무한국아파트","00000127","상무62","20221003","0","0","2","0","0","0","2","0","0","0","0","0","0","0","0","0","0","0","0","0","0","0","0","0","0","0","0","0","0","0","0","0","0","0","0","0","0","0","0","0","0","0","0","0","0","0","0","0"
"00003425","연제현대아파트","00000056","용전85","20221003","3","13","3","13","3","13","2","13","0","0","0","0","0","0","1","0","0","0","0","0","0","0","0","0","0","0","0","0","0","0","0","0","0","0","0","0","0","0","0","0","0","0","0","0","0","0","0","0"
"00003425","연제현대아파트","00000108","송정33","20221003","0","0","1","0","0","0","0","0","0","0","0","0","0","0","1","0","0","0","0","0","0","0","0","0","0","0","0","0","0","0","0","0","0","0","1","0","0","0","1","0","0","0","0","0","0","0","0","0"
"00003426","한양아파트","00000056","용전85","20221003","0","0","2","0","0","0","2","0","0","0","0","0","0","0","0","0","0","1","1","1","0","1","0","1","0","0","0","0","0","0","1","0","0","0","0","0","0","0","0","0","0","0","0","0","0","0","0","0"
"00003426","한양아파트","00000108","송정33","20221003","0","0","0","0","0","0","0","0","0","0","0","0","0","0","0","0","0","2","1","2","0","1","1","1","0","0","0","0","0","1","0","1","0","0","0","0","0","0","0","0","0","0","0","0","0","0","0","0"
"00003427","신용마을","00000065","첨단95","20221003","0","0","0","0","0","0","0","0","0","0","0","0","0","0","0","0","0","0","0","0","0","0","0","0","0","0","0","0","0","0","0","0","0","0","0","0","0","0","0","0","0","0","0","0","0","0","0","0"
"00003428","금당","00000065","첨단95","20221003","0","0","0","0","0","0","0","0","0","0","0","0","0","0","0","0","0","0","0","0","0","0","0","0","0","0","0","0","0","0","0","0","0","0","0","0","0","0","0","0","0","0","0","0","0","0","0","0"
"00003430","송원대","00000004","진월07","20221003","0","0","0","0","0","0","0","0","0","0","0","0","0","0","0","0","1","1","1","1","1","1","1","1","0","0","0","0","0","0","0","0","0","0","0","0","0","0","0","0","0","0","0","0","0","0","0","0"
"00003430","송원대","00000008","진월17","20221003","0","0","0","0","0","0","0","0","0","0","0","0","0","0","0","0","0","0","0","0","0","0","0","0","0","0","0","0","0","0","0","0","4","4","1","4","4","4","1","4","0","0","0","0","0","0","0","0"
"00003430","송원대","00000015","일곡28","20221003","0","0","1","0","0","0","1","0","0","0","0","0","0","0","0","0","0","0","0","0","0","0","0","0","0","0","0","0","0","0","0","0","2","1","1","1","2","1","1","1","0","0","0","0","0","0","0","0"
"00003430","송원대","00000024","송암47","20221003","0","0","4","0","0","0","4","0","0","0","0","0","0","0","0","0","0","0","0","0","0","0","0","0","0","0","0","0","0","0","0","0","0","0","1","0","0","0","1","0","0","0","0","0","0","0","0","0"
"00003430","송원대","00000043","송암72","20221003","1","0","1","0","1","0","0","0","0","0","0","0","0","0","1","0","0","0","0","0","0","0","0","0","0","0","0","0","0","0","0","0","3","0","0","0","3","0","0","0","0","0","0","0","0","0","0","0"
"00003430","송원대","00000044","송암73","20221003","0","0","0","0","0","0","0","0","0","0","0","0","0","0","0","0","1","0","0","0","1","0","0","0","0","0","0","0","0","0","0","0","0","0","1","0","0","0","1","0","0","0","0","0","0","0","0","0"
"00003430","송원대","00000091","송암74","20221003","3","2","0","2","3","2","0","2","0","0","0","0","0","0","0","0","0","0","0","0","0","0","0","0","0","0","0","0","0","0","0","0","3","0","0","0","3","0","0","0","0","0","0","0","0","0","0","0"
"00003430","송원대","00000100","진월75","20221003","0","0","0","0","0","0","0","0","0","0","0","0","0","0","0","0","3","2","1","2","3","2","1","2","0","0","0","0","0","0","0","0","0","0","0","0","0","0","0","0","0","0","0","0","0","0","0","0"
"00003430","송원대","00000101","송암31","20221003","0","0","0","0","0","0","0","0","0","0","0","0","0","0","0","0","0","1","0","1","0","1","0","1","0","0","0","0","0","0","0","0","0","0","0","0","0","0","0","0","0","0","0","0","0","0","0","0"
"00003430","송원대","00000111","송암68","20221003","0","0","0","0","0","0","0","0","0","0","0","0","0","0","0","0","2","0","1","0","2","0","1","0","0","0","0","0","0","0","0","0","1","0","0","0","1","0","0","0","0","0","0","0","0","0","0","0"
"00003430","송원대","00000114","수완03","20221003","0","1","0","1","0","1","0","1","0","0","0","0","0","0","0","0","1","2","1","2","1","2","1","2","0","0","0","0","0","0","0","0","0","4","1","4","0","3","1","3","0","0","0","0","0","1","0","1"
"00003431","송원대","00000008","진월17","20221003","0","0","0","0","0","0","0","0","0","0","0","0","0","0","0","0","0","0","0","0","0","0","0","0","0","0","0","0","0","0","0","0","0","1","0","1","0","1","0","1","0","0","0","0","0","0","0","0"
"00003431","송원대","00000015","일곡28","20221003","0","0","0","0","0","0","0","0","0","0","0","0","0","0","0","0","2","0","1","0","2","0","1","0","0","0","0","0","0","0","0","0","0","0","0","0","0","0","0","0","0","0","0","0","0","0","0","0"
"00003431","송원대","00000024","송암47","20221003","0","0","0","0","0","0","0","0","0","0","0","0","0","0","0","0","0","0","1","0","0","0","1","0","0","0","0","0","0","0","0","0","0","0","0","0","0","0","0","0","0","0","0","0","0","0","0","0"
"00003431","송원대","00000043","송암72","20221003","0","0","0","0","0","0","0","0","0","0","0","0","0","0","0","0","1","1","1","1","0","1","1","1","0","0","0","0","1","0","0","0","0","0","0","0","0","0","0","0","0","0","0","0","0","0","0","0"
"00003431","송원대","00000091","송암74","20221003","0","0","0","0","0","0","0","0","0","0","0","0","0","0","0","0","0","4","3","4","0","3","1","3","0","0","0","0","0","1","2","1","0","0","0","0","0","0","0","0","0","0","0","0","0","0","0","0"
"00003431","송원대","00000100","진월75","20221003","0","0","0","0","0","0","0","0","0","0","0","0","0","0","0","0","0","0","0","0","0","0","0","0","0","0","0","0","0","0","0","0","0","2","0","2","0","2","0","2","0","0","0","0","0","0","0","0"
"00003431","송원대","00000101","송암31","20221003","0","0","0","0","0","0","0","0","0","0","0","0","0","0","0","0","0","0","0","0","0","0","0","0","0","0","0","0","0","0","0","0","0","0","0","0","0","0","0","0","0","0","0","0","0","0","0","0"
"00003431","송원대","00000111","송암68","20221003","0","0","0","0","0","0","0","0","0","0","0","0","0","0","0","0","0","0","0","0","0","0","0","0","0","0","0","0","0","0","0","0","0","0","0","0","0","0","0","0","0","0","0","0","0","0","0","0"
"00003431","송원대","00000114","수완03","20221003","0","0","0","0","0","0","0","0","0","0","0","0","0","0","0","0","0","0","0","0","0","0","0","0","0","0","0","0","0","0","0","0","0","0","0","0","0","0","0","0","0","0","0","0","0","0","0","0"
"00003432","하남홈플러스","00000084","임곡290","20221003","0","0","0","0","0","0","0","0","0","0","0","0","0","0","0","0","0","0","0","0","0","0","0","0","0","0","0","0","0","0","0","0","0","0","0","0","0","0","0","0","0","0","0","0","0","0","0","0"
"00003432","하남홈플러스","00000108","송정33","20221003","5","14","7","14","5","9","5","9","0","0","0","0","0","5","2","5","1","0","1","0","1","0","1","0","0","0","0","0","0","0","0","0","0","0","0","0","0","0","0","0","0","0","0","0","0","0","0","0"
"00003433","봉선대화아파트","00000015","일곡28","20221003","1","3","1","3","1","2","1","2","0","0","0","0","0","1","0","1","0","1","1","1","0","1","1","1","0","0","0","0","0","0","0","0","0","1","0","1","0","1","0","1","0","0","0","0","0","0","0","0"
"00003433","봉선대화아파트","00000030","금남55","20221003","0","0","0","0","0","0","0","0","0","0","0","0","0","0","0","0","0","0","1","0","0","0","1","0","0","0","0","0","0","0","0","0","0","4","1","4","0","4","1","4","0","0","0","0","0","0","0","0"
"00003433","봉선대화아파트","00000034","금남59","20221003","2","3","7","3","2","2","6","2","0","0","0","0","0","1","1","1","0","0","0","0","0","0","0","0","0","0","0","0","0","0","0","0","1","1","2","1","1","0","2","0","0","0","0","0","0","1","0","1"
"00003433","봉선대화아파트","00000068","송정98","20221003","1","1","2","1","1","1","0","1","0","0","0","0","0","0","2","0","2","0","3","0","2","0","2","0","0","0","1","0","0","0","0","0","0","0","2","0","0","0","1","0","0","0","0","0","0","0","1","0"
"00003433","봉선대화아파트","00000111","송암68","20221003","0","2","7","2","0","1","6","1","0","0","0","0","0","1","1","1","0","1","0","1","0","1","0","1","0","0","0","0","0","0","0","0","0","1","1","1","0","1","1","1","0","0","0","0","0","0","0","0"
"00003434","진원동초교","00000080","첨단193","20221003","0","0","0","0","0","0","0","0","0","0","0","0","0","0","0","0","0","0","0","0","0","0","0","0","0","0","0","0","0","0","0","0","0","0","0","0","0","0","0","0","0","0","0","0","0","0","0","0"
"00003438","첨단종점","00000005","첨단09","20221003","0","5","5","5","0","3","5","3","0","1","0","1","0","1","0","1","0","0","0","0","0","0","0","0","0","0","0","0","0","0","0","0","0","0","2","0","0","0","2","0","0","0","0","0","0","0","0","0"
"00003438","첨단종점","00000011","첨단20","20221003","0","0","2","0","0","0","2","0","0","0","0","0","0","0","0","0","0","0","1","0","0","0","1","0","0","0","0","0","0","0","0","0","0","0","0","0","0","0","0","0","0","0","0","0","0","0","0","0"
"00003438","첨단종점","00000014","봉선27","20221003","3","1","1","1","0","1","1","1","1","0","0","0","2","0","0","0","0","0","0","0","0","0","0","0","0","0","0","0","0","0","0","0","1","2","0","2","1","2","0","2","0","0","0","0","0","0","0","0"
"00003438","첨단종점","00000026","운림51","20221003","1","3","1","3","1","2","1","2","0","1","0","1","0","0","0","0","1","0","0","0","1","0","0","0","0","0","0","0","0","0","0","0","0","2","1","2","0","2","1","2","0","0","0","0","0","0","0","0"
"00003438","첨단종점","00000065","첨단95","20221003","0","0","1","0","0","0","1","0","0","0","0","0","0","0","0","0","0","1","2","1","0","1","2","1","0","0","0","0","0","0","0","0","0","0","0","0","0","0","0","0","0","0","0","0","0","0","0","0"
"00003438","첨단종점","00000092","첨단40","20221003","0","0","0","0","0","0","0","0","0","0","0","0","0","0","0","0","0","0","0","0","0","0","0","0","0","0","0","0","0","0","0","0","0","0","0","0","0","0","0","0","0","0","0","0","0","0","0","0"
"00003438","첨단종점","00000116","첨단22","20221003","1","0","1","0","1","0","1","0","0","0","0","0","0","0","0","0","0","0","0","0","0","0","0","0","0","0","0","0","0","0","0","0","0","0","0","0","0","0","0","0","0","0","0","0","0","0","0","0"
"00003439","월남동","00000006","지원15","20221003","0","0","0","0","0","0","0","0","0","0","0","0","0","0","0","0","0","1","0","1","0","1","0","1","0","0","0","0","0","0","0","0","0","0","0","0","0","0","0","0","0","0","0","0","0","0","0","0"
"00003439","월남동","00000012","지원25","20221003","0","2","0","2","0","2","0","2","0","0","0","0","0","0","0","0","0","0","0","0","0","0","0","0","0","0","0","0","0","0","0","0","0","0","0","0","0","0","0","0","0","0","0","0","0","0","0","0"
"00003439","월남동","00000019","봉선37","20221003","0","1","0","1","0","1","0","1","0","0","0","0","0","0","0","0","0","1","1","1","0","1","1","1","0","0","0","0","0","0","0","0","0","0","0","0","0","0","0","0","0","0","0","0","0","0","0","0"
"00003439","월남동","00000023","지원45","20221003","1","3","1","3","1","3","1","3","0","0","0","0","0","0","0","0","0","0","0","0","0","0","0","0","0","0","0","0","0","0","0","0","0","0","0","0","0","0","0","0","0","0","0","0","0","0","0","0"
"00003439","월남동","00000119","지원56","20221003","0","0","0","0","0","0","0","0","0","0","0","0","0","0","0","0","0","0","0","0","0","0","0","0","0","0","0","0","0","0","0","0","0","1","0","1","0","1","0","1","0","0","0","0","0","0","0","0"
"00003440","호남삼육고","00000048","진월77","20221003","2","2","1","2","2","2","1","2","0","0","0","0","0","0","0","0","0","1","0","1","0","1","0","1","0","0","0","0","0","0","0","0","0","0","0","0","0","0","0","0","0","0","0","0","0","0","0","0"
"00003440","호남삼육고","00000049","진월78","20221003","1","0","0","0","1","0","0","0","0","0","0","0","0","0","0","0","0","0","0","0","0","0","0","0","0","0","0","0","0","0","0","0","0","0","0","0","0","0","0","0","0","0","0","0","0","0","0","0"
"00003440","호남삼육고","00000100","진월75","20221003","1","3","3","3","1","3","1","3","0","0","0","0","0","0","2","0","0","2","0","2","0","2","0","2","0","0","0","0","0","0","0","0","2","0","0","0","2","0","0","0","0","0","0","0","0","0","0","0"
"00003444","정렬사","00000081","진곡196","20221003","0","0","0","0","0","0","0","0","0","0","0","0","0","0","0","0","0","0","0","0","0","0","0","0","0","0","0","0","0","0","0","0","0","0","0","0","0","0","0","0","0","0","0","0","0","0","0","0"
"00003445","정렬사","00000081","진곡196","20221003","0","0","0","0","0","0","0","0","0","0","0","0","0","0","0","0","0","0","0","0","0","0","0","0","0","0","0","0","0","0","0","0","0","0","0","0","0","0","0","0","0","0","0","0","0","0","0","0"
"00003446","싸이클경기장","00000081","진곡196","20221003","0","0","0","0","0","0","0","0","0","0","0","0","0","0","0","0","0","0","0","0","0","0","0","0","0","0","0","0","0","0","0","0","0","0","0","0","0","0","0","0","0","0","0","0","0","0","0","0"
"00003447","싸이클경기장","00000081","진곡196","20221003","0","0","0","0","0","0","0","0","0","0","0","0","0","0","0","0","0","0","0","0","0","0","0","0","0","0","0","0","0","0","0","0","0","0","0","0","0","0","0","0","0","0","0","0","0","0","0","0"
"00003448","나주농협송현지점","00000081","진곡196","20221003","0","0","0","0","0","0","0","0","0","0","0","0","0","0","0","0","0","0","0","0","0","0","0","0","0","0","0","0","0","0","0","0","0","0","0","0","0","0","0","0","0","0","0","0","0","0","0","0"
"00003449","나주북초교","00000081","진곡196","20221003","0","0","0","0","0","0","0","0","0","0","0","0","0","0","0","0","0","0","0","0","0","0","0","0","0","0","0","0","0","0","0","0","0","0","0","0","0","0","0","0","0","0","0","0","0","0","0","0"
"00003450","천동입구","00000081","진곡196","20221003","0","0","0","0","0","0","0","0","0","0","0","0","0","0","0","0","0","0","0","0","0","0","0","0","0","0","0","0","0","0","0","0","0","0","0","0","0","0","0","0","0","0","0","0","0","0","0","0"
"00003451","대곡","00000082","송정197","20221003","0","0","0","0","0","0","0","0","0","0","0","0","0","0","0","0","0","0","0","0","0","0","0","0","0","0","0","0","0","0","0","0","0","0","0","0","0","0","0","0","0","0","0","0","0","0","0","0"
"00003453","송곡","00000082","송정197","20221003","0","0","0","0","0","0","0","0","0","0","0","0","0","0","0","0","0","0","0","0","0","0","0","0","0","0","0","0","0","0","0","0","0","0","0","0","0","0","0","0","0","0","0","0","0","0","0","0"
"00003461","삼서우체국","00000082","송정197","20221003","0","0","0","0","0","0","0","0","0","0","0","0","0","0","0","0","0","0","0","0","0","0","0","0","0","0","0","0","0","0","0","0","0","0","0","0","0","0","0","0","0","0","0","0","0","0","0","0"
"00003462","남평미래병원","00000073","대촌170","20221003","0","0","0","0","0","0","0","0","0","0","0","0","0","0","0","0","0","0","0","0","0","0","0","0","0","0","0","0","0","0","0","0","0","0","0","0","0","0","0","0","0","0","0","0","0","0","0","0"
"00003464","농업기술원","00000073","대촌170","20221003","0","0","0","0","0","0","0","0","0","0","0","0","0","0","0","0","0","0","0","0","0","0","0","0","0","0","0","0","0","0","0","0","0","0","0","0","0","0","0","0","0","0","0","0","0","0","0","0"
"00003467","수북사거리","00000077","용전184","20221003","1","0","1","0","1","0","1","0","0","0","0","0","0","0","0","0","0","0","0","0","0","0","0","0","0","0","0","0","0","0","0","0","0","0","0","0","0","0","0","0","0","0","0","0","0","0","0","0"
"00003468","수북사거리","00000077","용전184","20221003","0","0","0","0","0","0","0","0","0","0","0","0","0","0","0","0","0","0","0","0","0","0","0","0","0","0","0","0","0","0","0","0","0","0","0","0","0","0","0","0","0","0","0","0","0","0","0","0"
"00003469","포백","00000077","용전184","20221003","0","0","0","0","0","0","0","0","0","0","0","0","0","0","0","0","0","0","0","0","0","0","0","0","0","0","0","0","0","0","0","0","0","0","0","0","0","0","0","0","0","0","0","0","0","0","0","0"
"00003470","포백","00000077","용전184","20221003","0","0","0","0","0","0","0","0","0","0","0","0","0","0","0","0","0","0","0","0","0","0","0","0","0","0","0","0","0","0","0","0","0","0","0","0","0","0","0","0","0","0","0","0","0","0","0","0"
"00003472","수북","00000077","용전184","20221003","1","1","0","1","1","1","0","1","0","0","0","0","0","0","0","0","0","0","0","0","0","0","0","0","0","0","0","0","0","0","0","0","0","0","0","0","0","0","0","0","0","0","0","0","0","0","0","0"
"00003489","하남홈플러스","00000108","송정33","20221003","2","10","19","10","2","7","16","7","0","3","3","3","0","0","0","0","0","0","3","0","0","0","2","0","0","0","1","0","0","0","0","0","0","0","1","0","0","0","1","0","0","0","0","0","0","0","0","0"
"00003490","발산교(남)","00000039","유덕65","20221003","5","1","0","1","5","1","0","1","0","0","0","0","0","0","0","0","0","0","0","0","0","0","0","0","0","0","0","0","0","0","0","0","0","0","0","0","0","0","0","0","0","0","0","0","0","0","0","0"
"00003496","화순터널","00000122","228(화순전대병원)","20221003","0","0","0","0","0","0","0","0","0","0","0","0","0","0","0","0","0","2","0","2","0","2","0","2","0","0","0","0","0","0","0","0","0","0","0","0","0","0","0","0","0","0","0","0","0","0","0","0"
"00003502","영락공원","00000086","518","20221003","4","6","2","6","4","6","2","6","0","0","0","0","0","0","0","0","0","1","0","1","0","1","0","1","0","0","0","0","0","0","0","0","0","0","0","0","0","0","0","0","0","0","0","0","0","0","0","0"
"00003504","용연정수장","00000027","지원52","20221003","3","0","0","0","3","0","0","0","0","0","0","0","0","0","0","0","0","0","0","0","0","0","0","0","0","0","0","0","0","0","0","0","0","0","0","0","0","0","0","0","0","0","0","0","0","0","0","0"
"00003506","동천마을6단지","00000019","봉선37","20221003","14","15","11","15","14","15","9","15","0","0","0","0","0","0","2","0","1","0","2","0","1","0","2","0","0","0","0","0","0","0","0","0","0","0","2","0","0","0","2","0","0","0","0","0","0","0","0","0"
"00003506","동천마을6단지","00000068","송정98","20221003","8","16","2","16","8","15","2","15","0","1","0","1","0","0","0","0","2","1","0","1","2","1","0","1","0","0","0","0","0","0","0","0","1","1","2","1","1","1","2","1","0","0","0","0","0","0","0","0"
"00003517","용봉모아아파트","00000054","용봉83","20221003","0","0","0","0","0","0","0","0","0","0","0","0","0","0","0","0","0","0","1","0","0","0","1","0","0","0","0","0","0","0","0","0","0","0","0","0","0","0","0","0","0","0","0","0","0","0","0","0"
"00003520","안청농협","00000011","첨단20","20221003","2","4","3","4","2","4","3","4","0","0","0","0","0","0","0","0","0","0","0","0","0","0","0","0","0","0","0","0","0","0","0","0","0","0","0","0","0","0","0","0","0","0","0","0","0","0","0","0"
"00003520","안청농협","00000061","임곡91","20221003","0","0","2","0","0","0","2","0","0","0","0","0","0","0","0","0","0","0","0","0","0","0","0","0","0","0","0","0","0","0","0","0","0","0","0","0","0","0","0","0","0","0","0","0","0","0","0","0"
"00003529","양산택지사거리","00000017","첨단30","20221003","11","14","7","14","9","13","6","13","0","0","0","0","2","1","1","1","0","0","1","0","0","0","1","0","0","0","0","0","0","0","0","0","0","1","0","1","0","0","0","0","0","0","0","0","0","1","0","1"
"00003529","양산택지사거리","00000032","금남57","20221003","1","1","0","1","1","1","0","1","0","0","0","0","0","0","0","0","0","0","1","0","0","0","1","0","0","0","0","0","0","0","0","0","0","0","1","0","0","0","0","0","0","0","0","0","0","0","1","0"
"00003529","양산택지사거리","00000056","용전85","20221003","0","0","3","0","0","0","2","0","0","0","1","0","0","0","0","0","0","0","0","0","0","0","0","0","0","0","0","0","0","0","0","0","0","1","0","1","0","1","0","1","0","0","0","0","0","0","0","0"
"00003529","양산택지사거리","00000096","일곡10","20221003","4","4","2","4","4","4","1","4","0","0","0","0","0","0","1","0","0","0","1","0","0","0","0","0","0","0","0","0","0","0","1","0","0","0","1","0","0","0","1","0","0","0","0","0","0","0","0","0"
"00003529","양산택지사거리","00000213","마을788","20221003","5","3","0","3","5","2","0","2","0","1","0","1","0","0","0","0","0","0","0","0","0","0","0","0","0","0","0","0","0","0","0","0","0","0","0","0","0","0","0","0","0","0","0","0","0","0","0","0"
"00003529","양산택지사거리","00000214","마을799","20221003","0","0","0","0","0","0","0","0","0","0","0","0","0","0","0","0","0","0","1","0","0","0","1","0","0","0","0","0","0","0","0","0","0","0","0","0","0","0","0","0","0","0","0","0","0","0","0","0"
"00003530","양산택지사거리","00000017","첨단30","20221003","6","17","13","17","6","9","7","9","0","1","1","1","0","7","5","7","0","3","2","3","0","3","1","3","0","0","0","0","0","0","1","0","0","0","0","0","0","0","0","0","0","0","0","0","0","0","0","0"
"00003530","양산택지사거리","00000032","금남57","20221003","4","11","8","11","4","8","8","8","0","1","0","1","0","2","0","2","1","1","1","1","1","1","1","1","0","0","0","0","0","0","0","0","0","0","0","0","0","0","0","0","0","0","0","0","0","0","0","0"
"00003530","양산택지사거리","00000056","용전85","20221003","2","1","3","1","2","1","3","1","0","0","0","0","0","0","0","0","0","0","0","0","0","0","0","0","0","0","0","0","0","0","0","0","0","1","0","1","0","1","0","1","0","0","0","0","0","0","0","0"
"00003530","양산택지사거리","00000096","일곡10","20221003","5","11","8","11","4","8","5","8","1","2","0","2","0","1","3","1","1","0","2","0","1","0","2","0","0","0","0","0","0","0","0","0","1","1","0","1","1","1","0","1","0","0","0","0","0","0","0","0"
"00003530","양산택지사거리","00000213","마을788","20221003","1","4","0","4","1","2","0","2","0","0","0","0","0","2","0","2","1","0","1","0","1","0","1","0","0","0","0","0","0","0","0","0","0","0","0","0","0","0","0","0","0","0","0","0","0","0","0","0"
"00003530","양산택지사거리","00000214","마을799","20221003","0","0","1","0","0","0","1","0","0","0","0","0","0","0","0","0","0","0","0","0","0","0","0","0","0","0","0","0","0","0","0","0","0","0","0","0","0","0","0","0","0","0","0","0","0","0","0","0"
"00003531","지산유원지입구","00000106","두암81(무등파크)","20221003","0","5","0","5","0","2","0","2","0","1","0","1","0","2","0","2","0","0","0","0","0","0","0","0","0","0","0","0","0","0","0","0","0","0","0","0","0","0","0","0","0","0","0","0","0","0","0","0"
"00003531","지산유원지입구","00000130","두암81","20221003","1","2","0","2","1","2","0","2","0","0","0","0","0","0","0","0","0","0","0","0","0","0","0","0","0","0","0","0","0","0","0","0","0","0","0","0","0","0","0","0","0","0","0","0","0","0","0","0"
"00003541","만호마을","00000008","진월17","20221003","0","0","0","0","0","0","0","0","0","0","0","0","0","0","0","0","1","0","0","0","1","0","0","0","0","0","0","0","0","0","0","0","0","0","0","0","0","0","0","0","0","0","0","0","0","0","0","0"
"00003541","만호마을","00000088","금호36","20221003","1","0","0","0","1","0","0","0","0","0","0","0","0","0","0","0","0","0","0","0","0","0","0","0","0","0","0","0","0","0","0","0","0","0","0","0","0","0","0","0","0","0","0","0","0","0","0","0"
"00003541","만호마을","00000095","금호46","20221003","0","0","0","0","0","0","0","0","0","0","0","0","0","0","0","0","1","1","0","1","1","1","0","1","0","0","0","0","0","0","0","0","0","0","0","0","0","0","0","0","0","0","0","0","0","0","0","0"
"00003541","만호마을","00000100","진월75","20221003","1","0","2","0","1","0","2","0","0","0","0","0","0","0","0","0","0","0","0","0","0","0","0","0","0","0","0","0","0","0","0","0","0","0","0","0","0","0","0","0","0","0","0","0","0","0","0","0"
"00003542","만호마을","00000008","진월17","20221003","6","5","3","5","5","2","2","2","0","1","0","1","1","2","1","2","0","1","0","1","0","0","0","0","0","0","0","0","0","1","0","1","0","0","0","0","0","0","0","0","0","0","0","0","0","0","0","0"
"00003542","만호마을","00000044","송암73","20221003","2","2","0","2","1","1","0","1","0","0","0","0","1","1","0","1","0","0","0","0","0","0","0","0","0","0","0","0","0","0","0","0","0","0","0","0","0","0","0","0","0","0","0","0","0","0","0","0"
"00003542","만호마을","00000088","금호36","20221003","4","6","14","6","4","4","12","4","0","1","0","1","0","1","2","1","0","0","1","0","0","0","1","0","0","0","0","0","0","0","0","0","0","0","0","0","0","0","0","0","0","0","0","0","0","0","0","0"
"00003542","만호마을","00000095","금호46","20221003","1","10","2","10","1","1","1","1","0","3","0","3","0","6","1","6","0","0","0","0","0","0","0","0","0","0","0","0","0","0","0","0","0","0","0","0","0","0","0","0","0","0","0","0","0","0","0","0"
"00003542","만호마을","00000100","진월75","20221003","0","1","0","1","0","1","0","1","0","0","0","0","0","0","0","0","0","1","2","1","0","1","2","1","0","0","0","0","0","0","0","0","0","0","0","0","0","0","0","0","0","0","0","0","0","0","0","0"
"00003543","만호초교","00000007","매월16","20221003","4","10","3","10","4","6","1","6","0","1","0","1","0","3","2","3","0","0","0","0","0","0","0","0","0","0","0","0","0","0","0","0","0","1","0","1","0","1","0","1","0","0","0","0","0","0","0","0"
"00003543","만호초교","00000008","진월17","20221003","3","9","8","9","3","8","7","8","0","0","0","0","0","1","1","1","0","1","2","1","0","1","2","1","0","0","0","0","0","0","0","0","0","0","0","0","0","0","0","0","0","0","0","0","0","0","0","0"
"00003543","만호초교","00000048","진월77","20221003","2","0","3","0","2","0","3","0","0","0","0","0","0","0","0","0","0","0","0","0","0","0","0","0","0","0","0","0","0","0","0","0","0","0","0","0","0","0","0","0","0","0","0","0","0","0","0","0"
"00003543","만호초교","00000088","금호36","20221003","10","11","10","11","10","10","6","10","0","0","0","0","0","1","4","1","0","0","0","0","0","0","0","0","0","0","0","0","0","0","0","0","0","0","1","0","0","0","1","0","0","0","0","0","0","0","0","0"
"00003543","만호초교","00000095","금호46","20221003","2","10","11","10","2","7","9","7","0","2","0","2","0","1","2","1","0","0","2","0","0","0","2","0","0","0","0","0","0","0","0","0","0","1","0","1","0","1","0","1","0","0","0","0","0","0","0","0"
"00003543","만호초교","00000100","진월75","20221003","1","1","2","1","0","1","1","1","0","0","0","0","1","0","1","0","1","1","3","1","1","1","3","1","0","0","0","0","0","0","0","0","0","0","0","0","0","0","0","0","0","0","0","0","0","0","0","0"
"00003544","만호초교","00000008","진월17","20221003","0","0","1","0","0","0","1","0","0","0","0","0","0","0","0","0","0","0","0","0","0","0","0","0","0","0","0","0","0","0","0","0","0","0","0","0","0","0","0","0","0","0","0","0","0","0","0","0"
"00003544","만호초교","00000088","금호36","20221003","0","0","0","0","0","0","0","0","0","0","0","0","0","0","0","0","1","0","1","0","1","0","1","0","0","0","0","0","0","0","0","0","0","0","0","0","0","0","0","0","0","0","0","0","0","0","0","0"
"00003544","만호초교","00000095","금호46","20221003","0","1","0","1","0","1","0","1","0","0","0","0","0","0","0","0","1","1","1","1","1","1","1","1","0","0","0","0","0","0","0","0","0","0","0","0","0","0","0","0","0","0","0","0","0","0","0","0"
"00003544","만호초교","00000100","진월75","20221003","3","5","5","5","2","5","5","5","0","0","0","0","1","0","0","0","0","1","0","1","0","1","0","1","0","0","0","0","0","0","0","0","0","0","0","0","0","0","0","0","0","0","0","0","0","0","0","0"
"00003550","비엔날레전시관","00000038","상무64","20221003","3","0","2","0","3","0","2","0","0","0","0","0","0","0","0","0","0","0","0","0","0","0","0","0","0","0","0","0","0","0","0","0","0","0","0","0","0","0","0","0","0","0","0","0","0","0","0","0"
"00003550","비엔날레전시관","00000054","용봉83","20221003","0","1","6","1","0","1","5","1","0","0","1","0","0","0","0","0","0","0","0","0","0","0","0","0","0","0","0","0","0","0","0","0","0","0","0","0","0","0","0","0","0","0","0","0","0","0","0","0"
"00003552","각화중","00000057","용전86","20221003","0","0","0","0","0","0","0","0","0","0","0","0","0","0","0","0","1","0","0","0","1","0","0","0","0","0","0","0","0","0","0","0","0","0","0","0","0","0","0","0","0","0","0","0","0","0","0","0"
"00003552","각화중","00000117","첨단23","20221003","0","0","0","0","0","0","0","0","0","0","0","0","0","0","0","0","0","1","0","1","0","1","0","1","0","0","0","0","0","0","0","0","0","0","0","0","0","0","0","0","0","0","0","0","0","0","0","0"
"00003552","각화중","00000129","두암81(장등동)","20221003","0","0","0","0","0","0","0","0","0","0","0","0","0","0","0","0","0","1","0","1","0","1","0","1","0","0","0","0","0","0","0","0","0","0","0","0","0","0","0","0","0","0","0","0","0","0","0","0"
"00003553","각화중","00000057","용전86","20221003","2","1","0","1","2","1","0","1","0","0","0","0","0","0","0","0","0","0","0","0","0","0","0","0","0","0","0","0","0","0","0","0","0","0","0","0","0","0","0","0","0","0","0","0","0","0","0","0"
"00003553","각화중","00000106","두암81(무등파크)","20221003","0","0","1","0","0","0","1","0","0","0","0","0","0","0","0","0","0","0","0","0","0","0","0","0","0","0","0","0","0","0","0","0","0","0","0","0","0","0","0","0","0","0","0","0","0","0","0","0"
"00003553","각화중","00000117","첨단23","20221003","0","2","0","2","0","2","0","2","0","0","0","0","0","0","0","0","0","0","0","0","0","0","0","0","0","0","0","0","0","0","0","0","0","0","0","0","0","0","0","0","0","0","0","0","0","0","0","0"
"00003553","각화중","00000129","두암81(장등동)","20221003","0","0","2","0","0","0","2","0","0","0","0","0","0","0","0","0","0","0","0","0","0","0","0","0","0","0","0","0","0","0","0","0","0","0","0","0","0","0","0","0","0","0","0","0","0","0","0","0"
"00003553","각화중","00000130","두암81","20221003","0","0","0","0","0","0","0","0","0","0","0","0","0","0","0","0","0","0","0","0","0","0","0","0","0","0","0","0","0","0","0","0","0","0","0","0","0","0","0","0","0","0","0","0","0","0","0","0"
"00003556","봉산중","00000014","봉선27","20221003","12","5","13","5","12","4","12","4","0","0","0","0","0","1","1","1","0","1","0","1","0","1","0","1","0","0","0","0","0","0","0","0","0","0","0","0","0","0","0","0","0","0","0","0","0","0","0","0"
"00003556","봉산중","00000092","첨단40","20221003","1","0","2","0","1","0","2","0","0","0","0","0","0","0","0","0","0","0","0","0","0","0","0","0","0","0","0","0","0","0","0","0","0","0","0","0","0","0","0","0","0","0","0","0","0","0","0","0"
"00003556","봉산중","00000096","일곡10","20221003","0","3","3","3","0","3","1","3","0","0","0","0","0","0","2","0","0","1","0","1","0","1","0","1","0","0","0","0","0","0","0","0","0","0","0","0","0","0","0","0","0","0","0","0","0","0","0","0"
"00003557","봉산중","00000014","봉선27","20221003","3","0","0","0","0","0","0","0","1","0","0","0","2","0","0","0","0","1","1","1","0","1","1","1","0","0","0","0","0","0","0","0","0","0","0","0","0","0","0","0","0","0","0","0","0","0","0","0"
"00003557","봉산중","00000092","첨단40","20221003","0","0","0","0","0","0","0","0","0","0","0","0","0","0","0","0","0","0","0","0","0","0","0","0","0","0","0","0","0","0","0","0","0","0","0","0","0","0","0","0","0","0","0","0","0","0","0","0"
"00003557","봉산중","00000096","일곡10","20221003","2","2","1","2","2","1","1","1","0","0","0","0","0","1","0","1","0","1","0","1","0","1","0","1","0","0","0","0","0","0","0","0","0","0","0","0","0","0","0","0","0","0","0","0","0","0","0","0"
"00003560","일곡대림2차아파트","00000031","419","20221003","0","0","1","0","0","0","1","0","0","0","0","0","0","0","0","0","0","0","0","0","0","0","0","0","0","0","0","0","0","0","0","0","0","0","0","0","0","0","0","0","0","0","0","0","0","0","0","0"
"00003561","백운초교(남)","00000023","지원45","20221003","3","1","1","1","3","0","1","0","0","0","0","0","0","1","0","1","3","4","5","4","3","3","5","3","0","0","0","0","0","1","0","1","0","1","0","1","0","0","0","0","0","0","0","0","0","1","0","1"
"00003561","백운초교(남)","00000025","운림50","20221003","0","0","0","0","0","0","0","0","0","0","0","0","0","0","0","0","2","5","5","5","2","3","5","3","0","0","0","0","0","2","0","2","0","0","0","0","0","0","0","0","0","0","0","0","0","0","0","0"
"00003573","봉선2동행정복지센터","00000014","봉선27","20221003","3","10","18","10","2","8","16","8","0","0","0","0","1","2","2","2","0","0","0","0","0","0","0","0","0","0","0","0","0","0","0","0","1","4","0","4","1","4","0","4","0","0","0","0","0","0","0","0"
"00003573","봉선2동행정복지센터","00000019","봉선37","20221003","4","16","18","16","4","15","12","15","0","0","2","0","0","1","4","1","3","3","3","3","2","3","3","3","0","0","0","0","1","0","0","0","1","1","0","1","1","1","0","1","0","0","0","0","0","0","0","0"
"00003573","봉선2동행정복지센터","00000068","송정98","20221003","2","6","20","6","2","6","18","6","0","0","1","0","0","0","1","0","0","2","3","2","0","0","3","0","0","2","0","2","0","0","0","0","1","2","0","2","1","2","0","2","0","0","0","0","0","0","0","0"
"00003573","봉선2동행정복지센터","00000119","지원56","20221003","1","3","0","3","1","3","0","3","0","0","0","0","0","0","0","0","2","2","0","2","1","2","0","2","0","0","0","0","1","0","0","0","0","0","0","0","0","0","0","0","0","0","0","0","0","0","0","0"
"00003574","봉선2동행정복지센터","00000014","봉선27","20221003","0","0","6","0","0","0","5","0","0","0","0","0","0","0","1","0","0","3","4","3","0","3","4","3","0","0","0","0","0","0","0","0","0","1","3","1","0","1","3","1","0","0","0","0","0","0","0","0"
"00003574","봉선2동행정복지센터","00000019","봉선37","20221003","0","1","12","1","0","0","5","0","0","0","0","0","0","1","7","1","1","1","6","1","1","1","5","1","0","0","0","0","0","0","1","0","0","1","0","1","0","1","0","1","0","0","0","0","0","0","0","0"
"00003574","봉선2동행정복지센터","00000068","송정98","20221003","0","5","2","5","0","3","2","3","0","0","0","0","0","2","0","2","1","5","2","5","1","3","2","3","0","2","0","2","0","0","0","0","0","0","0","0","0","0","0","0","0","0","0","0","0","0","0","0"
"00003574","봉선2동행정복지센터","00000119","지원56","20221003","0","3","6","3","0","1","0","1","0","1","0","1","0","1","6","1","0","1","2","1","0","1","2","1","0","0","0","0","0","0","0","0","0","0","4","0","0","0","3","0","0","0","0","0","0","0","1","0"
"00003575","진월리채3차","00000030","금남55","20221003","0","2","0","2","0","2","0","2","0","0","0","0","0","0","0","0","0","0","0","0","0","0","0","0","0","0","0","0","0","0","0","0","0","0","0","0","0","0","0","0","0","0","0","0","0","0","0","0"
"00003575","진월리채3차","00000034","금남59","20221003","1","3","1","3","1","2","1","2","0","0","0","0","0","1","0","1","1","1","0","1","1","1","0","1","0","0","0","0","0","0","0","0","0","0","0","0","0","0","0","0","0","0","0","0","0","0","0","0"
"00003575","진월리채3차","00000047","봉선76","20221003","0","1","0","1","0","0","0","0","0","0","0","0","0","1","0","1","0","0","0","0","0","0","0","0","0","0","0","0","0","0","0","0","0","0","0","0","0","0","0","0","0","0","0","0","0","0","0","0"
"00003575","진월리채3차","00000111","송암68","20221003","0","2","2","2","0","2","1","2","0","0","0","0","0","0","1","0","1","0","0","0","1","0","0","0","0","0","0","0","0","0","0","0","0","0","0","0","0","0","0","0","0","0","0","0","0","0","0","0"
"00003576","진월리채3차","00000030","금남55","20221003","0","0","0","0","0","0","0","0","0","0","0","0","0","0","0","0","0","0","0","0","0","0","0","0","0","0","0","0","0","0","0","0","0","0","0","0","0","0","0","0","0","0","0","0","0","0","0","0"
"00003576","진월리채3차","00000034","금남59","20221003","0","0","0","0","0","0","0","0","0","0","0","0","0","0","0","0","0","0","3","0","0","0","3","0","0","0","0","0","0","0","0","0","0","0","0","0","0","0","0","0","0","0","0","0","0","0","0","0"
"00003576","진월리채3차","00000047","봉선76","20221003","0","0","0","0","0","0","0","0","0","0","0","0","0","0","0","0","0","2","0","2","0","2","0","2","0","0","0","0","0","0","0","0","0","0","0","0","0","0","0","0","0","0","0","0","0","0","0","0"
"00003576","진월리채3차","00000111","송암68","20221003","0","1","0","1","0","1","0","1","0","0","0","0","0","0","0","0","0","1","1","1","0","0","1","0","0","0","0","0","0","1","0","1","0","0","0","0","0","0","0","0","0","0","0","0","0","0","0","0"
"00003577","중앙대교(동)","00000030","금남55","20221003","0","0","0","0","0","0","0","0","0","0","0","0","0","0","0","0","1","1","0","1","1","1","0","1","0","0","0","0","0","0","0","0","0","0","0","0","0","0","0","0","0","0","0","0","0","0","0","0"
"00003578","중앙대교(동)","00000030","금남55","20221003","0","0","0","0","0","0","0","0","0","0","0","0","0","0","0","0","1","0","0","0","1","0","0","0","0","0","0","0","0","0","0","0","0","0","0","0","0","0","0","0","0","0","0","0","0","0","0","0"
"00003581","롯데백화점(북)","00000032","금남57","20221003","0","3","1","3","0","1","1","1","0","0","0","0","0","2","0","2","4","4","0","4","4","3","0","3","0","0","0","0","0","1","0","1","0","0","0","0","0","0","0","0","0","0","0","0","0","0","0","0"
"00003581","롯데백화점(북)","00000087","1187","20221003","0","2","0","2","0","2","0","2","0","0","0","0","0","0","0","0","0","1","0","1","0","1","0","1","0","0","0","0","0","0","0","0","1","0","0","0","1","0","0","0","0","0","0","0","0","0","0","0"
"00003582","백제화학","00000064","첨단94","20221003","0","0","0","0","0","0","0","0","0","0","0","0","0","0","0","0","0","0","1","0","0","0","1","0","0","0","0","0","0","0","0","0","0","0","0","0","0","0","0","0","0","0","0","0","0","0","0","0"
"00003583","백제화학","00000064","첨단94","20221003","0","0","2","0","0","0","2","0","0","0","0","0","0","0","0","0","0","0","0","0","0","0","0","0","0","0","0","0","0","0","0","0","0","0","0","0","0","0","0","0","0","0","0","0","0","0","0","0"
"00003592","용산마을","00000065","첨단95","20221003","0","0","1","0","0","0","1","0","0","0","0","0","0","0","0","0","0","0","0","0","0","0","0","0","0","0","0","0","0","0","0","0","0","0","0","0","0","0","0","0","0","0","0","0","0","0","0","0"
"00003593","용산마을","00000065","첨단95","20221003","0","0","0","0","0","0","0","0","0","0","0","0","0","0","0","0","0","1","2","1","0","1","2","1","0","0","0","0","0","0","0","0","0","0","0","0","0","0","0","0","0","0","0","0","0","0","0","0"
"00003594","농산물품질관리원","00000011","첨단20","20221003","1","6","5","6","1","6","5","6","0","0","0","0","0","0","0","0","0","0","0","0","0","0","0","0","0","0","0","0","0","0","0","0","0","0","0","0","0","0","0","0","0","0","0","0","0","0","0","0"
"00003594","농산물품질관리원","00000080","첨단193","20221003","0","0","0","0","0","0","0","0","0","0","0","0","0","0","0","0","0","1","0","1","0","1","0","1","0","0","0","0","0","0","0","0","0","0","0","0","0","0","0","0","0","0","0","0","0","0","0","0"
"00003594","농산물품질관리원","00000108","송정33","20221003","0","3","6","3","0","1","6","1","0","1","0","1","0","1","0","1","0","0","0","0","0","0","0","0","0","0","0","0","0","0","0","0","0","0","0","0","0","0","0","0","0","0","0","0","0","0","0","0"
"00003594","농산물품질관리원","00000116","첨단22","20221003","0","0","2","0","0","0","2","0","0","0","0","0","0","0","0","0","1","0","3","0","1","0","3","0","0","0","0","0","0","0","0","0","0","0","0","0","0","0","0","0","0","0","0","0","0","0","0","0"
"00003594","농산물품질관리원","00000117","첨단23","20221003","0","0","0","0","0","0","0","0","0","0","0","0","0","0","0","0","2","4","5","4","2","4","5","4","0","0","0","0","0","0","0","0","0","0","0","0","0","0","0","0","0","0","0","0","0","0","0","0"
"00003594","농산물품질관리원","00000213","마을788","20221003","0","0","0","0","0","0","0","0","0","0","0","0","0","0","0","0","1","2","0","2","1","2","0","2","0","0","0","0","0","0","0","0","0","0","0","0","0","0","0","0","0","0","0","0","0","0","0","0"
"00003595","농산물품질관리원","00000011","첨단20","20221003","1","2","0","2","1","2","0","2","0","0","0","0","0","0","0","0","0","3","2","3","0","3","2","3","0","0","0","0","0","0","0","0","0","0","0","0","0","0","0","0","0","0","0","0","0","0","0","0"
"00003595","농산물품질관리원","00000080","첨단193","20221003","1","0","0","0","1","0","0","0","0","0","0","0","0","0","0","0","0","0","0","0","0","0","0","0","0","0","0","0","0","0","0","0","0","0","0","0","0","0","0","0","0","0","0","0","0","0","0","0"
"00003595","농산물품질관리원","00000108","송정33","20221003","0","3","3","3","0","1","2","1","0","1","1","1","0","1","0","1","0","0","2","0","0","0","2","0","0","0","0","0","0","0","0","0","0","0","0","0","0","0","0","0","0","0","0","0","0","0","0","0"
"00003595","농산물품질관리원","00000116","첨단22","20221003","0","0","1","0","0","0","1","0","0","0","0","0","0","0","0","0","0","0","4","0","0","0","3","0","0","0","0","0","0","0","1","0","0","0","0","0","0","0","0","0","0","0","0","0","0","0","0","0"
"00003595","농산물품질관리원","00000117","첨단23","20221003","7","5","14","5","7","5","12","5","0","0","0","0","0","0","2","0","0","0","0","0","0","0","0","0","0","0","0","0","0","0","0","0","0","2","0","2","0","2","0","2","0","0","0","0","0","0","0","0"
"00003595","농산물품질관리원","00000213","마을788","20221003","0","3","3","3","0","2","3","2","0","0","0","0","0","1","0","1","0","0","0","0","0","0","0","0","0","0","0","0","0","0","0","0","0","0","0","0","0","0","0","0","0","0","0","0","0","0","0","0"
"00003596","무등교회","00000008","진월17","20221003","0","2","6","2","0","2","4","2","0","0","0","0","0","0","2","0","0","0","0","0","0","0","0","0","0","0","0","0","0","0","0","0","0","1","1","1","0","1","1","1","0","0","0","0","0","0","0","0"
"00003596","무등교회","00000044","송암73","20221003","0","0","0","0","0","0","0","0","0","0","0","0","0","0","0","0","0","0","0","0","0","0","0","0","0","0","0","0","0","0","0","0","0","1","0","1","0","1","0","1","0","0","0","0","0","0","0","0"
"00003596","무등교회","00000088","금호36","20221003","0","1","4","1","0","1","4","1","0","0","0","0","0","0","0","0","0","0","0","0","0","0","0","0","0","0","0","0","0","0","0","0","0","0","0","0","0","0","0","0","0","0","0","0","0","0","0","0"
"00003596","무등교회","00000095","금호46","20221003","1","0","4","0","1","0","1","0","0","0","0","0","0","0","3","0","0","0","0","0","0","0","0","0","0","0","0","0","0","0","0","0","0","0","1","0","0","0","1","0","0","0","0","0","0","0","0","0"
"00003596","무등교회","00000100","진월75","20221003","0","0","1","0","0","0","1","0","0","0","0","0","0","0","0","0","0","1","2","1","0","1","2","1","0","0","0","0","0","0","0","0","0","0","0","0","0","0","0","0","0","0","0","0","0","0","0","0"
"00003596","무등교회","00000116","첨단22","20221003","0","0","1","0","0","0","1","0","0","0","0","0","0","0","0","0","0","0","0","0","0","0","0","0","0","0","0","0","0","0","0","0","0","0","1","0","0","0","1","0","0","0","0","0","0","0","0","0"
"00003597","무등교회","00000008","진월17","20221003","0","0","0","0","0","0","0","0","0","0","0","0","0","0","0","0","0","0","1","0","0","0","1","0","0","0","0","0","0","0","0","0","0","0","0","0","0","0","0","0","0","0","0","0","0","0","0","0"
"00003597","무등교회","00000044","송암73","20221003","0","0","0","0","0","0","0","0","0","0","0","0","0","0","0","0","0","0","0","0","0","0","0","0","0","0","0","0","0","0","0","0","0","0","0","0","0","0","0","0","0","0","0","0","0","0","0","0"
"00003597","무등교회","00000088","금호36","20221003","0","0","0","0","0","0","0","0","0","0","0","0","0","0","0","0","0","0","0","0","0","0","0","0","0","0","0","0","0","0","0","0","0","0","0","0","0","0","0","0","0","0","0","0","0","0","0","0"
"00003597","무등교회","00000095","금호46","20221003","0","0","0","0","0","0","0","0","0","0","0","0","0","0","0","0","0","1","1","1","0","1","1","1","0","0","0","0","0","0","0","0","0","0","0","0","0","0","0","0","0","0","0","0","0","0","0","0"
"00003597","무등교회","00000100","진월75","20221003","2","0","1","0","2","0","1","0","0","0","0","0","0","0","0","0","0","0","0","0","0","0","0","0","0","0","0","0","0","0","0","0","0","0","0","0","0","0","0","0","0","0","0","0","0","0","0","0"
"00003599","구시청사거리","00000020","일곡38","20221003","2","0","1","0","2","0","1","0","0","0","0","0","0","0","0","0","0","0","0","0","0","0","0","0","0","0","0","0","0","0","0","0","0","0","0","0","0","0","0","0","0","0","0","0","0","0","0","0"
"00003600","구시청사거리","00000020","일곡38","20221003","1","2","2","2","1","2","2","2","0","0","0","0","0","0","0","0","0","0","0","0","0","0","0","0","0","0","0","0","0","0","0","0","0","0","1","0","0","0","1","0","0","0","0","0","0","0","0","0"
"00003601","도선사입구","00000129","두암81(장등동)","20221003","0","1","0","1","0","1","0","1","0","0","0","0","0","0","0","0","0","0","0","0","0","0","0","0","0","0","0","0","0","0","0","0","0","0","0","0","0","0","0","0","0","0","0","0","0","0","0","0"
"00003602","청풍학생야영장","00000058","석곡87","20221003","1","0","0","0","1","0","0","0","0","0","0","0","0","0","0","0","0","0","0","0","0","0","0","0","0","0","0","0","0","0","0","0","0","0","0","0","0","0","0","0","0","0","0","0","0","0","0","0"
"00003604","칠성마을사거리","00000036","상무62(상무역행)","20221003","0","0","0","0","0","0","0","0","0","0","0","0","0","0","0","0","0","0","0","0","0","0","0","0","0","0","0","0","0","0","0","0","0","0","0","0","0","0","0","0","0","0","0","0","0","0","0","0"
"00003604","칠성마을사거리","00000037","상무63","20221003","1","0","2","0","1","0","2","0","0","0","0","0","0","0","0","0","1","1","0","1","1","0","0","0","0","0","0","0","0","1","0","1","0","0","1","0","0","0","1","0","0","0","0","0","0","0","0","0"
"00003604","칠성마을사거리","00000090","문흥39","20221003","2","2","2","2","2","2","2","2","0","0","0","0","0","0","0","0","0","1","2","1","0","1","1","1","0","0","1","0","0","0","0","0","0","0","0","0","0","0","0","0","0","0","0","0","0","0","0","0"
"00003604","칠성마을사거리","00000116","첨단22","20221003","1","0","2","0","1","0","2","0","0","0","0","0","0","0","0","0","0","0","2","0","0","0","2","0","0","0","0","0","0","0","0","0","1","2","3","2","1","2","3","2","0","0","0","0","0","0","0","0"
"00003604","칠성마을사거리","00000214","마을799","20221003","0","0","0","0","0","0","0","0","0","0","0","0","0","0","0","0","0","0","0","0","0","0","0","0","0","0","0","0","0","0","0","0","0","0","0","0","0","0","0","0","0","0","0","0","0","0","0","0"
"00003605","칠성마을사거리","00000037","상무63","20221003","0","0","0","0","0","0","0","0","0","0","0","0","0","0","0","0","1","1","0","1","1","1","0","1","0","0","0","0","0","0","0","0","0","0","0","0","0","0","0","0","0","0","0","0","0","0","0","0"
"00003605","칠성마을사거리","00000090","문흥39","20221003","2","0","2","0","2","0","2","0","0","0","0","0","0","0","0","0","1","1","2","1","1","1","2","1","0","0","0","0","0","0","0","0","0","0","0","0","0","0","0","0","0","0","0","0","0","0","0","0"
"00003605","칠성마을사거리","00000116","첨단22","20221003","0","0","0","0","0","0","0","0","0","0","0","0","0","0","0","0","2","1","3","1","2","1","3","1","0","0","0","0","0","0","0","0","0","0","0","0","0","0","0","0","0","0","0","0","0","0","0","0"
"00003605","칠성마을사거리","00000127","상무62","20221003","0","0","0","0","0","0","0","0","0","0","0","0","0","0","0","0","0","0","0","0","0","0","0","0","0","0","0","0","0","0","0","0","0","0","0","0","0","0","0","0","0","0","0","0","0","0","0","0"
"00003606","영락공원2단지","00000086","518","20221003","0","0","0","0","0","0","0","0","0","0","0","0","0","0","0","0","0","0","0","0","0","0","0","0","0","0","0","0","0","0","0","0","0","0","0","0","0","0","0","0","0","0","0","0","0","0","0","0"
"00003607","영락공원2단지","00000086","518","20221003","1","10","0","10","1","9","0","9","0","0","0","0","0","1","0","1","0","0","0","0","0","0","0","0","0","0","0","0","0","0","0","0","0","0","0","0","0","0","0","0","0","0","0","0","0","0","0","0"
"00003608","김대중컨벤션센터(마륵)역(북)","00000001","순환01(시청행)","20221003","2","2","1","2","1","2","1","2","1","0","0","0","0","0","0","0","0","0","0","0","0","0","0","0","0","0","0","0","0","0","0","0","2","1","1","1","2","1","1","1","0","0","0","0","0","0","0","0"
"00003608","김대중컨벤션센터(마륵)역(북)","00000020","일곡38","20221003","0","2","4","2","0","2","4","2","0","0","0","0","0","0","0","0","0","3","1","3","0","3","1","3","0","0","0","0","0","0","0","0","0","0","1","0","0","0","1","0","0","0","0","0","0","0","0","0"
"00003608","김대중컨벤션센터(마륵)역(북)","00000038","상무64","20221003","0","1","0","1","0","0","0","0","0","1","0","1","0","0","0","0","0","0","0","0","0","0","0","0","0","0","0","0","0","0","0","0","0","0","0","0","0","0","0","0","0","0","0","0","0","0","0","0"
"00003608","김대중컨벤션센터(마륵)역(북)","00000109","좌석02","20221003","0","1","1","1","0","1","1","1","0","0","0","0","0","0","0","0","1","3","1","3","1","3","1","3","0","0","0","0","0","0","0","0","0","0","0","0","0","0","0","0","0","0","0","0","0","0","0","0"
"00003608","김대중컨벤션센터(마륵)역(북)","00000112","순환01(운천저수지)","20221003","0","1","1","1","0","1","1","1","0","0","0","0","0","0","0","0","0","0","0","0","0","0","0","0","0","0","0","0","0","0","0","0","0","0","1","0","0","0","1","0","0","0","0","0","0","0","0","0"
"00003616","송화마을4단지","00000030","금남55","20221003","11","11","8","11","11","5","5","5","0","0","0","0","0","6","3","6","0","0","0","0","0","0","0","0","0","0","0","0","0","0","0","0","0","0","0","0","0","0","0","0","0","0","0","0","0","0","0","0"
"00003616","송화마을4단지","00000065","첨단95","20221003","16","18","14","18","15","15","12","15","1","0","0","0","0","3","2","3","0","0","0","0","0","0","0","0","0","0","0","0","0","0","0","0","1","0","0","0","1","0","0","0","0","0","0","0","0","0","0","0"
"00003616","송화마을4단지","00000111","송암68","20221003","15","9","13","9","14","9","12","9","1","0","0","0","0","0","1","0","1","0","0","0","1","0","0","0","0","0","0","0","0","0","0","0","0","0","0","0","0","0","0","0","0","0","0","0","0","0","0","0"
"00003617","송화마을4단지","00000030","금남55","20221003","0","0","0","0","0","0","0","0","0","0","0","0","0","0","0","0","2","0","0","0","2","0","0","0","0","0","0","0","0","0","0","0","0","0","0","0","0","0","0","0","0","0","0","0","0","0","0","0"
"00003617","송화마을4단지","00000065","첨단95","20221003","1","0","0","0","1","0","0","0","0","0","0","0","0","0","0","0","1","1","2","1","1","1","2","1","0","0","0","0","0","0","0","0","0","0","0","0","0","0","0","0","0","0","0","0","0","0","0","0"
"00003617","송화마을4단지","00000111","송암68","20221003","0","0","0","0","0","0","0","0","0","0","0","0","0","0","0","0","0","1","1","1","0","1","1","1","0","0","0","0","0","0","0","0","0","0","0","0","0","0","0","0","0","0","0","0","0","0","0","0"
"00003620","진월저수지(동)","00000030","금남55","20221003","0","0","0","0","0","0","0","0","0","0","0","0","0","0","0","0","0","1","1","1","0","1","1","1","0","0","0","0","0","0","0","0","0","0","0","0","0","0","0","0","0","0","0","0","0","0","0","0"
"00003620","진월저수지(동)","00000034","금남59","20221003","0","0","1","0","0","0","0","0","0","0","0","0","0","0","1","0","0","1","0","1","0","1","0","1","0","0","0","0","0","0","0","0","0","0","0","0","0","0","0","0","0","0","0","0","0","0","0","0"
"00003620","진월저수지(동)","00000047","봉선76","20221003","0","0","0","0","0","0","0","0","0","0","0","0","0","0","0","0","0","0","1","0","0","0","0","0","0","0","0","0","0","0","1","0","0","0","0","0","0","0","0","0","0","0","0","0","0","0","0","0"
"00003620","진월저수지(동)","00000111","송암68","20221003","1","2","1","2","1","1","0","1","0","0","0","0","0","1","1","1","0","1","2","1","0","0","2","0","0","1","0","1","0","0","0","0","0","0","0","0","0","0","0","0","0","0","0","0","0","0","0","0"
"00003622","광주지방경찰청입구","00000019","봉선37","20221003","1","4","1","4","1","3","1","3","0","1","0","1","0","0","0","0","3","1","4","1","3","1","4","1","0","0","0","0","0","0","0","0","0","0","0","0","0","0","0","0","0","0","0","0","0","0","0","0"
"00003622","광주지방경찰청입구","00000092","첨단40","20221003","0","0","1","0","0","0","0","0","0","0","1","0","0","0","0","0","0","0","0","0","0","0","0","0","0","0","0","0","0","0","0","0","0","0","0","0","0","0","0","0","0","0","0","0","0","0","0","0"
"00003622","광주지방경찰청입구","00000127","상무62","20221003","1","0","0","0","1","0","0","0","0","0","0","0","0","0","0","0","0","0","0","0","0","0","0","0","0","0","0","0","0","0","0","0","0","0","0","0","0","0","0","0","0","0","0","0","0","0","0","0"
"00003622","광주지방경찰청입구","00000203","마을700","20221003","0","1","0","1","0","1","0","1","0","0","0","0","0","0","0","0","0","0","0","0","0","0","0","0","0","0","0","0","0","0","0","0","0","0","0","0","0","0","0","0","0","0","0","0","0","0","0","0"
"00003623","광주지방경찰청입구","00000019","봉선37","20221003","3","1","2","1","3","1","1","1","0","0","0","0","0","0","1","0","3","0","2","0","3","0","1","0","0","0","1","0","0","0","0","0","1","1","0","1","1","1","0","1","0","0","0","0","0","0","0","0"
"00003623","광주지방경찰청입구","00000036","상무62(상무역행)","20221003","2","1","0","1","2","1","0","1","0","0","0","0","0","0","0","0","0","0","0","0","0","0","0","0","0","0","0","0","0","0","0","0","0","0","0","0","0","0","0","0","0","0","0","0","0","0","0","0"
"00003623","광주지방경찰청입구","00000092","첨단40","20221003","2","1","1","1","2","1","1","1","0","0","0","0","0","0","0","0","0","1","0","1","0","1","0","1","0","0","0","0","0","0","0","0","0","0","1","0","0","0","1","0","0","0","0","0","0","0","0","0"
"00003623","광주지방경찰청입구","00000195","마을720","20221003","1","3","3","3","1","3","2","3","0","0","0","0","0","0","1","0","0","0","1","0","0","0","1","0","0","0","0","0","0","0","0","0","0","0","0","0","0","0","0","0","0","0","0","0","0","0","0","0"
"00003623","광주지방경찰청입구","00000203","마을700","20221003","3","5","0","5","3","5","0","5","0","0","0","0","0","0","0","0","0","0","2","0","0","0","2","0","0","0","0","0","0","0","0","0","0","0","0","0","0","0","0","0","0","0","0","0","0","0","0","0"
"00003631","용동(평동)","00000094","송정93","20221003","2","1","0","1","2","1","0","1","0","0","0","0","0","0","0","0","0","0","0","0","0","0","0","0","0","0","0","0","0","0","0","0","0","0","0","0","0","0","0","0","0","0","0","0","0","0","0","0"
"00003633","영천","00000094","송정93","20221003","0","0","0","0","0","0","0","0","0","0","0","0","0","0","0","0","0","0","0","0","0","0","0","0","0","0","0","0","0","0","0","0","0","0","0","0","0","0","0","0","0","0","0","0","0","0","0","0"
"00003637","송촌동","00000094","송정93","20221003","0","1","0","1","0","1","0","1","0","0","0","0","0","0","0","0","0","1","0","1","0","0","0","0","0","0","0","0","0","1","0","1","0","0","0","0","0","0","0","0","0","0","0","0","0","0","0","0"
"00003640","은빛마을","00000043","송암72","20221003","0","1","2","1","0","1","2","1","0","0","0","0","0","0","0","0","1","1","0","1","1","1","0","1","0","0","0","0","0","0","0","0","0","0","1","0","0","0","0","0","0","0","0","0","0","0","1","0"
"00003640","은빛마을","00000096","일곡10","20221003","6","3","4","3","6","1","4","1","0","1","0","1","0","1","0","1","0","0","1","0","0","0","1","0","0","0","0","0","0","0","0","0","0","0","0","0","0","0","0","0","0","0","0","0","0","0","0","0"
"00003640","은빛마을","00000102","수완12","20221003","1","2","5","2","1","2","4","2","0","0","0","0","0","0","1","0","0","3","5","3","0","2","2","2","0","1","2","1","0","0","1","0","0","1","0","1","0","1","0","1","0","0","0","0","0","0","0","0"
"00003641","은빛마을","00000043","송암72","20221003","1","3","0","3","1","3","0","3","0","0","0","0","0","0","0","0","1","1","0","1","1","1","0","1","0","0","0","0","0","0","0","0","0","0","0","0","0","0","0","0","0","0","0","0","0","0","0","0"
"00003641","은빛마을","00000096","일곡10","20221003","0","0","0","0","0","0","0","0","0","0","0","0","0","0","0","0","0","1","0","1","0","1","0","1","0","0","0","0","0","0","0","0","0","0","0","0","0","0","0","0","0","0","0","0","0","0","0","0"
"00003641","은빛마을","00000102","수완12","20221003","2","4","0","4","2","4","0","4","0","0","0","0","0","0","0","0","0","0","1","0","0","0","1","0","0","0","0","0","0","0","0","0","0","0","0","0","0","0","0","0","0","0","0","0","0","0","0","0"
"00003642","장덕마을","00000043","송암72","20221003","0","1","0","1","0","1","0","1","0","0","0","0","0","0","0","0","1","0","2","0","1","0","1","0","0","0","0","0","0","0","1","0","1","0","0","0","1","0","0","0","0","0","0","0","0","0","0","0"
"00003642","장덕마을","00000081","진곡196","20221003","0","0","0","0","0","0","0","0","0","0","0","0","0","0","0","0","1","1","1","1","1","1","1","1","0","0","0","0","0","0","0","0","0","0","0","0","0","0","0","0","0","0","0","0","0","0","0","0"
"00003642","장덕마을","00000098","수완49","20221003","0","0","0","0","0","0","0","0","0","0","0","0","0","0","0","0","1","0","0","0","1","0","0","0","0","0","0","0","0","0","0","0","0","0","0","0","0","0","0","0","0","0","0","0","0","0","0","0"
"00003643","장덕마을","00000043","송암72","20221003","3","12","7","12","3","10","7","10","0","0","0","0","0","2","0","2","0","0","0","0","0","0","0","0","0","0","0","0","0","0","0","0","0","0","0","0","0","0","0","0","0","0","0","0","0","0","0","0"
"00003643","장덕마을","00000081","진곡196","20221003","12","4","10","4","12","4","8","4","0","0","0","0","0","0","2","0","0","0","1","0","0","0","1","0","0","0","0","0","0","0","0","0","0","0","0","0","0","0","0","0","0","0","0","0","0","0","0","0"
"00003643","장덕마을","00000098","수완49","20221003","3","8","1","8","3","8","1","8","0","0","0","0","0","0","0","0","0","0","0","0","0","0","0","0","0","0","0","0","0","0","0","0","0","0","0","0","0","0","0","0","0","0","0","0","0","0","0","0"
"00003644","고실마을","00000043","송암72","20221003","0","0","0","0","0","0","0","0","0","0","0","0","0","0","0","0","0","0","2","0","0","0","1","0","0","0","0","0","0","0","1","0","0","0","0","0","0","0","0","0","0","0","0","0","0","0","0","0"
"00003644","고실마을","00000096","일곡10","20221003","0","0","0","0","0","0","0","0","0","0","0","0","0","0","0","0","0","0","0","0","0","0","0","0","0","0","0","0","0","0","0","0","0","0","0","0","0","0","0","0","0","0","0","0","0","0","0","0"
"00003644","고실마을","00000098","수완49","20221003","0","0","0","0","0","0","0","0","0","0","0","0","0","0","0","0","0","0","0","0","0","0","0","0","0","0","0","0","0","0","0","0","0","0","0","0","0","0","0","0","0","0","0","0","0","0","0","0"
"00003644","고실마을","00000125","선운101","20221003","0","0","0","0","0","0","0","0","0","0","0","0","0","0","0","0","0","0","0","0","0","0","0","0","0","0","0","0","0","0","0","0","0","0","0","0","0","0","0","0","0","0","0","0","0","0","0","0"
"00003644","고실마을","00000203","마을700","20221003","0","0","0","0","0","0","0","0","0","0","0","0","0","0","0","0","0","0","1","0","0","0","1","0","0","0","0","0","0","0","0","0","0","0","0","0","0","0","0","0","0","0","0","0","0","0","0","0"
"00003645","고실마을","00000043","송암72","20221003","3","4","3","4","3","4","3","4","0","0","0","0","0","0","0","0","0","0","0","0","0","0","0","0","0","0","0","0","0","0","0","0","0","0","0","0","0","0","0","0","0","0","0","0","0","0","0","0"
"00003645","고실마을","00000096","일곡10","20221003","3","5","9","5","1","3","2","3","0","0","1","0","2","2","6","2","0","1","1","1","0","1","1","1","0","0","0","0","0","0","0","0","0","0","0","0","0","0","0","0","0","0","0","0","0","0","0","0"
"00003645","고실마을","00000098","수완49","20221003","4","1","1","1","3","1","1","1","0","0","0","0","1","0","0","0","0","0","0","0","0","0","0","0","0","0","0","0","0","0","0","0","0","0","0","0","0","0","0","0","0","0","0","0","0","0","0","0"
"00003645","고실마을","00000125","선운101","20221003","1","0","0","0","1","0","0","0","0","0","0","0","0","0","0","0","0","0","0","0","0","0","0","0","0","0","0","0","0","0","0","0","0","0","0","0","0","0","0","0","0","0","0","0","0","0","0","0"
"00003645","고실마을","00000203","마을700","20221003","2","4","4","4","2","4","3","4","0","0","0","0","0","0","1","0","0","0","0","0","0","0","0","0","0","0","0","0","0","0","0","0","0","0","1","0","0","0","1","0","0","0","0","0","0","0","0","0"
"00003646","수완양우내안애","00000043","송암72","20221003","0","0","0","0","0","0","0","0","0","0","0","0","0","0","0","0","0","1","0","1","0","1","0","1","0","0","0","0","0","0","0","0","0","0","0","0","0","0","0","0","0","0","0","0","0","0","0","0"
"00003646","수완양우내안애","00000096","일곡10","20221003","8","3","3","3","8","3","2","3","0","0","0","0","0","0","1","0","0","0","0","0","0","0","0","0","0","0","0","0","0","0","0","0","0","1","0","1","0","1","0","1","0","0","0","0","0","0","0","0"
"00003646","수완양우내안애","00000098","수완49","20221003","0","0","0","0","0","0","0","0","0","0","0","0","0","0","0","0","0","0","0","0","0","0","0","0","0","0","0","0","0","0","0","0","0","0","0","0","0","0","0","0","0","0","0","0","0","0","0","0"
"00003646","수완양우내안애","00000125","선운101","20221003","1","0","0","0","1","0","0","0","0","0","0","0","0","0","0","0","0","0","0","0","0","0","0","0","0","0","0","0","0","0","0","0","0","0","0","0","0","0","0","0","0","0","0","0","0","0","0","0"
"00003646","수완양우내안애","00000203","마을700","20221003","0","1","0","1","0","0","0","0","0","0","0","0","0","1","0","1","0","0","1","0","0","0","1","0","0","0","0","0","0","0","0","0","0","0","0","0","0","0","0","0","0","0","0","0","0","0","0","0"
"00003647","수완양우내안애","00000043","송암72","20221003","21","14","3","14","18","11","1","11","0","3","0","3","3","0","2","0","0","0","0","0","0","0","0","0","0","0","0","0","0","0","0","0","0","0","0","0","0","0","0","0","0","0","0","0","0","0","0","0"
"00003647","수완양우내안애","00000096","일곡10","20221003","6","7","14","7","4","6","13","6","1","0","1","0","1","1","0","1","0","1","0","1","0","1","0","1","0","0","0","0","0","0","0","0","0","0","0","0","0","0","0","0","0","0","0","0","0","0","0","0"
"00003647","수완양우내안애","00000098","수완49","20221003","13","13","3","13","11","10","1","10","0","0","0","0","2","3","2","3","0","0","0","0","0","0","0","0","0","0","0","0","0","0","0","0","0","0","1","0","0","0","1","0","0","0","0","0","0","0","0","0"
"00003647","수완양우내안애","00000125","선운101","20221003","4","3","0","3","4","3","0","3","0","0","0","0","0","0","0","0","0","0","0","0","0","0","0","0","0","0","0","0","0","0","0","0","0","0","0","0","0","0","0","0","0","0","0","0","0","0","0","0"
"00003647","수완양우내안애","00000203","마을700","20221003","24","12","7","12","23","10","6","10","0","1","0","1","1","1","1","1","0","0","0","0","0","0","0","0","0","0","0","0","0","0","0","0","0","0","0","0","0","0","0","0","0","0","0","0","0","0","0","0"
"00003648","신창부영2차아파트","00000043","송암72","20221003","3","5","4","5","3","4","4","4","0","0","0","0","0","1","0","1","3","1","0","1","3","1","0","1","0","0","0","0","0","0","0","0","0","0","0","0","0","0","0","0","0","0","0","0","0","0","0","0"
"00003648","신창부영2차아파트","00000096","일곡10","20221003","0","0","0","0","0","0","0","0","0","0","0","0","0","0","0","0","2","1","3","1","2","0","1","0","0","0","0","0","0","1","2","1","0","0","0","0","0","0","0","0","0","0","0","0","0","0","0","0"
"00003648","신창부영2차아파트","00000102","수완12","20221003","4","7","3","7","4","7","3","7","0","0","0","0","0","0","0","0","0","0","2","0","0","0","2","0","0","0","0","0","0","0","0","0","0","0","0","0","0","0","0","0","0","0","0","0","0","0","0","0"
"00003649","신창부영2차아파트","00000043","송암72","20221003","0","0","0","0","0","0","0","0","0","0","0","0","0","0","0","0","0","2","1","2","0","2","1","2","0","0","0","0","0","0","0","0","0","0","0","0","0","0","0","0","0","0","0","0","0","0","0","0"
"00003649","신창부영2차아파트","00000096","일곡10","20221003","0","0","0","0","0","0","0","0","0","0","0","0","0","0","0","0","1","2","0","2","1","1","0","1","0","0","0","0","0","1","0","1","0","0","0","0","0","0","0","0","0","0","0","0","0","0","0","0"
"00003649","신창부영2차아파트","00000102","수완12","20221003","0","0","0","0","0","0","0","0","0","0","0","0","0","0","0","0","1","1","0","1","1","1","0","1","0","0","0","0","0","0","0","0","0","0","0","0","0","0","0","0","0","0","0","0","0","0","0","0"
"00003650","광산우산동행정복지센터","00000095","금호46","20221003","2","2","3","2","2","2","3","2","0","0","0","0","0","0","0","0","1","0","0","0","1","0","0","0","0","0","0","0","0","0","0","0","0","0","0","0","0","0","0","0","0","0","0","0","0","0","0","0"
"00003650","광산우산동행정복지센터","00000111","송암68","20221003","0","0","0","0","0","0","0","0","0","0","0","0","0","0","0","0","3","0","3","0","3","0","3","0","0","0","0","0","0","0","0","0","0","0","0","0","0","0","0","0","0","0","0","0","0","0","0","0"
"00003651","광산우산동행정복지센터","00000095","금호46","20221003","3","8","5","8","2","8","5","8","0","0","0","0","1","0","0","0","0","0","0","0","0","0","0","0","0","0","0","0","0","0","0","0","0","0","0","0","0","0","0","0","0","0","0","0","0","0","0","0"
"00003651","광산우산동행정복지센터","00000111","송암68","20221003","8","4","2","4","8","4","2","4","0","0","0","0","0","0","0","0","1","0","0","0","1","0","0","0","0","0","0","0","0","0","0","0","1","0","1","0","1","0","1","0","0","0","0","0","0","0","0","0"
"00003652","광주농수산물유통센터(북)","00000095","금호46","20221003","3","11","25","11","3","7","15","7","0","2","4","2","0","2","6","2","3","7","8","7","3","7","7","7","0","0","0","0","0","0","1","0","0","0","0","0","0","0","0","0","0","0","0","0","0","0","0","0"
"00003652","광주농수산물유통센터(북)","00000102","수완12","20221003","3","4","7","4","2","4","5","4","0","0","0","0","1","0","2","0","0","2","0","2","0","2","0","2","0","0","0","0","0","0","0","0","0","2","2","2","0","2","2","2","0","0","0","0","0","0","0","0"
"00003652","광주농수산물유통센터(북)","00000108","송정33","20221003","4","5","9","5","2","5","8","5","0","0","0","0","2","0","1","0","0","6","2","6","0","3","2","3","0","1","0","1","0","2","0","2","2","0","0","0","2","0","0","0","0","0","0","0","0","0","0","0"
"00003652","광주농수산물유통센터(북)","00000114","수완03","20221003","7","17","41","17","6","13","26","13","0","1","2","1","1","3","13","3","3","14","10","14","3","13","10","13","0","0","0","0","0","1","0","1","1","1","1","1","1","1","1","1","0","0","0","0","0","0","0","0"
"00003652","광주농수산물유통센터(북)","00000203","마을700","20221003","6","3","5","3","6","3","4","3","0","0","0","0","0","0","1","0","2","2","9","2","2","1","8","1","0","1","1","1","0","0","0","0","0","0","0","0","0","0","0","0","0","0","0","0","0","0","0","0"
"00003653","광주농수산물유통센터(북)","00000095","금호46","20221003","5","7","10","7","5","6","10","6","0","0","0","0","0","1","0","1","0","0","1","0","0","0","0","0","0","0","0","0","0","0","1","0","0","0","1","0","0","0","1","0","0","0","0","0","0","0","0","0"
"00003653","광주농수산물유통센터(북)","00000102","수완12","20221003","0","1","1","1","0","1","1","1","0","0","0","0","0","0","0","0","0","1","1","1","0","1","1","1","0","0","0","0","0","0","0","0","0","0","0","0","0","0","0","0","0","0","0","0","0","0","0","0"
"00003653","광주농수산물유통센터(북)","00000108","송정33","20221003","1","2","6","2","1","2","5","2","0","0","0","0","0","0","1","0","0","0","0","0","0","0","0","0","0","0","0","0","0","0","0","0","1","1","0","1","1","1","0","1","0","0","0","0","0","0","0","0"
"00003653","광주농수산물유통센터(북)","00000114","수완03","20221003","17","16","19","16","17","15","17","15","0","0","1","0","0","1","1","1","1","1","1","1","1","1","1","1","0","0","0","0","0","0","0","0","0","0","0","0","0","0","0","0","0","0","0","0","0","0","0","0"
"00003653","광주농수산물유통센터(북)","00000203","마을700","20221003","4","10","5","10","4","9","4","9","0","1","0","1","0","0","1","0","0","0","2","0","0","0","2","0","0","0","0","0","0","0","0","0","0","0","0","0","0","0","0","0","0","0","0","0","0","0","0","0"
"00003654","수완모아엘가","00000095","금호46","20221003","0","0","0","0","0","0","0","0","0","0","0","0","0","0","0","0","1","0","0","0","1","0","0","0","0","0","0","0","0","0","0","0","0","0","0","0","0","0","0","0","0","0","0","0","0","0","0","0"
"00003654","수완모아엘가","00000102","수완12","20221003","0","0","0","0","0","0","0","0","0","0","0","0","0","0","0","0","1","0","0","0","1","0","0","0","0","0","0","0","0","0","0","0","0","0","0","0","0","0","0","0","0","0","0","0","0","0","0","0"
"00003654","수완모아엘가","00000108","송정33","20221003","0","0","0","0","0","0","0","0","0","0","0","0","0","0","0","0","0","0","0","0","0","0","0","0","0","0","0","0","0","0","0","0","0","0","0","0","0","0","0","0","0","0","0","0","0","0","0","0"
"00003654","수완모아엘가","00000114","수완03","20221003","0","0","0","0","0","0","0","0","0","0","0","0","0","0","0","0","1","2","1","2","1","2","1","2","0","0","0","0","0","0","0","0","0","0","0","0","0","0","0","0","0","0","0","0","0","0","0","0"
"00003654","수완모아엘가","00000203","마을700","20221003","0","0","0","0","0","0","0","0","0","0","0","0","0","0","0","0","0","1","1","1","0","1","0","1","0","0","0","0","0","0","1","0","0","0","0","0","0","0","0","0","0","0","0","0","0","0","0","0"
"00003655","수완모아엘가","00000095","금호46","20221003","7","30","39","30","7","20","21","20","0","2","3","2","0","8","15","8","1","1","1","1","1","1","1","1","0","0","0","0","0","0","0","0","1","0","2","0","1","0","2","0","0","0","0","0","0","0","0","0"
"00003655","수완모아엘가","00000102","수완12","20221003","0","8","20","8","0","5","12","5","0","1","0","1","0","2","8","2","3","0","4","0","3","0","4","0","0","0","0","0","0","0","0","0","0","0","2","0","0","0","2","0","0","0","0","0","0","0","0","0"
"00003655","수완모아엘가","00000108","송정33","20221003","4","14","30","14","3","6","17","6","0","0","2","0","1","8","11","8","0","3","3","3","0","3","2","3","0","0","0","0","0","0","1","0","0","1","1","1","0","1","1","1","0","0","0","0","0","0","0","0"
"00003655","수완모아엘가","00000114","수완03","20221003","19","54","110","54","12","39","90","39","0","4","3","4","7","11","17","11","0","6","2","6","0","6","2","6","0","0","0","0","0","0","0","0","0","1","1","1","0","1","1","1","0","0","0","0","0","0","0","0"
"00003655","수완모아엘가","00000203","마을700","20221003","10","18","37","18","8","7","22","7","0","2","3","2","2","9","12","9","0","2","1","2","0","2","0","2","0","0","1","0","0","0","0","0","0","0","0","0","0","0","0","0","0","0","0","0","0","0","0","0"
"00003656","하완마을","00000098","수완49","20221003","1","0","0","0","1","0","0","0","0","0","0","0","0","0","0","0","0","0","0","0","0","0","0","0","0","0","0","0","0","0","0","0","0","0","0","0","0","0","0","0","0","0","0","0","0","0","0","0"
"00003657","하완마을","00000098","수완49","20221003","0","0","0","0","0","0","0","0","0","0","0","0","0","0","0","0","0","0","0","0","0","0","0","0","0","0","0","0","0","0","0","0","0","0","0","0","0","0","0","0","0","0","0","0","0","0","0","0"
"00003658","수완동공원","00000098","수완49","20221003","0","0","0","0","0","0","0","0","0","0","0","0","0","0","0","0","0","0","0","0","0","0","0","0","0","0","0","0","0","0","0","0","0","0","0","0","0","0","0","0","0","0","0","0","0","0","0","0"
"00003659","수완동공원","00000098","수완49","20221003","0","0","0","0","0","0","0","0","0","0","0","0","0","0","0","0","0","0","0","0","0","0","0","0","0","0","0","0","0","0","0","0","0","0","0","0","0","0","0","0","0","0","0","0","0","0","0","0"
"00003665","수완중흥S-클래스 1차","00000081","진곡196","20221003","1","3","6","3","1","2","5","2","0","0","0","0","0","1","1","1","1","0","2","0","1","0","2","0","0","0","0","0","0","0","0","0","0","0","2","0","0","0","2","0","0","0","0","0","0","0","0","0"
"00003665","수완중흥S-클래스 1차","00000095","금호46","20221003","6","3","5","3","5","3","5","3","0","0","0","0","1","0","0","0","3","1","1","1","3","1","1","1","0","0","0","0","0","0","0","0","0","0","0","0","0","0","0","0","0","0","0","0","0","0","0","0"
"00003665","수완중흥S-클래스 1차","00000108","송정33","20221003","2","0","2","0","2","0","2","0","0","0","0","0","0","0","0","0","0","0","0","0","0","0","0","0","0","0","0","0","0","0","0","0","0","0","0","0","0","0","0","0","0","0","0","0","0","0","0","0"
"00003665","수완중흥S-클래스 1차","00000114","수완03","20221003","14","33","25","33","14","27","22","27","0","3","0","3","0","3","3","3","5","7","8","7","5","7","6","7","0","0","0","0","0","0","2","0","0","4","1","4","0","3","1","3","0","0","0","0","0","1","0","1"
"00003665","수완중흥S-클래스 1차","00000203","마을700","20221003","1","1","0","1","1","1","0","1","0","0","0","0","0","0","0","0","2","0","2","0","2","0","1","0","0","0","0","0","0","0","1","0","0","0","0","0","0","0","0","0","0","0","0","0","0","0","0","0"
"00003666","수완중흥S-클래스 1차","00000081","진곡196","20221003","1","0","4","0","1","0","3","0","0","0","0","0","0","0","1","0","0","1","3","1","0","1","3","1","0","0","0","0","0","0","0","0","0","0","2","0","0","0","2","0","0","0","0","0","0","0","0","0"
"00003666","수완중흥S-클래스 1차","00000095","금호46","20221003","4","7","3","7","4","7","2","7","0","0","0","0","0","0","1","0","0","2","0","2","0","2","0","2","0","0","0","0","0","0","0","0","2","0","1","0","1","0","1","0","0","0","0","0","1","0","0","0"
"00003666","수완중흥S-클래스 1차","00000108","송정33","20221003","1","7","0","7","0","4","0","4","0","1","0","1","1","2","0","2","0","0","1","0","0","0","1","0","0","0","0","0","0","0","0","0","0","0","2","0","0","0","1","0","0","0","0","0","0","0","1","0"
"00003666","수완중흥S-클래스 1차","00000114","수완03","20221003","6","14","11","14","5","10","11","10","0","0","0","0","1","4","0","4","1","3","9","3","1","3","9","3","0","0","0","0","0","0","0","0","2","1","4","1","2","1","4","1","0","0","0","0","0","0","0","0"
"00003666","수완중흥S-클래스 1차","00000203","마을700","20221003","3","5","2","5","3","3","2","3","0","1","0","1","0","1","0","1","1","0","0","0","1","0","0","0","0","0","0","0","0","0","0","0","1","0","1","0","1","0","1","0","0","0","0","0","0","0","0","0"
"00003667","정부광주지방합동청사","00000090","문흥39","20221003","0","0","0","0","0","0","0","0","0","0","0","0","0","0","0","0","0","1","1","1","0","1","1","1","0","0","0","0","0","0","0","0","0","0","0","0","0","0","0","0","0","0","0","0","0","0","0","0"
"00003668","정부광주지방합동청사","00000090","문흥39","20221003","0","3","1","3","0","2","1","2","0","0","0","0","0","1","0","1","0","0","0","0","0","0","0","0","0","0","0","0","0","0","0","0","0","0","0","0","0","0","0","0","0","0","0","0","0","0","0","0"
"00003668","정부광주지방합동청사","00000095","금호46","20221003","0","0","0","0","0","0","0","0","0","0","0","0","0","0","0","0","0","0","0","0","0","0","0","0","0","0","0","0","0","0","0","0","0","0","0","0","0","0","0","0","0","0","0","0","0","0","0","0"
"00003678","풍암동부센트리빌","00000091","송암74","20221003","0","3","0","3","0","3","0","3","0","0","0","0","0","0","0","0","0","1","2","1","0","1","1","1","0","0","0","0","0","0","1","0","0","0","0","0","0","0","0","0","0","0","0","0","0","0","0","0"
"00003679","풍암SK뷰","00000091","송암74","20221003","0","4","2","4","0","4","2","4","0","0","0","0","0","0","0","0","1","0","0","0","1","0","0","0","0","0","0","0","0","0","0","0","0","0","0","0","0","0","0","0","0","0","0","0","0","0","0","0"
"00003692","운리초교입구","00000091","송암74","20221003","1","0","0","0","1","0","0","0","0","0","0","0","0","0","0","0","0","0","1","0","0","0","1","0","0","0","0","0","0","0","0","0","0","1","0","1","0","1","0","1","0","0","0","0","0","0","0","0"
"00003692","운리초교입구","00000201","마을760","20221003","0","1","0","1","0","1","0","1","0","0","0","0","0","0","0","0","0","1","0","1","0","1","0","1","0","0","0","0","0","0","0","0","0","0","0","0","0","0","0","0","0","0","0","0","0","0","0","0"
"00003693","운리초교입구","00000091","송암74","20221003","0","5","2","5","0","4","2","4","0","0","0","0","0","1","0","1","2","1","2","1","2","1","0","1","0","0","1","0","0","0","1","0","0","0","0","0","0","0","0","0","0","0","0","0","0","0","0","0"
"00003694","풍암동부센트리빌","00000091","송암74","20221003","8","11","10","11","8","8","10","8","0","1","0","1","0","2","0","2","0","0","0","0","0","0","0","0","0","0","0","0","0","0","0","0","0","0","0","0","0","0","0","0","0","0","0","0","0","0","0","0"
"00003747","평동역(북)","00000094","송정93","20221003","0","0","0","0","0","0","0","0","0","0","0","0","0","0","0","0","0","0","0","0","0","0","0","0","0","0","0","0","0","0","0","0","0","0","0","0","0","0","0","0","0","0","0","0","0","0","0","0"
"00003748","무등도요","00000094","송정93","20221003","0","0","0","0","0","0","0","0","0","0","0","0","0","0","0","0","0","0","0","0","0","0","0","0","0","0","0","0","0","0","0","0","0","0","0","0","0","0","0","0","0","0","0","0","0","0","0","0"
"00003750","명화전자","00000094","송정93","20221003","0","0","0","0","0","0","0","0","0","0","0","0","0","0","0","0","3","0","0","0","3","0","0","0","0","0","0","0","0","0","0","0","0","0","0","0","0","0","0","0","0","0","0","0","0","0","0","0"
"00003750","명화전자","00000203","마을700","20221003","0","1","0","1","0","1","0","1","0","0","0","0","0","0","0","0","0","0","1","0","0","0","1","0","0","0","0","0","0","0","0","0","0","0","0","0","0","0","0","0","0","0","0","0","0","0","0","0"
"00003754","용동(평동)","00000094","송정93","20221003","1","0","0","0","1","0","0","0","0","0","0","0","0","0","0","0","0","0","0","0","0","0","0","0","0","0","0","0","0","0","0","0","0","0","0","0","0","0","0","0","0","0","0","0","0","0","0","0"
"00003755","영천","00000094","송정93","20221003","3","0","0","0","3","0","0","0","0","0","0","0","0","0","0","0","0","0","0","0","0","0","0","0","0","0","0","0","0","0","0","0","0","0","0","0","0","0","0","0","0","0","0","0","0","0","0","0"
"00003762","동산교차로(북)","00000007","매월16","20221003","0","0","0","0","0","0","0","0","0","0","0","0","0","0","0","0","0","0","0","0","0","0","0","0","0","0","0","0","0","0","0","0","0","0","0","0","0","0","0","0","0","0","0","0","0","0","0","0"
"00003762","동산교차로(북)","00000008","진월17","20221003","1","1","1","1","1","1","1","1","0","0","0","0","0","0","0","0","0","0","0","0","0","0","0","0","0","0","0","0","0","0","0","0","0","0","0","0","0","0","0","0","0","0","0","0","0","0","0","0"
"00003762","동산교차로(북)","00000012","지원25","20221003","2","0","0","0","2","0","0","0","0","0","0","0","0","0","0","0","0","0","0","0","0","0","0","0","0","0","0","0","0","0","0","0","0","0","0","0","0","0","0","0","0","0","0","0","0","0","0","0"
"00003762","동산교차로(북)","00000044","송암73","20221003","0","1","1","1","0","1","0","1","0","0","0","0","0","0","1","0","0","0","0","0","0","0","0","0","0","0","0","0","0","0","0","0","0","0","1","0","0","0","1","0","0","0","0","0","0","0","0","0"
"00003762","동산교차로(북)","00000088","금호36","20221003","4","5","3","5","4","4","3","4","0","0","0","0","0","1","0","1","0","0","0","0","0","0","0","0","0","0","0","0","0","0","0","0","0","0","0","0","0","0","0","0","0","0","0","0","0","0","0","0"
"00003762","동산교차로(북)","00000095","금호46","20221003","0","0","1","0","0","0","1","0","0","0","0","0","0","0","0","0","0","0","0","0","0","0","0","0","0","0","0","0","0","0","0","0","0","0","0","0","0","0","0","0","0","0","0","0","0","0","0","0"
"00003762","동산교차로(북)","00000100","진월75","20221003","0","4","0","4","0","2","0","2","0","0","0","0","0","2","0","2","0","1","0","1","0","1","0","1","0","0","0","0","0","0","0","0","0","0","0","0","0","0","0","0","0","0","0","0","0","0","0","0"
"00003762","동산교차로(북)","00000116","첨단22","20221003","4","4","2","4","3","2","2","2","0","1","0","1","1","1","0","1","0","0","0","0","0","0","0","0","0","0","0","0","0","0","0","0","0","0","0","0","0","0","0","0","0","0","0","0","0","0","0","0"
"00003766","광주지방경찰청","00000092","첨단40","20221003","0","0","0","0","0","0","0","0","0","0","0","0","0","0","0","0","0","0","1","0","0","0","1","0","0","0","0","0","0","0","0","0","0","0","0","0","0","0","0","0","0","0","0","0","0","0","0","0"
"00003767","소촌남계길","00000092","첨단40","20221003","0","2","1","2","0","2","1","2","0","0","0","0","0","0","0","0","1","0","0","0","1","0","0","0","0","0","0","0","0","0","0","0","0","0","0","0","0","0","0","0","0","0","0","0","0","0","0","0"
"00003768","소촌남계길","00000092","첨단40","20221003","0","0","0","0","0","0","0","0","0","0","0","0","0","0","0","0","0","0","0","0","0","0","0","0","0","0","0","0","0","0","0","0","0","0","0","0","0","0","0","0","0","0","0","0","0","0","0","0"
"00003769","소촌라인2차아파트","00000092","첨단40","20221003","4","8","2","8","4","8","2","8","0","0","0","0","0","0","0","0","0","0","0","0","0","0","0","0","0","0","0","0","0","0","0","0","0","0","0","0","0","0","0","0","0","0","0","0","0","0","0","0"
"00003770","소촌라인2차아파트","00000092","첨단40","20221003","2","7","3","7","2","6","3","6","0","1","0","1","0","0","0","0","1","0","0","0","1","0","0","0","0","0","0","0","0","0","0","0","0","0","0","0","0","0","0","0","0","0","0","0","0","0","0","0"
"00003771","진월저수지(동)","00000030","금남55","20221003","1","4","3","4","1","2","1","2","0","1","0","1","0","1","2","1","0","0","0","0","0","0","0","0","0","0","0","0","0","0","0","0","0","0","0","0","0","0","0","0","0","0","0","0","0","0","0","0"
"00003771","진월저수지(동)","00000034","금남59","20221003","4","4","1","4","3","2","1","2","1","1","0","1","0","1","0","1","0","0","0","0","0","0","0","0","0","0","0","0","0","0","0","0","0","0","0","0","0","0","0","0","0","0","0","0","0","0","0","0"
"00003771","진월저수지(동)","00000047","봉선76","20221003","0","0","0","0","0","0","0","0","0","0","0","0","0","0","0","0","0","0","0","0","0","0","0","0","0","0","0","0","0","0","0","0","0","0","0","0","0","0","0","0","0","0","0","0","0","0","0","0"
"00003771","진월저수지(동)","00000111","송암68","20221003","3","3","2","3","3","3","2","3","0","0","0","0","0","0","0","0","0","0","0","0","0","0","0","0","0","0","0","0","0","0","0","0","0","0","0","0","0","0","0","0","0","0","0","0","0","0","0","0"
"00003772","송화마을1단지입구","00000065","첨단95","20221003","0","0","0","0","0","0","0","0","0","0","0","0","0","0","0","0","1","0","0","0","1","0","0","0","0","0","0","0","0","0","0","0","0","0","0","0","0","0","0","0","0","0","0","0","0","0","0","0"
"00003772","송화마을1단지입구","00000100","진월75","20221003","0","0","0","0","0","0","0","0","0","0","0","0","0","0","0","0","0","0","0","0","0","0","0","0","0","0","0","0","0","0","0","0","0","0","0","0","0","0","0","0","0","0","0","0","0","0","0","0"
"00003773","송화마을3단지","00000030","금남55","20221003","0","0","0","0","0","0","0","0","0","0","0","0","0","0","0","0","0","1","0","1","0","0","0","0","0","0","0","0","0","1","0","1","0","0","0","0","0","0","0","0","0","0","0","0","0","0","0","0"
"00003773","송화마을3단지","00000034","금남59","20221003","0","0","0","0","0","0","0","0","0","0","0","0","0","0","0","0","0","1","0","1","0","1","0","1","0","0","0","0","0","0","0","0","0","0","1","0","0","0","1","0","0","0","0","0","0","0","0","0"
"00003773","송화마을3단지","00000047","봉선76","20221003","0","1","1","1","0","1","1","1","0","0","0","0","0","0","0","0","0","0","0","0","0","0","0","0","0","0","0","0","0","0","0","0","0","0","0","0","0","0","0","0","0","0","0","0","0","0","0","0"
"00003773","송화마을3단지","00000065","첨단95","20221003","0","0","1","0","0","0","0","0","0","0","1","0","0","0","0","0","0","1","4","1","0","1","3","1","0","0","0","0","0","0","1","0","0","0","0","0","0","0","0","0","0","0","0","0","0","0","0","0"
"00003773","송화마을3단지","00000111","송암68","20221003","0","1","0","1","0","1","0","1","0","0","0","0","0","0","0","0","0","0","1","0","0","0","1","0","0","0","0","0","0","0","0","0","0","0","0","0","0","0","0","0","0","0","0","0","0","0","0","0"
"00003774","매월동(동)","00000035","매월61(칠석)","20221003","0","0","0","0","0","0","0","0","0","0","0","0","0","0","0","0","3","0","1","0","0","0","0","0","0","0","0","0","3","0","1","0","0","0","0","0","0","0","0","0","0","0","0","0","0","0","0","0"
"00003775","매월동(동)","00000035","매월61(칠석)","20221003","0","0","0","0","0","0","0","0","0","0","0","0","0","0","0","0","0","1","0","1","0","1","0","1","0","0","0","0","0","0","0","0","0","0","0","0","0","0","0","0","0","0","0","0","0","0","0","0"
"00003781","월인","00000077","용전184","20221003","0","0","0","0","0","0","0","0","0","0","0","0","0","0","0","0","0","0","0","0","0","0","0","0","0","0","0","0","0","0","0","0","0","0","0","0","0","0","0","0","0","0","0","0","0","0","0","0"
"00003782","월인","00000077","용전184","20221003","0","0","0","0","0","0","0","0","0","0","0","0","0","0","0","0","0","0","0","0","0","0","0","0","0","0","0","0","0","0","0","0","0","0","0","0","0","0","0","0","0","0","0","0","0","0","0","0"
"00003784","갈전","00000077","용전184","20221003","0","0","0","0","0","0","0","0","0","0","0","0","0","0","0","0","0","0","0","0","0","0","0","0","0","0","0","0","0","0","0","0","0","0","0","0","0","0","0","0","0","0","0","0","0","0","0","0"
"00003785","비아119안전센터(북)","00000011","첨단20","20221003","0","0","0","0","0","0","0","0","0","0","0","0","0","0","0","0","3","1","1","1","3","1","1","1","0","0","0","0","0","0","0","0","0","0","0","0","0","0","0","0","0","0","0","0","0","0","0","0"
"00003786","비아119안전센터(북)","00000011","첨단20","20221003","0","1","1","1","0","1","1","1","0","0","0","0","0","0","0","0","0","1","0","1","0","1","0","1","0","0","0","0","0","0","0","0","0","0","0","0","0","0","0","0","0","0","0","0","0","0","0","0"
"00003786","비아119안전센터(북)","00000061","임곡91","20221003","0","0","0","0","0","0","0","0","0","0","0","0","0","0","0","0","0","0","0","0","0","0","0","0","0","0","0","0","0","0","0","0","0","0","0","0","0","0","0","0","0","0","0","0","0","0","0","0"
"00003786","비아119안전센터(북)","00000062","첨단92","20221003","0","0","0","0","0","0","0","0","0","0","0","0","0","0","0","0","1","0","0","0","1","0","0","0","0","0","0","0","0","0","0","0","0","0","0","0","0","0","0","0","0","0","0","0","0","0","0","0"
"00003787","구신한포토닉스","00000014","봉선27","20221003","0","0","0","0","0","0","0","0","0","0","0","0","0","0","0","0","0","0","0","0","0","0","0","0","0","0","0","0","0","0","0","0","0","0","0","0","0","0","0","0","0","0","0","0","0","0","0","0"
"00003788","구신한포토닉스","00000014","봉선27","20221003","2","5","5","5","2","4","5","4","0","0","0","0","0","1","0","1","0","1","0","1","0","1","0","1","0","0","0","0","0","0","0","0","0","0","0","0","0","0","0","0","0","0","0","0","0","0","0","0"
"00003791","지산유원지","00000130","두암81","20221003","0","0","0","0","0","0","0","0","0","0","0","0","0","0","0","0","0","0","0","0","0","0","0","0","0","0","0","0","0","0","0","0","0","0","0","0","0","0","0","0","0","0","0","0","0","0","0","0"
"00003794","고령친화종합체험관","00000024","송암47","20221003","0","0","0","0","0","0","0","0","0","0","0","0","0","0","0","0","1","0","0","0","1","0","0","0","0","0","0","0","0","0","0","0","0","0","0","0","0","0","0","0","0","0","0","0","0","0","0","0"
"00003795","고령친화종합체험관","00000024","송암47","20221003","0","1","0","1","0","1","0","1","0","0","0","0","0","0","0","0","0","0","0","0","0","0","0","0","0","0","0","0","0","0","0","0","0","0","0","0","0","0","0","0","0","0","0","0","0","0","0","0"
"00003795","고령친화종합체험관","00000065","첨단95","20221003","0","1","0","1","0","1","0","1","0","0","0","0","0","0","0","0","0","0","0","0","0","0","0","0","0","0","0","0","0","0","0","0","0","0","0","0","0","0","0","0","0","0","0","0","0","0","0","0"
"00003799","조각배어린이공원","00000030","금남55","20221003","2","9","2","9","2","6","2","6","0","1","0","1","0","2","0","2","0","0","0","0","0","0","0","0","0","0","0","0","0","0","0","0","0","0","0","0","0","0","0","0","0","0","0","0","0","0","0","0"
"00003799","조각배어린이공원","00000034","금남59","20221003","2","2","3","2","2","2","2","2","0","0","0","0","0","0","1","0","0","0","0","0","0","0","0","0","0","0","0","0","0","0","0","0","0","0","0","0","0","0","0","0","0","0","0","0","0","0","0","0"
"00003799","조각배어린이공원","00000047","봉선76","20221003","0","0","0","0","0","0","0","0","0","0","0","0","0","0","0","0","0","0","0","0","0","0","0","0","0","0","0","0","0","0","0","0","0","0","0","0","0","0","0","0","0","0","0","0","0","0","0","0"
"00003799","조각배어린이공원","00000065","첨단95","20221003","1","12","4","12","0","9","4","9","0","1","0","1","1","2","0","2","0","0","0","0","0","0","0","0","0","0","0","0","0","0","0","0","1","0","0","0","1","0","0","0","0","0","0","0","0","0","0","0"
"00003799","조각배어린이공원","00000100","진월75","20221003","1","1","2","1","1","1","0","1","0","0","0","0","0","0","2","0","0","0","0","0","0","0","0","0","0","0","0","0","0","0","0","0","0","0","0","0","0","0","0","0","0","0","0","0","0","0","0","0"
"00003799","조각배어린이공원","00000111","송암68","20221003","3","7","2","7","3","6","2","6","0","0","0","0","0","1","0","1","0","0","0","0","0","0","0","0","0","0","0","0","0","0","0","0","0","0","0","0","0","0","0","0","0","0","0","0","0","0","0","0"
"00003800","조각배어린이공원","00000030","금남55","20221003","0","0","0","0","0","0","0","0","0","0","0","0","0","0","0","0","0","1","0","1","0","1","0","1","0","0","0","0","0","0","0","0","0","0","0","0","0","0","0","0","0","0","0","0","0","0","0","0"
"00003800","조각배어린이공원","00000034","금남59","20221003","0","2","0","2","0","2","0","2","0","0","0","0","0","0","0","0","0","3","0","3","0","3","0","3","0","0","0","0","0","0","0","0","0","0","0","0","0","0","0","0","0","0","0","0","0","0","0","0"
"00003800","조각배어린이공원","00000047","봉선76","20221003","0","1","0","1","0","1","0","1","0","0","0","0","0","0","0","0","0","0","0","0","0","0","0","0","0","0","0","0","0","0","0","0","0","0","0","0","0","0","0","0","0","0","0","0","0","0","0","0"
"00003800","조각배어린이공원","00000065","첨단95","20221003","0","0","0","0","0","0","0","0","0","0","0","0","0","0","0","0","0","1","1","1","0","1","1","1","0","0","0","0","0","0","0","0","1","0","0","0","1","0","0","0","0","0","0","0","0","0","0","0"
"00003800","조각배어린이공원","00000100","진월75","20221003","0","0","0","0","0","0","0","0","0","0","0","0","0","0","0","0","0","0","0","0","0","0","0","0","0","0","0","0","0","0","0","0","1","0","0","0","1","0","0","0","0","0","0","0","0","0","0","0"
"00003800","조각배어린이공원","00000111","송암68","20221003","0","0","0","0","0","0","0","0","0","0","0","0","0","0","0","0","0","0","0","0","0","0","0","0","0","0","0","0","0","0","0","0","0","0","0","0","0","0","0","0","0","0","0","0","0","0","0","0"
"00003801","명진고","00000098","수완49","20221003","0","0","0","0","0","0","0","0","0","0","0","0","0","0","0","0","0","0","0","0","0","0","0","0","0","0","0","0","0","0","0","0","0","0","0","0","0","0","0","0","0","0","0","0","0","0","0","0"
"00003802","명진고","00000098","수완49","20221003","1","3","1","3","1","3","1","3","0","0","0","0","0","0","0","0","0","0","1","0","0","0","1","0","0","0","0","0","0","0","0","0","0","0","0","0","0","0","0","0","0","0","0","0","0","0","0","0"
"00003806","수완우미린2차","00000043","송암72","20221003","1","2","0","2","1","2","0","2","0","0","0","0","0","0","0","0","0","0","0","0","0","0","0","0","0","0","0","0","0","0","0","0","1","0","0","0","1","0","0","0","0","0","0","0","0","0","0","0"
"00003806","수완우미린2차","00000090","문흥39","20221003","3","3","0","3","3","2","0","2","0","0","0","0","0","1","0","1","0","0","0","0","0","0","0","0","0","0","0","0","0","0","0","0","0","0","0","0","0","0","0","0","0","0","0","0","0","0","0","0"
"00003806","수완우미린2차","00000095","금호46","20221003","2","1","2","1","1","0","0","0","0","0","0","0","1","1","2","1","0","0","0","0","0","0","0","0","0","0","0","0","0","0","0","0","1","1","0","1","1","1","0","1","0","0","0","0","0","0","0","0"
"00003806","수완우미린2차","00000108","송정33","20221003","0","3","4","3","0","2","4","2","0","0","0","0","0","1","0","1","1","0","0","0","1","0","0","0","0","0","0","0","0","0","0","0","0","0","1","0","0","0","1","0","0","0","0","0","0","0","0","0"
"00003806","수완우미린2차","00000114","수완03","20221003","4","3","6","3","4","3","5","3","0","0","0","0","0","0","1","0","1","2","2","2","1","2","2","2","0","0","0","0","0","0","0","0","0","0","1","0","0","0","1","0","0","0","0","0","0","0","0","0"
"00003806","수완우미린2차","00000125","선운101","20221003","0","0","2","0","0","0","2","0","0","0","0","0","0","0","0","0","0","0","0","0","0","0","0","0","0","0","0","0","0","0","0","0","0","0","1","0","0","0","1","0","0","0","0","0","0","0","0","0"
"00003807","수완우미린2차","00000043","송암72","20221003","0","0","0","0","0","0","0","0","0","0","0","0","0","0","0","0","0","0","0","0","0","0","0","0","0","0","0","0","0","0","0","0","0","0","0","0","0","0","0","0","0","0","0","0","0","0","0","0"
"00003807","수완우미린2차","00000090","문흥39","20221003","1","8","4","8","1","4","4","4","0","1","0","1","0","3","0","3","1","0","0","0","1","0","0","0","0","0","0","0","0","0","0","0","0","0","0","0","0","0","0","0","0","0","0","0","0","0","0","0"
"00003807","수완우미린2차","00000095","금호46","20221003","2","6","8","6","2","4","7","4","0","2","0","2","0","0","1","0","0","0","0","0","0","0","0","0","0","0","0","0","0","0","0","0","1","0","0","0","1","0","0","0","0","0","0","0","0","0","0","0"
"00003807","수완우미린2차","00000108","송정33","20221003","1","3","2","3","1","2","2","2","0","0","0","0","0","1","0","1","0","1","0","1","0","1","0","1","0","0","0","0","0","0","0","0","0","0","0","0","0","0","0","0","0","0","0","0","0","0","0","0"
"00003807","수완우미린2차","00000114","수완03","20221003","21","27","53","27","19","23","48","23","1","1","2","1","1","3","3","3","0","0","4","0","0","0","4","0","0","0","0","0","0","0","0","0","1","1","2","1","1","1","2","1","0","0","0","0","0","0","0","0"
"00003807","수완우미린2차","00000125","선운101","20221003","0","0","0","0","0","0","0","0","0","0","0","0","0","0","0","0","0","0","0","0","0","0","0","0","0","0","0","0","0","0","0","0","0","0","0","0","0","0","0","0","0","0","0","0","0","0","0","0"
"00003808","수완현진에버빌1차","00000090","문흥39","20221003","0","1","2","1","0","0","1","0","0","0","0","0","0","1","1","1","1","1","1","1","1","1","1","1","0","0","0","0","0","0","0","0","0","0","0","0","0","0","0","0","0","0","0","0","0","0","0","0"
"00003808","수완현진에버빌1차","00000095","금호46","20221003","1","2","6","2","0","2","5","2","0","0","0","0","1","0","1","0","0","1","2","1","0","1","2","1","0","0","0","0","0","0","0","0","0","0","0","0","0","0","0","0","0","0","0","0","0","0","0","0"
"00003808","수완현진에버빌1차","00000096","일곡10","20221003","3","1","2","1","3","0","2","0","0","0","0","0","0","1","0","1","0","2","0","2","0","1","0","1","0","1","0","1","0","0","0","0","3","1","0","1","3","1","0","1","0","0","0","0","0","0","0","0"
"00003808","수완현진에버빌1차","00000108","송정33","20221003","0","1","0","1","0","0","0","0","0","0","0","0","0","1","0","1","3","1","0","1","3","1","0","1","0","0","0","0","0","0","0","0","0","1","0","1","0","1","0","1","0","0","0","0","0","0","0","0"
"00003808","수완현진에버빌1차","00000114","수완03","20221003","2","5","5","5","1","2","5","2","0","0","0","0","1","3","0","3","3","2","7","2","3","2","6","2","0","0","0","0","0","0","1","0","1","0","0","0","1","0","0","0","0","0","0","0","0","0","0","0"
"00003808","수완현진에버빌1차","00000203","마을700","20221003","2","0","6","0","1","0","4","0","0","0","0","0","1","0","2","0","1","0","1","0","1","0","1","0","0","0","0","0","0","0","0","0","2","2","1","2","2","1","1","1","0","1","0","1","0","0","0","0"
"00003809","수완현진에버빌1차","00000090","문흥39","20221003","3","12","25","12","3","12","22","12","0","0","2","0","0","0","1","0","0","0","0","0","0","0","0","0","0","0","0","0","0","0","0","0","0","1","0","1","0","1","0","1","0","0","0","0","0","0","0","0"
"00003809","수완현진에버빌1차","00000095","금호46","20221003","0","4","4","4","0","1","2","1","0","0","0","0","0","3","2","3","0","0","4","0","0","0","3","0","0","0","0","0","0","0","1","0","0","0","0","0","0","0","0","0","0","0","0","0","0","0","0","0"
"00003809","수완현진에버빌1차","00000096","일곡10","20221003","1","1","2","1","1","1","1","1","0","0","1","0","0","0","0","0","1","2","1","2","1","2","1","2","0","0","0","0","0","0","0","0","1","0","0","0","1","0","0","0","0","0","0","0","0","0","0","0"
"00003809","수완현진에버빌1차","00000108","송정33","20221003","0","2","3","2","0","2","2","2","0","0","0","0","0","0","1","0","0","0","0","0","0","0","0","0","0","0","0","0","0","0","0","0","1","0","0","0","1","0","0","0","0","0","0","0","0","0","0","0"
"00003809","수완현진에버빌1차","00000114","수완03","20221003","15","29","21","29","14","29","17","29","0","0","1","0","1","0","3","0","0","2","2","2","0","2","1","2","0","0","0","0","0","0","1","0","3","3","4","3","3","3","3","3","0","0","0","0","0","0","1","0"
"00003809","수완현진에버빌1차","00000203","마을700","20221003","1","1","3","1","1","1","2","1","0","0","0","0","0","0","1","0","1","1","2","1","1","1","2","1","0","0","0","0","0","0","0","0","0","0","0","0","0","0","0","0","0","0","0","0","0","0","0","0"
"00003810","성덕마을","00000043","송암72","20221003","6","9","29","9","5","6","24","6","0","3","1","3","1","0","4","0","0","2","0","2","0","2","0","2","0","0","0","0","0","0","0","0","1","0","0","0","1","0","0","0","0","0","0","0","0","0","0","0"
"00003810","성덕마을","00000090","문흥39","20221003","2","5","15","5","2","5","14","5","0","0","1","0","0","0","0","0","2","6","1","6","2","5","0","5","0","0","0","0","0","1","1","1","0","0","0","0","0","0","0","0","0","0","0","0","0","0","0","0"
"00003811","성덕마을","00000043","송암72","20221003","0","0","0","0","0","0","0","0","0","0","0","0","0","0","0","0","0","0","1","0","0","0","1","0","0","0","0","0","0","0","0","0","0","0","0","0","0","0","0","0","0","0","0","0","0","0","0","0"
"00003811","성덕마을","00000090","문흥39","20221003","0","0","0","0","0","0","0","0","0","0","0","0","0","0","0","0","1","0","0","0","1","0","0","0","0","0","0","0","0","0","0","0","0","0","0","0","0","0","0","0","0","0","0","0","0","0","0","0"
"00003812","수완새한포유","00000081","진곡196","20221003","1","0","2","0","1","0","2","0","0","0","0","0","0","0","0","0","0","2","3","2","0","2","2","2","0","0","0","0","0","0","1","0","0","0","0","0","0","0","0","0","0","0","0","0","0","0","0","0"
"00003812","수완새한포유","00000090","문흥39","20221003","1","2","3","2","0","2","2","2","0","0","0","0","1","0","1","0","1","0","1","0","1","0","1","0","0","0","0","0","0","0","0","0","0","0","0","0","0","0","0","0","0","0","0","0","0","0","0","0"
"00003812","수완새한포유","00000098","수완49","20221003","1","0","1","0","1","0","1","0","0","0","0","0","0","0","0","0","0","1","1","1","0","1","1","1","0","0","0","0","0","0","0","0","0","0","0","0","0","0","0","0","0","0","0","0","0","0","0","0"
"00003812","수완새한포유","00000125","선운101","20221003","0","1","1","1","0","1","1","1","0","0","0","0","0","0","0","0","0","0","0","0","0","0","0","0","0","0","0","0","0","0","0","0","0","0","0","0","0","0","0","0","0","0","0","0","0","0","0","0"
"00003813","수완새한포유","00000081","진곡196","20221003","6","11","13","11","5","8","12","8","0","1","0","1","1","2","1","2","0","0","0","0","0","0","0","0","0","0","0","0","0","0","0","0","0","0","2","0","0","0","2","0","0","0","0","0","0","0","0","0"
"00003813","수완새한포유","00000090","문흥39","20221003","8","6","9","6","7","5","7","5","0","0","0","0","1","1","2","1","0","0","0","0","0","0","0","0","0","0","0","0","0","0","0","0","0","2","1","2","0","2","0","2","0","0","0","0","0","0","1","0"
"00003813","수완새한포유","00000098","수완49","20221003","8","11","5","11","7","9","4","9","0","1","0","1","1","1","1","1","1","3","0","3","1","3","0","3","0","0","0","0","0","0","0","0","0","0","0","0","0","0","0","0","0","0","0","0","0","0","0","0"
"00003813","수완새한포유","00000125","선운101","20221003","1","4","5","4","1","3","3","3","0","0","0","0","0","1","2","1","0","0","0","0","0","0","0","0","0","0","0","0","0","0","0","0","0","0","1","0","0","0","1","0","0","0","0","0","0","0","0","0"
"00003814","수완중흥S-클래스 2차","00000090","문흥39","20221003","5","2","2","2","3","1","2","1","2","0","0","0","0","1","0","1","1","1","2","1","1","1","2","1","0","0","0","0","0","0","0","0","0","0","0","0","0","0","0","0","0","0","0","0","0","0","0","0"
"00003814","수완중흥S-클래스 2차","00000102","수완12","20221003","7","4","10","4","7","2","8","2","0","0","0","0","0","2","2","2","0","0","0","0","0","0","0","0","0","0","0","0","0","0","0","0","0","0","0","0","0","0","0","0","0","0","0","0","0","0","0","0"
"00003814","수완중흥S-클래스 2차","00000125","선운101","20221003","0","0","0","0","0","0","0","0","0","0","0","0","0","0","0","0","0","0","0","0","0","0","0","0","0","0","0","0","0","0","0","0","0","1","0","1","0","1","0","1","0","0","0","0","0","0","0","0"
"00003815","수완중흥S-클래스 2차","00000090","문흥39","20221003","4","10","1","10","4","8","1","8","0","1","0","1","0","1","0","1","0","0","0","0","0","0","0","0","0","0","0","0","0","0","0","0","0","0","0","0","0","0","0","0","0","0","0","0","0","0","0","0"
"00003815","수완중흥S-클래스 2차","00000102","수완12","20221003","0","1","0","1","0","1","0","1","0","0","0","0","0","0","0","0","0","1","5","1","0","0","5","0","0","1","0","1","0","0","0","0","1","0","0","0","1","0","0","0","0","0","0","0","0","0","0","0"
"00003815","수완중흥S-클래스 2차","00000125","선운101","20221003","1","1","1","1","1","1","1","1","0","0","0","0","0","0","0","0","0","0","0","0","0","0","0","0","0","0","0","0","0","0","0","0","0","0","0","0","0","0","0","0","0","0","0","0","0","0","0","0"
"00003816","성덕교","00000043","송암72","20221003","0","10","11","10","0","5","6","5","0","0","1","0","0","5","4","5","0","5","1","5","0","5","1","5","0","0","0","0","0","0","0","0","0","1","0","1","0","1","0","1","0","0","0","0","0","0","0","0"
"00003816","성덕교","00000096","일곡10","20221003","3","7","25","7","3","4","13","4","0","2","1","2","0","1","11","1","1","3","1","3","1","2","1","2","0","0","0","0","0","1","0","1","0","0","0","0","0","0","0","0","0","0","0","0","0","0","0","0"
"00003817","성덕교","00000043","송암72","20221003","6","17","35","17","6","12","20","12","0","2","1","2","0","3","14","3","2","0","1","0","2","0","1","0","0","0","0","0","0","0","0","0","1","1","0","1","1","1","0","1","0","0","0","0","0","0","0","0"
"00003817","성덕교","00000096","일곡10","20221003","2","10","41","10","1","5","24","5","0","0","3","0","1","5","14","5","0","1","3","1","0","0","3","0","0","1","0","1","0","0","0","0","0","1","2","1","0","1","1","1","0","0","0","0","0","0","1","0"
"00003817","성덕교","00000102","수완12","20221003","8","18","30","18","8","13","23","13","0","2","2","2","0","3","5","3","0","0","2","0","0","0","0","0","0","0","1","0","0","0","1","0","0","0","1","0","0","0","1","0","0","0","0","0","0","0","0","0"
"00003829","하남2지구","00000009","문흥18","20221003","1","1","1","1","1","1","1","1","0","0","0","0","0","0","0","0","0","0","0","0","0","0","0","0","0","0","0","0","0","0","0","0","1","0","0","0","1","0","0","0","0","0","0","0","0","0","0","0"
"00003829","하남2지구","00000096","일곡10","20221003","0","0","1","0","0","0","1","0","0","0","0","0","0","0","0","0","1","0","0","0","1","0","0","0","0","0","0","0","0","0","0","0","0","0","0","0","0","0","0","0","0","0","0","0","0","0","0","0"
"00003829","하남2지구","00000102","수완12","20221003","0","0","0","0","0","0","0","0","0","0","0","0","0","0","0","0","0","0","1","0","0","0","1","0","0","0","0","0","0","0","0","0","0","0","1","0","0","0","1","0","0","0","0","0","0","0","0","0"
"00003830","하남2지구","00000009","문흥18","20221003","10","22","13","22","8","19","11","19","0","1","0","1","2","2","2","2","0","1","0","1","0","1","0","1","0","0","0","0","0","0","0","0","0","0","0","0","0","0","0","0","0","0","0","0","0","0","0","0"
"00003830","하남2지구","00000096","일곡10","20221003","2","3","7","3","2","3","5","3","0","0","2","0","0","0","0","0","0","0","0","0","0","0","0","0","0","0","0","0","0","0","0","0","0","0","0","0","0","0","0","0","0","0","0","0","0","0","0","0"
"00003830","하남2지구","00000102","수완12","20221003","9","11","7","11","8","7","3","7","0","0","0","0","1","4","4","4","0","0","0","0","0","0","0","0","0","0","0","0","0","0","0","0","0","0","0","0","0","0","0","0","0","0","0","0","0","0","0","0"
"00003830","하남2지구","00000195","마을720","20221003","4","1","3","1","4","1","3","1","0","0","0","0","0","0","0","0","0","0","0","0","0","0","0","0","0","0","0","0","0","0","0","0","1","0","0","0","1","0","0","0","0","0","0","0","0","0","0","0"
"00003831","수완영무예다음","00000096","일곡10","20221003","10","8","3","8","10","5","3","5","0","0","0","0","0","3","0","3","0","0","0","0","0","0","0","0","0","0","0","0","0","0","0","0","0","1","0","1","0","1","0","1","0","0","0","0","0","0","0","0"
"00003831","수완영무예다음","00000203","마을700","20221003","6","2","2","2","6","2","2","2","0","0","0","0","0","0","0","0","0","0","1","0","0","0","1","0","0","0","0","0","0","0","0","0","1","0","0","0","1","0","0","0","0","0","0","0","0","0","0","0"
"00003832","수완영무예다음","00000096","일곡10","20221003","1","1","0","1","1","1","0","1","0","0","0","0","0","0","0","0","0","2","2","2","0","2","1","2","0","0","0","0","0","0","1","0","0","0","0","0","0","0","0","0","0","0","0","0","0","0","0","0"
"00003832","수완영무예다음","00000203","마을700","20221003","0","2","1","2","0","1","1","1","0","0","0","0","0","1","0","1","1","0","1","0","1","0","1","0","0","0","0","0","0","0","0","0","0","0","0","0","0","0","0","0","0","0","0","0","0","0","0","0"
"00003836","화천기공","00000081","진곡196","20221003","0","1","0","1","0","1","0","1","0","0","0","0","0","0","0","0","0","0","0","0","0","0","0","0","0","0","0","0","0","0","0","0","0","0","0","0","0","0","0","0","0","0","0","0","0","0","0","0"
"00003837","화천기공","00000062","첨단92","20221003","0","0","0","0","0","0","0","0","0","0","0","0","0","0","0","0","0","0","0","0","0","0","0","0","0","0","0","0","0","0","0","0","0","0","0","0","0","0","0","0","0","0","0","0","0","0","0","0"
"00003837","화천기공","00000081","진곡196","20221003","0","0","0","0","0","0","0","0","0","0","0","0","0","0","0","0","0","0","0","0","0","0","0","0","0","0","0","0","0","0","0","0","0","0","0","0","0","0","0","0","0","0","0","0","0","0","0","0"
"00003838","수완진흥더루벤스","00000081","진곡196","20221003","7","4","4","4","7","3","4","3","0","0","0","0","0","1","0","1","0","0","0","0","0","0","0","0","0","0","0","0","0","0","0","0","0","0","0","0","0","0","0","0","0","0","0","0","0","0","0","0"
"00003838","수완진흥더루벤스","00000125","선운101","20221003","3","0","2","0","3","0","2","0","0","0","0","0","0","0","0","0","0","1","0","1","0","1","0","1","0","0","0","0","0","0","0","0","0","0","0","0","0","0","0","0","0","0","0","0","0","0","0","0"
"00003839","수완진흥더루벤스","00000081","진곡196","20221003","0","0","0","0","0","0","0","0","0","0","0","0","0","0","0","0","0","0","1","0","0","0","1","0","0","0","0","0","0","0","0","0","0","0","0","0","0","0","0","0","0","0","0","0","0","0","0","0"
"00003839","수완진흥더루벤스","00000125","선운101","20221003","0","1","0","1","0","0","0","0","0","0","0","0","0","1","0","1","0","0","0","0","0","0","0","0","0","0","0","0","0","0","0","0","0","0","0","0","0","0","0","0","0","0","0","0","0","0","0","0"
"00003846","다사로움1차아파트","00000009","문흥18","20221003","1","0","0","0","1","0","0","0","0","0","0","0","0","0","0","0","1","0","3","0","1","0","3","0","0","0","0","0","0","0","0","0","1","0","0","0","1","0","0","0","0","0","0","0","0","0","0","0"
"00003846","다사로움1차아파트","00000096","일곡10","20221003","1","0","0","0","1","0","0","0","0","0","0","0","0","0","0","0","0","0","2","0","0","0","0","0","0","0","2","0","0","0","0","0","0","0","0","0","0","0","0","0","0","0","0","0","0","0","0","0"
"00003846","다사로움1차아파트","00000111","송암68","20221003","0","0","0","0","0","0","0","0","0","0","0","0","0","0","0","0","0","0","1","0","0","0","1","0","0","0","0","0","0","0","0","0","0","0","0","0","0","0","0","0","0","0","0","0","0","0","0","0"
"00003846","다사로움1차아파트","00000125","선운101","20221003","0","2","1","2","0","0","0","0","0","0","0","0","0","2","1","2","0","0","1","0","0","0","1","0","0","0","0","0","0","0","0","0","0","0","0","0","0","0","0","0","0","0","0","0","0","0","0","0"
"00003846","다사로움1차아파트","00000195","마을720","20221003","0","0","0","0","0","0","0","0","0","0","0","0","0","0","0","0","3","0","2","0","3","0","1","0","0","0","0","0","0","0","1","0","0","0","0","0","0","0","0","0","0","0","0","0","0","0","0","0"
"00003847","다사로움1차아파트","00000009","문흥18","20221003","12","16","6","16","11","13","5","13","1","0","0","0","0","3","1","3","0","0","1","0","0","0","1","0","0","0","0","0","0","0","0","0","0","0","0","0","0","0","0","0","0","0","0","0","0","0","0","0"
"00003847","다사로움1차아파트","00000096","일곡10","20221003","3","3","1","3","2","1","1","1","1","0","0","0","0","2","0","2","0","0","0","0","0","0","0","0","0","0","0","0","0","0","0","0","0","0","0","0","0","0","0","0","0","0","0","0","0","0","0","0"
"00003847","다사로움1차아파트","00000111","송암68","20221003","5","15","9","15","5","11","5","11","0","0","0","0","0","4","4","4","0","0","0","0","0","0","0","0","0","0","0","0","0","0","0","0","0","0","1","0","0","0","1","0","0","0","0","0","0","0","0","0"
"00003847","다사로움1차아파트","00000125","선운101","20221003","8","11","4","11","8","9","3","9","0","0","0","0","0","2","1","2","0","0","1","0","0","0","1","0","0","0","0","0","0","0","0","0","0","2","0","2","0","2","0","2","0","0","0","0","0","0","0","0"
"00003847","다사로움1차아파트","00000195","마을720","20221003","4","5","2","5","4","3","2","3","0","2","0","2","0","0","0","0","0","0","0","0","0","0","0","0","0","0","0","0","0","0","0","0","0","0","0","0","0","0","0","0","0","0","0","0","0","0","0","0"
"00003848","산정초교","00000009","문흥18","20221003","9","21","7","21","6","18","5","18","0","1","0","1","3","2","2","2","1","0","2","0","1","0","2","0","0","0","0","0","0","0","0","0","0","0","0","0","0","0","0","0","0","0","0","0","0","0","0","0"
"00003848","산정초교","00000096","일곡10","20221003","4","2","5","2","3","0","3","0","0","0","0","0","1","2","2","2","0","0","0","0","0","0","0","0","0","0","0","0","0","0","0","0","0","0","0","0","0","0","0","0","0","0","0","0","0","0","0","0"
"00003848","산정초교","00000111","송암68","20221003","9","10","5","10","9","8","5","8","0","0","0","0","0","2","0","2","0","0","0","0","0","0","0","0","0","0","0","0","0","0","0","0","0","0","0","0","0","0","0","0","0","0","0","0","0","0","0","0"
"00003848","산정초교","00000125","선운101","20221003","1","1","1","1","1","0","1","0","0","0","0","0","0","1","0","1","0","0","0","0","0","0","0","0","0","0","0","0","0","0","0","0","0","0","0","0","0","0","0","0","0","0","0","0","0","0","0","0"
"00003848","산정초교","00000195","마을720","20221003","8","2","1","2","7","2","1","2","0","0","0","0","1","0","0","0","0","0","0","0","0","0","0","0","0","0","0","0","0","0","0","0","0","0","0","0","0","0","0","0","0","0","0","0","0","0","0","0"
"00003849","산정초교","00000009","문흥18","20221003","3","0","3","0","3","0","3","0","0","0","0","0","0","0","0","0","0","0","0","0","0","0","0","0","0","0","0","0","0","0","0","0","3","0","0","0","3","0","0","0","0","0","0","0","0","0","0","0"
"00003849","산정초교","00000096","일곡10","20221003","1","1","0","1","1","1","0","1","0","0","0","0","0","0","0","0","0","1","0","1","0","1","0","1","0","0","0","0","0","0","0","0","2","0","0","0","2","0","0","0","0","0","0","0","0","0","0","0"
"00003849","산정초교","00000111","송암68","20221003","0","0","0","0","0","0","0","0","0","0","0","0","0","0","0","0","1","1","1","1","1","1","1","1","0","0","0","0","0","0","0","0","0","0","0","0","0","0","0","0","0","0","0","0","0","0","0","0"
"00003849","산정초교","00000125","선운101","20221003","0","2","0","2","0","1","0","1","0","0","0","0","0","1","0","1","1","0","0","0","1","0","0","0","0","0","0","0","0","0","0","0","0","0","0","0","0","0","0","0","0","0","0","0","0","0","0","0"
"00003849","산정초교","00000195","마을720","20221003","0","0","0","0","0","0","0","0","0","0","0","0","0","0","0","0","0","1","0","1","0","1","0","1","0","0","0","0","0","0","0","0","0","0","0","0","0","0","0","0","0","0","0","0","0","0","0","0"
"00003851","광주농수산물유통센터(서)","00000081","진곡196","20221003","4","2","3","2","3","2","2","2","0","0","0","0","1","0","1","0","0","1","1","1","0","1","1","1","0","0","0","0","0","0","0","0","0","1","1","1","0","1","1","1","0","0","0","0","0","0","0","0"
"00003851","광주농수산물유통센터(서)","00000098","수완49","20221003","1","2","0","2","1","2","0","2","0","0","0","0","0","0","0","0","0","0","0","0","0","0","0","0","0","0","0","0","0","0","0","0","0","0","0","0","0","0","0","0","0","0","0","0","0","0","0","0"
"00003851","광주농수산물유통센터(서)","00000102","수완12","20221003","0","4","2","4","0","3","2","3","0","0","0","0","0","1","0","1","0","1","1","1","0","1","1","1","0","0","0","0","0","0","0","0","0","0","0","0","0","0","0","0","0","0","0","0","0","0","0","0"
"00003852","광주농수산물유통센터(서)","00000081","진곡196","20221003","1","0","0","0","1","0","0","0","0","0","0","0","0","0","0","0","0","1","1","1","0","1","1","1","0","0","0","0","0","0","0","0","0","0","0","0","0","0","0","0","0","0","0","0","0","0","0","0"
"00003852","광주농수산물유통센터(서)","00000098","수완49","20221003","1","1","0","1","1","1","0","1","0","0","0","0","0","0","0","0","0","3","1","3","0","2","1","2","0","1","0","1","0","0","0","0","0","0","0","0","0","0","0","0","0","0","0","0","0","0","0","0"
"00003852","광주농수산물유통센터(서)","00000102","수완12","20221003","2","3","1","3","2","2","1","2","0","1","0","1","0","0","0","0","1","0","1","0","1","0","1","0","0","0","0","0","0","0","0","0","0","0","0","0","0","0","0","0","0","0","0","0","0","0","0","0"
"00003853","효령동","00000086","518","20221003","0","0","0","0","0","0","0","0","0","0","0","0","0","0","0","0","0","0","0","0","0","0","0","0","0","0","0","0","0","0","0","0","0","0","0","0","0","0","0","0","0","0","0","0","0","0","0","0"
"00003854","효령동","00000086","518","20221003","2","1","0","1","2","1","0","1","0","0","0","0","0","0","0","0","1","0","0","0","1","0","0","0","0","0","0","0","0","0","0","0","0","0","0","0","0","0","0","0","0","0","0","0","0","0","0","0"
"00003875","빛고을CC","00000024","송암47","20221003","0","1","2","1","0","1","1","1","0","0","0","0","0","0","1","0","0","0","0","0","0","0","0","0","0","0","0","0","0","0","0","0","0","0","0","0","0","0","0","0","0","0","0","0","0","0","0","0"
"00003875","빛고을CC","00000048","진월77","20221003","1","0","3","0","1","0","3","0","0","0","0","0","0","0","0","0","0","0","0","0","0","0","0","0","0","0","0","0","0","0","0","0","0","0","0","0","0","0","0","0","0","0","0","0","0","0","0","0"
"00003875","빛고을CC","00000074","진월177","20221003","0","0","3","0","0","0","2","0","0","0","0","0","0","0","1","0","0","0","0","0","0","0","0","0","0","0","0","0","0","0","0","0","0","0","0","0","0","0","0","0","0","0","0","0","0","0","0","0"
"00003875","빛고을CC","00000114","수완03","20221003","16","32","24","32","16","32","20","32","0","0","1","0","0","0","3","0","2","0","0","0","2","0","0","0","0","0","0","0","0","0","0","0","0","0","1","0","0","0","1","0","0","0","0","0","0","0","0","0"
"00003876","빛고을CC","00000024","송암47","20221003","0","0","0","0","0","0","0","0","0","0","0","0","0","0","0","0","0","0","0","0","0","0","0","0","0","0","0","0","0","0","0","0","0","0","0","0","0","0","0","0","0","0","0","0","0","0","0","0"
"00003876","빛고을CC","00000074","진월177","20221003","0","0","0","0","0","0","0","0","0","0","0","0","0","0","0","0","0","1","0","1","0","0","0","0","0","0","0","0","0","1","0","1","1","0","0","0","1","0","0","0","0","0","0","0","0","0","0","0"
"00003876","빛고을CC","00000114","수완03","20221003","0","0","1","0","0","0","1","0","0","0","0","0","0","0","0","0","1","3","0","3","1","2","0","2","0","1","0","1","0","0","0","0","0","0","0","0","0","0","0","0","0","0","0","0","0","0","0","0"
"00003877","지실","00000078","충효187","20221003","0","0","1","0","0","0","1","0","0","0","0","0","0","0","0","0","0","0","0","0","0","0","0","0","0","0","0","0","0","0","0","0","0","0","0","0","0","0","0","0","0","0","0","0","0","0","0","0"
"00003878","지실","00000078","충효187","20221003","0","0","0","0","0","0","0","0","0","0","0","0","0","0","0","0","0","0","0","0","0","0","0","0","0","0","0","0","0","0","0","0","0","0","0","0","0","0","0","0","0","0","0","0","0","0","0","0"
"00003879","유산교","00000078","충효187","20221003","0","1","0","1","0","1","0","1","0","0","0","0","0","0","0","0","0","0","0","0","0","0","0","0","0","0","0","0","0","0","0","0","0","0","0","0","0","0","0","0","0","0","0","0","0","0","0","0"
"00003880","유산교","00000078","충효187","20221003","0","0","0","0","0","0","0","0","0","0","0","0","0","0","0","0","0","1","0","1","0","1","0","1","0","0","0","0","0","0","0","0","0","0","0","0","0","0","0","0","0","0","0","0","0","0","0","0"
"00003881","송화마을1단지","00000100","진월75","20221003","0","0","0","0","0","0","0","0","0","0","0","0","0","0","0","0","0","1","0","1","0","1","0","1","0","0","0","0","0","0","0","0","0","0","0","0","0","0","0","0","0","0","0","0","0","0","0","0"
"00003882","진남초교","00000100","진월75","20221003","1","0","1","0","1","0","1","0","0","0","0","0","0","0","0","0","0","0","1","0","0","0","1","0","0","0","0","0","0","0","0","0","0","0","0","0","0","0","0","0","0","0","0","0","0","0","0","0"
"00003883","송화마을5단지","00000034","금남59","20221003","0","0","0","0","0","0","0","0","0","0","0","0","0","0","0","0","1","1","0","1","1","1","0","1","0","0","0","0","0","0","0","0","0","0","0","0","0","0","0","0","0","0","0","0","0","0","0","0"
"00003883","송화마을5단지","00000100","진월75","20221003","0","0","1","0","0","0","1","0","0","0","0","0","0","0","0","0","0","0","0","0","0","0","0","0","0","0","0","0","0","0","0","0","0","0","0","0","0","0","0","0","0","0","0","0","0","0","0","0"
"00003884","송화마을5단지","00000034","금남59","20221003","7","13","11","13","6","8","8","8","0","1","0","1","1","4","3","4","0","0","0","0","0","0","0","0","0","0","0","0","0","0","0","0","0","0","0","0","0","0","0","0","0","0","0","0","0","0","0","0"
"00003884","송화마을5단지","00000047","봉선76","20221003","3","0","0","0","3","0","0","0","0","0","0","0","0","0","0","0","0","0","0","0","0","0","0","0","0","0","0","0","0","0","0","0","0","0","0","0","0","0","0","0","0","0","0","0","0","0","0","0"
"00003884","송화마을5단지","00000100","진월75","20221003","7","8","11","8","5","5","8","5","0","0","1","0","2","3","2","3","0","0","0","0","0","0","0","0","0","0","0","0","0","0","0","0","0","0","0","0","0","0","0","0","0","0","0","0","0","0","0","0"
"00003888","진월남양휴튼","00000034","금남59","20221003","7","15","2","15","7","14","2","14","0","0","0","0","0","1","0","1","0","0","0","0","0","0","0","0","0","0","0","0","0","0","0","0","0","0","0","0","0","0","0","0","0","0","0","0","0","0","0","0"
"00003888","진월남양휴튼","00000047","봉선76","20221003","1","0","2","0","1","0","2","0","0","0","0","0","0","0","0","0","0","0","0","0","0","0","0","0","0","0","0","0","0","0","0","0","0","0","0","0","0","0","0","0","0","0","0","0","0","0","0","0"
"00003888","진월남양휴튼","00000100","진월75","20221003","4","13","3","13","2","10","2","10","0","1","0","1","2","2","1","2","0","0","0","0","0","0","0","0","0","0","0","0","0","0","0","0","0","0","0","0","0","0","0","0","0","0","0","0","0","0","0","0"
"00003895","도천저수지","00000090","문흥39","20221003","1","1","3","1","1","1","3","1","0","0","0","0","0","0","0","0","0","0","0","0","0","0","0","0","0","0","0","0","0","0","0","0","0","1","0","1","0","1","0","1","0","0","0","0","0","0","0","0"
"00003895","도천저수지","00000095","금호46","20221003","3","1","6","1","3","1","6","1","0","0","0","0","0","0","0","0","0","1","0","1","0","1","0","1","0","0","0","0","0","0","0","0","0","0","0","0","0","0","0","0","0","0","0","0","0","0","0","0"
"00003895","도천저수지","00000096","일곡10","20221003","0","0","3","0","0","0","3","0","0","0","0","0","0","0","0","0","0","0","0","0","0","0","0","0","0","0","0","0","0","0","0","0","0","0","0","0","0","0","0","0","0","0","0","0","0","0","0","0"
"00003895","도천저수지","00000108","송정33","20221003","1","2","2","2","1","1","2","1","0","0","0","0","0","1","0","1","0","0","0","0","0","0","0","0","0","0","0","0","0","0","0","0","0","0","0","0","0","0","0","0","0","0","0","0","0","0","0","0"
"00003896","도천저수지","00000090","문흥39","20221003","0","0","1","0","0","0","1","0","0","0","0","0","0","0","0","0","1","1","0","1","1","1","0","1","0","0","0","0","0","0","0","0","0","0","0","0","0","0","0","0","0","0","0","0","0","0","0","0"
"00003896","도천저수지","00000095","금호46","20221003","0","0","2","0","0","0","1","0","0","0","0","0","0","0","1","0","1","0","0","0","1","0","0","0","0","0","0","0","0","0","0","0","0","0","0","0","0","0","0","0","0","0","0","0","0","0","0","0"
"00003896","도천저수지","00000096","일곡10","20221003","1","0","0","0","1","0","0","0","0","0","0","0","0","0","0","0","0","1","1","1","0","1","1","1","0","0","0","0","0","0","0","0","0","0","0","0","0","0","0","0","0","0","0","0","0","0","0","0"
"00003896","도천저수지","00000108","송정33","20221003","0","0","1","0","0","0","1","0","0","0","0","0","0","0","0","0","1","3","1","3","1","2","1","2","0","0","0","0","0","1","0","1","0","0","0","0","0","0","0","0","0","0","0","0","0","0","0","0"
"00003897","송화마을3단지","00000030","금남55","20221003","4","3","2","3","3","2","2","2","0","0","0","0","1","1","0","1","0","0","0","0","0","0","0","0","0","0","0","0","0","0","0","0","0","0","0","0","0","0","0","0","0","0","0","0","0","0","0","0"
"00003897","송화마을3단지","00000034","금남59","20221003","4","9","2","9","4","7","2","7","0","1","0","1","0","1","0","1","0","0","0","0","0","0","0","0","0","0","0","0","0","0","0","0","0","0","0","0","0","0","0","0","0","0","0","0","0","0","0","0"
"00003897","송화마을3단지","00000047","봉선76","20221003","0","1","0","1","0","1","0","1","0","0","0","0","0","0","0","0","0","0","0","0","0","0","0","0","0","0","0","0","0","0","0","0","0","0","0","0","0","0","0","0","0","0","0","0","0","0","0","0"
"00003897","송화마을3단지","00000065","첨단95","20221003","6","8","7","8","3","5","7","5","1","0","0","0","2","3","0","3","0","0","0","0","0","0","0","0","0","0","0","0","0","0","0","0","0","0","0","0","0","0","0","0","0","0","0","0","0","0","0","0"
"00003897","송화마을3단지","00000100","진월75","20221003","4","6","2","6","4","4","2","4","0","0","0","0","0","2","0","2","0","0","0","0","0","0","0","0","0","0","0","0","0","0","0","0","0","0","0","0","0","0","0","0","0","0","0","0","0","0","0","0"
"00003897","송화마을3단지","00000111","송암68","20221003","5","8","2","8","4","8","2","8","0","0","0","0","1","0","0","0","0","0","0","0","0","0","0","0","0","0","0","0","0","0","0","0","0","0","0","0","0","0","0","0","0","0","0","0","0","0","0","0"
"00003904","평촌","00000078","충효187","20221003","0","1","0","1","0","1","0","1","0","0","0","0","0","0","0","0","0","0","0","0","0","0","0","0","0","0","0","0","0","0","0","0","0","0","0","0","0","0","0","0","0","0","0","0","0","0","0","0"
"00003907","문화전당역","00000005","첨단09","20221003","0","1","3","1","0","1","3","1","0","0","0","0","0","0","0","0","3","15","14","15","2","12","13","12","0","1","0","1","1","2","1","2","1","0","0","0","1","0","0","0","0","0","0","0","0","0","0","0"
"00003907","문화전당역","00000023","지원45","20221003","1","1","2","1","1","1","2","1","0","0","0","0","0","0","0","0","2","0","0","0","2","0","0","0","0","0","0","0","0","0","0","0","0","0","0","0","0","0","0","0","0","0","0","0","0","0","0","0"
"00003907","문화전당역","00000026","운림51","20221003","0","0","1","0","0","0","1","0","0","0","0","0","0","0","0","0","1","2","2","2","1","2","2","2","0","0","0","0","0","0","0","0","0","1","1","1","0","0","1","0","0","0","0","0","0","1","0","1"
"00003907","문화전당역","00000034","금남59","20221003","0","1","0","1","0","1","0","1","0","0","0","0","0","0","0","0","1","2","0","2","1","2","0","2","0","0","0","0","0","0","0","0","0","0","0","0","0","0","0","0","0","0","0","0","0","0","0","0"
"00003907","문화전당역","00000065","첨단95","20221003","0","1","2","1","0","1","2","1","0","0","0","0","0","0","0","0","0","1","1","1","0","1","1","1","0","0","0","0","0","0","0","0","0","1","0","1","0","1","0","1","0","0","0","0","0","0","0","0"
"00003907","문화전당역","00000071","228(구151화순사평)","20221003","0","2","0","2","0","2","0","2","0","0","0","0","0","0","0","0","0","0","0","0","0","0","0","0","0","0","0","0","0","0","0","0","0","0","0","0","0","0","0","0","0","0","0","0","0","0","0","0"
"00003907","문화전당역","00000102","수완12","20221003","0","0","0","0","0","0","0","0","0","0","0","0","0","0","0","0","0","0","0","0","0","0","0","0","0","0","0","0","0","0","0","0","0","0","0","0","0","0","0","0","0","0","0","0","0","0","0","0"
"00003907","문화전당역","00000122","228(화순전대병원)","20221003","0","0","2","0","0","0","2","0","0","0","0","0","0","0","0","0","0","0","0","0","0","0","0","0","0","0","0","0","0","0","0","0","0","0","0","0","0","0","0","0","0","0","0","0","0","0","0","0"
"00003908","문화전당역","00000005","첨단09","20221003","7","29","180","29","7","28","152","28","0","0","5","0","0","1","23","1","0","2","6","2","0","2","5","2","0","0","0","0","0","0","1","0","3","7","2","7","3","6","2","6","0","1","0","1","0","0","0","0"
"00003908","문화전당역","00000023","지원45","20221003","3","11","41","11","3","11","30","11","0","0","2","0","0","0","9","0","2","4","6","4","2","4","5","4","0","0","0","0","0","0","1","0","7","5","5","5","7","5","5","5","0","0","0","0","0","0","0","0"
"00003908","문화전당역","00000026","운림51","20221003","2","6","40","6","2","6","33","6","0","0","0","0","0","0","7","0","0","5","5","5","0","5","5","5","0","0","0","0","0","0","0","0","4","5","4","5","4","5","3","5","0","0","0","0","0","0","1","0"
"00003908","문화전당역","00000030","금남55","20221003","1","1","7","1","1","1","6","1","0","0","1","0","0","0","0","0","0","7","6","7","0","6","6","6","0","0","0","0","0","1","0","1","0","0","1","0","0","0","1","0","0","0","0","0","0","0","0","0"
"00003908","문화전당역","00000031","419","20221003","1","1","8","1","1","1","6","1","0","0","0","0","0","0","2","0","0","0","0","0","0","0","0","0","0","0","0","0","0","0","0","0","0","0","0","0","0","0","0","0","0","0","0","0","0","0","0","0"
"00003908","문화전당역","00000032","금남57","20221003","1","3","55","3","1","3","45","3","0","0","3","0","0","0","7","0","0","0","1","0","0","0","1","0","0","0","0","0","0","0","0","0","2","1","2","1","2","1","2","1","0","0","0","0","0","0","0","0"
"00003908","문화전당역","00000033","금남58","20221003","0","5","25","5","0","5","19","5","0","0","0","0","0","0","6","0","0","3","3","3","0","3","3","3","0","0","0","0","0","0","0","0","0","1","1","1","0","1","1","1","0","0","0","0","0","0","0","0"
"00003908","문화전당역","00000034","금남59","20221003","1","2","10","2","1","2","9","2","0","0","0","0","0","0","1","0","1","5","2","5","1","5","2","5","0","0","0","0","0","0","0","0","1","1","0","1","1","1","0","1","0","0","0","0","0","0","0","0"
"00003908","문화전당역","00000035","매월61(칠석)","20221003","0","0","7","0","0","0","7","0","0","0","0","0","0","0","0","0","0","0","0","0","0","0","0","0","0","0","0","0","0","0","0","0","0","1","2","1","0","1","2","1","0","0","0","0","0","0","0","0"
"00003908","문화전당역","00000051","문흥80","20221003","0","2","0","2","0","2","0","2","0","0","0","0","0","0","0","0","4","2","2","2","4","1","1","1","0","0","0","0","0","1","1","1","0","0","0","0","0","0","0","0","0","0","0","0","0","0","0","0"
"00003908","문화전당역","00000065","첨단95","20221003","1","9","27","9","1","9","22","9","0","0","2","0","0","0","3","0","3","7","3","7","2","6","3","6","0","1","0","1","1","0","0","0","3","3","0","3","1","3","0","3","0","0","0","0","2","0","0","0"
"00003908","문화전당역","00000068","송정98","20221003","1","11","68","11","1","11","53","11","0","0","6","0","0","0","9","0","3","5","4","5","2","4","4","4","0","0","0","0","1","1","0","1","1","3","6","3","1","3","6","3","0","0","0","0","0","0","0","0"
"00003908","문화전당역","00000071","228(구151화순사평)","20221003","2","0","0","0","2","0","0","0","0","0","0","0","0","0","0","0","4","1","0","1","4","1","0","1","0","0","0","0","0","0","0","0","1","0","0","0","1","0","0","0","0","0","0","0","0","0","0","0"
"00003908","문화전당역","00000086","518","20221003","0","4","14","4","0","3","12","3","0","1","0","1","0","0","2","0","0","0","1","0","0","0","1","0","0","0","0","0","0","0","0","0","0","0","0","0","0","0","0","0","0","0","0","0","0","0","0","0"
"00003908","문화전당역","00000087","1187","20221003","0","1","5","1","0","1","3","1","0","0","0","0","0","0","2","0","1","9","9","9","1","9","9","9","0","0","0","0","0","0","0","0","0","2","1","2","0","1","1","1","0","0","0","0","0","1","0","1"
"00003908","문화전당역","00000088","금호36","20221003","1","12","30","12","1","10","24","10","0","0","0","0","0","2","6","2","10","22","11","22","8","20","11","20","0","1","0","1","2","1","0","1","1","5","1","5","1","4","1","4","0","0","0","0","0","1","0","1"
"00003908","문화전당역","00000102","수완12","20221003","0","3","11","3","0","3","10","3","0","0","0","0","0","0","1","0","0","0","2","0","0","0","2","0","0","0","0","0","0","0","0","0","0","2","1","2","0","1","1","1","0","0","0","0","0","1","0","1"
"00003908","문화전당역","00000122","228(화순전대병원)","20221003","0","1","10","1","0","1","10","1","0","0","0","0","0","0","0","0","0","9","3","9","0","8","3","8","0","0","0","0","0","1","0","1","0","0","0","0","0","0","0","0","0","0","0","0","0","0","0","0"
"00003909","큰별초교","00000098","수완49","20221003","0","1","0","1","0","1","0","1","0","0","0","0","0","0","0","0","1","2","1","2","1","2","1","2","0","0","0","0","0","0","0","0","0","0","0","0","0","0","0","0","0","0","0","0","0","0","0","0"
"00003910","큰별초교","00000098","수완49","20221003","5","2","1","2","3","2","0","2","2","0","1","0","0","0","0","0","0","0","0","0","0","0","0","0","0","0","0","0","0","0","0","0","0","0","0","0","0","0","0","0","0","0","0","0","0","0","0","0"
"00003911","수완아름공원","00000098","수완49","20221003","0","1","0","1","0","1","0","1","0","0","0","0","0","0","0","0","0","0","0","0","0","0","0","0","0","0","0","0","0","0","0","0","0","0","0","0","0","0","0","0","0","0","0","0","0","0","0","0"
"00003912","수완아름공원","00000098","수완49","20221003","5","3","2","3","5","2","1","2","0","0","0","0","0","1","1","1","0","0","0","0","0","0","0","0","0","0","0","0","0","0","0","0","0","0","0","0","0","0","0","0","0","0","0","0","0","0","0","0"
"00003919","수완지구","00000043","송암72","20221003","2","2","0","2","2","2","0","2","0","0","0","0","0","0","0","0","0","0","0","0","0","0","0","0","0","0","0","0","0","0","0","0","0","0","0","0","0","0","0","0","0","0","0","0","0","0","0","0"
"00003919","수완지구","00000098","수완49","20221003","0","2","0","2","0","2","0","2","0","0","0","0","0","0","0","0","0","0","0","0","0","0","0","0","0","0","0","0","0","0","0","0","0","0","0","0","0","0","0","0","0","0","0","0","0","0","0","0"
"00003919","수완지구","00000125","선운101","20221003","0","0","2","0","0","0","2","0","0","0","0","0","0","0","0","0","0","0","1","0","0","0","1","0","0","0","0","0","0","0","0","0","0","0","0","0","0","0","0","0","0","0","0","0","0","0","0","0"
"00003927","대전파출소(남)","00000077","용전184","20221003","1","1","0","1","1","1","0","1","0","0","0","0","0","0","0","0","0","0","0","0","0","0","0","0","0","0","0","0","0","0","0","0","0","0","0","0","0","0","0","0","0","0","0","0","0","0","0","0"
"00003928","신남마을","00000077","용전184","20221003","0","0","0","0","0","0","0","0","0","0","0","0","0","0","0","0","0","0","0","0","0","0","0","0","0","0","0","0","0","0","0","0","0","0","0","0","0","0","0","0","0","0","0","0","0","0","0","0"
"00003929","신남마을","00000077","용전184","20221003","0","0","0","0","0","0","0","0","0","0","0","0","0","0","0","0","0","0","0","0","0","0","0","0","0","0","0","0","0","0","0","0","0","0","0","0","0","0","0","0","0","0","0","0","0","0","0","0"
"00003932","문화전당역","00000030","금남55","20221003","2","2","7","2","2","1","5","1","0","0","0","0","0","1","2","1","0","2","1","2","0","1","1","1","0","0","0","0","0","1","0","1","1","0","1","0","1","0","1","0","0","0","0","0","0","0","0","0"
"00003932","문화전당역","00000035","매월61(칠석)","20221003","0","0","3","0","0","0","2","0","0","0","0","0","0","0","1","0","1","1","2","1","1","1","0","1","0","0","0","0","0","0","2","0","0","0","0","0","0","0","0","0","0","0","0","0","0","0","0","0"
"00003932","문화전당역","00000051","문흥80","20221003","1","0","8","0","1","0","7","0","0","0","1","0","0","0","0","0","0","0","0","0","0","0","0","0","0","0","0","0","0","0","0","0","0","0","0","0","0","0","0","0","0","0","0","0","0","0","0","0"
"00003932","문화전당역","00000068","송정98","20221003","0","2","19","2","0","1","14","1","0","1","3","1","0","0","2","0","2","7","6","7","2","6","6","6","0","0","0","0","0","1","0","1","1","0","1","0","1","0","1","0","0","0","0","0","0","0","0","0"
"00003932","문화전당역","00000086","518","20221003","0","2","0","2","0","2","0","2","0","0","0","0","0","0","0","0","0","3","3","3","0","3","3","3","0","0","0","0","0","0","0","0","0","0","0","0","0","0","0","0","0","0","0","0","0","0","0","0"
"00003932","문화전당역","00000087","1187","20221003","0","2","0","2","0","1","0","1","0","1","0","1","0","0","0","0","0","0","0","0","0","0","0","0","0","0","0","0","0","0","0","0","2","2","0","2","2","2","0","2","0","0","0","0","0","0","0","0"
"00003932","문화전당역","00000088","금호36","20221003","6","3","28","3","5","3","16","3","0","0","4","0","1","0","8","0","0","1","5","1","0","1","3","1","0","0","0","0","0","0","2","0","1","2","8","2","1","2","6","2","0","0","0","0","0","0","2","0"
"00003932","문화전당역","00000097","1187-1","20221003","0","4","0","4","0","4","0","4","0","0","0","0","0","0","0","0","0","0","0","0","0","0","0","0","0","0","0","0","0","0","0","0","1","1","0","1","1","1","0","1","0","0","0","0","0","0","0","0"
"00003934","수완지구","00000125","선운101","20221003","0","0","0","0","0","0","0","0","0","0","0","0","0","0","0","0","0","0","0","0","0","0","0","0","0","0","0","0","0","0","0","0","0","0","0","0","0","0","0","0","0","0","0","0","0","0","0","0"
"00003936","대진운수","00000006","지원15","20221003","0","0","0","0","0","0","0","0","0","0","0","0","0","0","0","0","0","0","0","0","0","0","0","0","0","0","0","0","0","0","0","0","0","0","0","0","0","0","0","0","0","0","0","0","0","0","0","0"
"00003938","보광사","00000129","두암81(장등동)","20221003","0","0","0","0","0","0","0","0","0","0","0","0","0","0","0","0","1","0","0","0","1","0","0","0","0","0","0","0","0","0","0","0","0","0","0","0","0","0","0","0","0","0","0","0","0","0","0","0"
"00003940","용전입구","00000120","양산60","20221003","0","0","0","0","0","0","0","0","0","0","0","0","0","0","0","0","1","0","0","0","1","0","0","0","0","0","0","0","0","0","0","0","0","0","0","0","0","0","0","0","0","0","0","0","0","0","0","0"
"00003941","용전입구","00000006","지원15","20221003","0","0","1","0","0","0","1","0","0","0","0","0","0","0","0","0","0","0","0","0","0","0","0","0","0","0","0","0","0","0","0","0","0","0","0","0","0","0","0","0","0","0","0","0","0","0","0","0"
"00003941","용전입구","00000055","용전84","20221003","1","0","0","0","1","0","0","0","0","0","0","0","0","0","0","0","0","0","0","0","0","0","0","0","0","0","0","0","0","0","0","0","0","0","0","0","0","0","0","0","0","0","0","0","0","0","0","0"
"00003946","수완보건지소","00000043","송암72","20221003","0","0","0","0","0","0","0","0","0","0","0","0","0","0","0","0","0","0","0","0","0","0","0","0","0","0","0","0","0","0","0","0","0","0","0","0","0","0","0","0","0","0","0","0","0","0","0","0"
"00003946","수완보건지소","00000125","선운101","20221003","0","1","0","1","0","1","0","1","0","0","0","0","0","0","0","0","0","0","0","0","0","0","0","0","0","0","0","0","0","0","0","0","0","0","0","0","0","0","0","0","0","0","0","0","0","0","0","0"
"00003947","수완보건지소","00000043","송암72","20221003","0","0","0","0","0","0","0","0","0","0","0","0","0","0","0","0","0","2","0","2","0","2","0","2","0","0","0","0","0","0","0","0","0","0","0","0","0","0","0","0","0","0","0","0","0","0","0","0"
"00003947","수완보건지소","00000125","선운101","20221003","0","0","1","0","0","0","1","0","0","0","0","0","0","0","0","0","0","0","1","0","0","0","1","0","0","0","0","0","0","0","0","0","0","0","0","0","0","0","0","0","0","0","0","0","0","0","0","0"
"00003949","일곡청솔4차아파트","00000015","일곡28","20221003","0","0","0","0","0","0","0","0","0","0","0","0","0","0","0","0","0","0","1","0","0","0","1","0","0","0","0","0","0","0","0","0","0","0","0","0","0","0","0","0","0","0","0","0","0","0","0","0"
"00003949","일곡청솔4차아파트","00000077","용전184","20221003","0","0","0","0","0","0","0","0","0","0","0","0","0","0","0","0","0","0","0","0","0","0","0","0","0","0","0","0","0","0","0","0","0","0","0","0","0","0","0","0","0","0","0","0","0","0","0","0"
"00003950","유격훈련장","00000015","일곡28","20221003","8","12","8","12","8","10","8","10","0","0","0","0","0","2","0","2","0","0","0","0","0","0","0","0","0","0","0","0","0","0","0","0","1","0","0","0","1","0","0","0","0","0","0","0","0","0","0","0"
"00003950","유격훈련장","00000077","용전184","20221003","0","0","0","0","0","0","0","0","0","0","0","0","0","0","0","0","1","0","0","0","1","0","0","0","0","0","0","0","0","0","0","0","0","0","0","0","0","0","0","0","0","0","0","0","0","0","0","0"
"00003951","광주무역회관","00000095","금호46","20221003","6","10","7","10","6","9","5","9","0","0","2","0","0","1","0","1","1","1","2","1","1","1","1","1","0","0","0","0","0","0","1","0","0","0","1","0","0","0","1","0","0","0","0","0","0","0","0","0"
"00003951","광주무역회관","00000111","송암68","20221003","7","18","25","18","7","17","17","17","0","0","1","0","0","1","7","1","4","2","2","2","4","2","2","2","0","0","0","0","0","0","0","0","0","1","0","1","0","1","0","1","0","0","0","0","0","0","0","0"
"00003951","광주무역회관","00000115","선운14","20221003","7","11","16","11","7","8","12","8","0","0","0","0","0","3","4","3","0","0","1","0","0","0","1","0","0","0","0","0","0","0","0","0","2","0","0","0","2","0","0","0","0","0","0","0","0","0","0","0"
"00003952","광주무역회관","00000095","금호46","20221003","4","8","9","8","4","6","9","6","0","0","0","0","0","2","0","2","1","2","2","2","1","2","2","2","0","0","0","0","0","0","0","0","0","0","0","0","0","0","0","0","0","0","0","0","0","0","0","0"
"00003952","광주무역회관","00000111","송암68","20221003","2","1","2","1","2","1","1","1","0","0","0","0","0","0","1","0","1","1","3","1","1","1","3","1","0","0","0","0","0","0","0","0","0","0","0","0","0","0","0","0","0","0","0","0","0","0","0","0"
"00003952","광주무역회관","00000115","선운14","20221003","1","4","10","4","1","4","7","4","0","0","0","0","0","0","3","0","1","2","4","2","1","2","2","2","0","0","0","0","0","0","2","0","2","1","0","1","2","1","0","1","0","0","0","0","0","0","0","0"
"00003959","주도리입구","00000072","지원152(능주역)","20221003","0","0","0","0","0","0","0","0","0","0","0","0","0","0","0","0","0","0","0","0","0","0","0","0","0","0","0","0","0","0","0","0","0","0","0","0","0","0","0","0","0","0","0","0","0","0","0","0"
"00003962","양지마을","00000096","일곡10","20221003","0","2","1","2","0","2","0","2","0","0","0","0","0","0","1","0","0","0","0","0","0","0","0","0","0","0","0","0","0","0","0","0","0","0","0","0","0","0","0","0","0","0","0","0","0","0","0","0"
"00003962","양지마을","00000120","양산60","20221003","2","3","2","3","1","3","2","3","0","0","0","0","1","0","0","0","0","0","0","0","0","0","0","0","0","0","0","0","0","0","0","0","1","0","0","0","0","0","0","0","0","0","0","0","1","0","0","0"
"00003963","양지마을","00000096","일곡10","20221003","2","0","1","0","1","0","0","0","0","0","0","0","1","0","1","0","2","2","1","2","1","2","1","2","0","0","0","0","1","0","0","0","0","0","0","0","0","0","0","0","0","0","0","0","0","0","0","0"
"00003963","양지마을","00000120","양산60","20221003","2","0","0","0","2","0","0","0","0","0","0","0","0","0","0","0","0","0","0","0","0","0","0","0","0","0","0","0","0","0","0","0","0","0","0","0","0","0","0","0","0","0","0","0","0","0","0","0"
"00003968","조산서길","00000060","임곡90","20221003","0","0","1","0","0","0","1","0","0","0","0","0","0","0","0","0","0","0","0","0","0","0","0","0","0","0","0","0","0","0","0","0","0","0","0","0","0","0","0","0","0","0","0","0","0","0","0","0"
"00003969","조산동길","00000060","임곡90","20221003","0","0","0","0","0","0","0","0","0","0","0","0","0","0","0","0","0","0","0","0","0","0","0","0","0","0","0","0","0","0","0","0","0","0","0","0","0","0","0","0","0","0","0","0","0","0","0","0"
"00003970","기룡마을입구","00000060","임곡90","20221003","1","0","0","0","1","0","0","0","0","0","0","0","0","0","0","0","0","0","0","0","0","0","0","0","0","0","0","0","0","0","0","0","0","0","0","0","0","0","0","0","0","0","0","0","0","0","0","0"
"00003971","동곡동행정복지센터","00000060","임곡90","20221003","2","1","1","1","2","1","1","1","0","0","0","0","0","0","0","0","0","0","0","0","0","0","0","0","0","0","0","0","0","0","0","0","0","0","0","0","0","0","0","0","0","0","0","0","0","0","0","0"
"00003972","관두","00000060","임곡90","20221003","0","0","0","0","0","0","0","0","0","0","0","0","0","0","0","0","0","0","0","0","0","0","0","0","0","0","0","0","0","0","0","0","0","0","0","0","0","0","0","0","0","0","0","0","0","0","0","0"
"00003973","유림마을","00000060","임곡90","20221003","1","1","0","1","1","1","0","1","0","0","0","0","0","0","0","0","0","0","0","0","0","0","0","0","0","0","0","0","0","0","0","0","0","0","0","0","0","0","0","0","0","0","0","0","0","0","0","0"
"00003974","동곡송정마을입구","00000060","임곡90","20221003","1","1","0","1","1","1","0","1","0","0","0","0","0","0","0","0","0","0","0","0","0","0","0","0","0","0","0","0","0","0","0","0","0","0","0","0","0","0","0","0","0","0","0","0","0","0","0","0"
"00003975","동곡송정","00000060","임곡90","20221003","0","0","0","0","0","0","0","0","0","0","0","0","0","0","0","0","0","0","0","0","0","0","0","0","0","0","0","0","0","0","0","0","0","0","0","0","0","0","0","0","0","0","0","0","0","0","0","0"
"00003977","팽호","00000060","임곡90","20221003","0","0","2","0","0","0","2","0","0","0","0","0","0","0","0","0","0","0","0","0","0","0","0","0","0","0","0","0","0","0","0","0","0","0","0","0","0","0","0","0","0","0","0","0","0","0","0","0"
"00003982","동곡송정","00000060","임곡90","20221003","2","0","1","0","2","0","1","0","0","0","0","0","0","0","0","0","0","0","0","0","0","0","0","0","0","0","0","0","0","0","0","0","0","0","0","0","0","0","0","0","0","0","0","0","0","0","0","0"
"00003984","유림마을","00000060","임곡90","20221003","0","0","0","0","0","0","0","0","0","0","0","0","0","0","0","0","0","0","0","0","0","0","0","0","0","0","0","0","0","0","0","0","0","0","0","0","0","0","0","0","0","0","0","0","0","0","0","0"
"00003986","동곡동행정복지센터","00000060","임곡90","20221003","0","0","0","0","0","0","0","0","0","0","0","0","0","0","0","0","1","1","0","1","1","1","0","1","0","0","0","0","0","0","0","0","0","0","0","0","0","0","0","0","0","0","0","0","0","0","0","0"
"00003990","두산","00000060","임곡90","20221003","4","0","0","0","4","0","0","0","0","0","0","0","0","0","0","0","0","0","0","0","0","0","0","0","0","0","0","0","0","0","0","0","0","0","0","0","0","0","0","0","0","0","0","0","0","0","0","0"
"00003994","명도삼거리","00000060","임곡90","20221003","0","4","0","4","0","1","0","1","0","0","0","0","0","3","0","3","0","0","0","0","0","0","0","0","0","0","0","0","0","0","0","0","0","0","0","0","0","0","0","0","0","0","0","0","0","0","0","0"
"00004005","신용초등학교","00000096","일곡10","20221003","0","7","2","7","0","4","1","4","0","0","0","0","0","3","1","3","0","0","1","0","0","0","1","0","0","0","0","0","0","0","0","0","0","0","1","0","0","0","1","0","0","0","0","0","0","0","0","0"
"00004005","신용초등학교","00000108","송정33","20221003","1","7","3","7","1","2","1","2","0","1","2","1","0","4","0","4","0","0","1","0","0","0","1","0","0","0","0","0","0","0","0","0","0","0","0","0","0","0","0","0","0","0","0","0","0","0","0","0"
"00004005","신용초등학교","00000116","첨단22","20221003","0","2","2","2","0","1","1","1","0","0","0","0","0","1","1","1","1","0","0","0","1","0","0","0","0","0","0","0","0","0","0","0","0","0","0","0","0","0","0","0","0","0","0","0","0","0","0","0"
"00004005","신용초등학교","00000203","마을700","20221003","6","1","0","1","5","0","0","0","0","0","0","0","1","1","0","1","0","0","0","0","0","0","0","0","0","0","0","0","0","0","0","0","0","0","0","0","0","0","0","0","0","0","0","0","0","0","0","0"
"00004006","첨단휴먼시아","00000096","일곡10","20221003","1","4","4","4","1","4","3","4","0","0","1","0","0","0","0","0","0","1","1","1","0","1","1","1","0","0","0","0","0","0","0","0","0","0","0","0","0","0","0","0","0","0","0","0","0","0","0","0"
"00004006","첨단휴먼시아","00000108","송정33","20221003","0","9","7","9","0","7","7","7","0","1","0","1","0","1","0","1","1","0","0","0","1","0","0","0","0","0","0","0","0","0","0","0","0","0","0","0","0","0","0","0","0","0","0","0","0","0","0","0"
"00004006","첨단휴먼시아","00000116","첨단22","20221003","3","9","4","9","2","7","3","7","1","0","0","0","0","2","1","2","3","4","2","4","2","3","2","3","1","0","0","0","0","1","0","1","0","0","0","0","0","0","0","0","0","0","0","0","0","0","0","0"
"00004006","첨단휴먼시아","00000203","마을700","20221003","5","5","8","5","5","4","7","4","0","0","0","0","0","1","1","1","2","0","1","0","2","0","1","0","0","0","0","0","0","0","0","0","0","0","0","0","0","0","0","0","0","0","0","0","0","0","0","0"
"00004007","신용초등학교","00000096","일곡10","20221003","4","5","1","5","3","3","0","3","0","0","0","0","1","2","1","2","0","0","0","0","0","0","0","0","0","0","0","0","0","0","0","0","0","0","0","0","0","0","0","0","0","0","0","0","0","0","0","0"
"00004007","신용초등학교","00000108","송정33","20221003","0","0","1","0","0","0","1","0","0","0","0","0","0","0","0","0","0","1","0","1","0","0","0","0","0","1","0","1","0","0","0","0","0","0","0","0","0","0","0","0","0","0","0","0","0","0","0","0"
"00004007","신용초등학교","00000116","첨단22","20221003","3","4","0","4","2","3","0","3","0","0","0","0","1","1","0","1","0","0","1","0","0","0","1","0","0","0","0","0","0","0","0","0","0","0","0","0","0","0","0","0","0","0","0","0","0","0","0","0"
"00004007","신용초등학교","00000203","마을700","20221003","3","3","2","3","3","3","1","3","0","0","0","0","0","0","1","0","0","0","1","0","0","0","1","0","0","0","0","0","0","0","0","0","0","0","0","0","0","0","0","0","0","0","0","0","0","0","0","0"
"00004008","첨단휴먼시아","00000096","일곡10","20221003","7","7","6","7","6","6","4","6","0","0","0","0","1","1","2","1","0","0","0","0","0","0","0","0","0","0","0","0","0","0","0","0","0","0","0","0","0","0","0","0","0","0","0","0","0","0","0","0"
"00004008","첨단휴먼시아","00000108","송정33","20221003","0","2","1","2","0","2","1","2","0","0","0","0","0","0","0","0","0","1","2","1","0","1","2","1","0","0","0","0","0","0","0","0","0","0","0","0","0","0","0","0","0","0","0","0","0","0","0","0"
"00004008","첨단휴먼시아","00000116","첨단22","20221003","4","7","5","7","4","7","5","7","0","0","0","0","0","0","0","0","0","0","0","0","0","0","0","0","0","0","0","0","0","0","0","0","0","0","0","0","0","0","0","0","0","0","0","0","0","0","0","0"
"00004008","첨단휴먼시아","00000203","마을700","20221003","5","3","1","3","5","1","1","1","0","0","0","0","0","2","0","2","0","0","2","0","0","0","2","0","0","0","0","0","0","0","0","0","0","0","0","0","0","0","0","0","0","0","0","0","0","0","0","0"
"00004009","전남고","00000012","지원25","20221003","0","1","0","1","0","1","0","1","0","0","0","0","0","0","0","0","0","0","0","0","0","0","0","0","0","0","0","0","0","0","0","0","0","0","0","0","0","0","0","0","0","0","0","0","0","0","0","0"
"00004009","전남고","00000025","운림50","20221003","0","0","1","0","0","0","1","0","0","0","0","0","0","0","0","0","0","0","0","0","0","0","0","0","0","0","0","0","0","0","0","0","0","0","0","0","0","0","0","0","0","0","0","0","0","0","0","0"
"00004010","전남고","00000012","지원25","20221003","0","1","1","1","0","1","1","1","0","0","0","0","0","0","0","0","0","0","0","0","0","0","0","0","0","0","0","0","0","0","0","0","0","0","0","0","0","0","0","0","0","0","0","0","0","0","0","0"
"00004010","전남고","00000025","운림50","20221003","0","0","0","0","0","0","0","0","0","0","0","0","0","0","0","0","1","2","0","2","1","2","0","2","0","0","0","0","0","0","0","0","0","0","0","0","0","0","0","0","0","0","0","0","0","0","0","0"
"00004011","대우디오빌","00000044","송암73","20221003","1","0","2","0","1","0","1","0","0","0","0","0","0","0","1","0","0","0","1","0","0","0","1","0","0","0","0","0","0","0","0","0","0","0","1","0","0","0","1","0","0","0","0","0","0","0","0","0"
"00004011","대우디오빌","00000115","선운14","20221003","0","0","0","0","0","0","0","0","0","0","0","0","0","0","0","0","0","0","0","0","0","0","0","0","0","0","0","0","0","0","0","0","0","0","0","0","0","0","0","0","0","0","0","0","0","0","0","0"
"00004012","대우디오빌","00000044","송암73","20221003","2","4","6","4","2","3","4","3","0","0","0","0","0","1","2","1","0","2","2","2","0","2","2","2","0","0","0","0","0","0","0","0","0","0","0","0","0","0","0","0","0","0","0","0","0","0","0","0"
"00004012","대우디오빌","00000115","선운14","20221003","2","6","3","6","2","6","2","6","0","0","0","0","0","0","1","0","0","3","1","3","0","3","1","3","0","0","0","0","0","0","0","0","0","0","0","0","0","0","0","0","0","0","0","0","0","0","0","0"
"00004013","풍암SK뷰","00000091","송암74","20221003","2","2","0","2","2","2","0","2","0","0","0","0","0","0","0","0","0","0","1","0","0","0","1","0","0","0","0","0","0","0","0","0","0","0","0","0","0","0","0","0","0","0","0","0","0","0","0","0"
"00004013","풍암SK뷰","00000201","마을760","20221003","3","7","11","7","3","5","9","5","0","0","0","0","0","2","2","2","0","0","0","0","0","0","0","0","0","0","0","0","0","0","0","0","0","0","0","0","0","0","0","0","0","0","0","0","0","0","0","0"
"00004014","금강1길","00000010","송정19","20221003","8","3","6","3","7","3","6","3","0","0","0","0","1","0","0","0","5","4","1","4","4","3","1","3","0","0","0","0","1","1","0","1","0","0","1","0","0","0","1","0","0","0","0","0","0","0","0","0"
"00004014","금강1길","00000081","진곡196","20221003","1","2","5","2","1","2","5","2","0","0","0","0","0","0","0","0","1","5","0","5","1","4","0","4","0","0","0","0","0","1","0","1","1","0","0","0","1","0","0","0","0","0","0","0","0","0","0","0"
"00004015","금강1길","00000010","송정19","20221003","0","0","1","0","0","0","1","0","0","0","0","0","0","0","0","0","0","0","0","0","0","0","0","0","0","0","0","0","0","0","0","0","0","0","0","0","0","0","0","0","0","0","0","0","0","0","0","0"
"00004015","금강1길","00000081","진곡196","20221003","3","0","3","0","3","0","3","0","0","0","0","0","0","0","0","0","0","0","0","0","0","0","0","0","0","0","0","0","0","0","0","0","0","0","0","0","0","0","0","0","0","0","0","0","0","0","0","0"
"00004017","하남초교","00000102","수완12","20221003","7","10","6","10","6","7","4","7","0","2","0","2","1","1","2","1","0","0","0","0","0","0","0","0","0","0","0","0","0","0","0","0","0","1","0","1","0","1","0","1","0","0","0","0","0","0","0","0"
"00004017","하남초교","00000111","송암68","20221003","0","1","0","1","0","1","0","1","0","0","0","0","0","0","0","0","0","0","0","0","0","0","0","0","0","0","0","0","0","0","0","0","0","0","0","0","0","0","0","0","0","0","0","0","0","0","0","0"
"00004017","하남초교","00000125","선운101","20221003","1","2","4","2","1","1","3","1","0","0","0","0","0","1","1","1","0","0","0","0","0","0","0","0","0","0","0","0","0","0","0","0","0","0","0","0","0","0","0","0","0","0","0","0","0","0","0","0"
"00004018","하남초교","00000102","수완12","20221003","0","0","0","0","0","0","0","0","0","0","0","0","0","0","0","0","0","1","1","1","0","1","1","1","0","0","0","0","0","0","0","0","0","0","0","0","0","0","0","0","0","0","0","0","0","0","0","0"
"00004018","하남초교","00000111","송암68","20221003","7","8","5","8","5","7","4","7","0","0","0","0","2","1","1","1","0","0","0","0","0","0","0","0","0","0","0","0","0","0","0","0","0","0","0","0","0","0","0","0","0","0","0","0","0","0","0","0"
"00004018","하남초교","00000125","선운101","20221003","0","0","4","0","0","0","4","0","0","0","0","0","0","0","0","0","0","0","1","0","0","0","1","0","0","0","0","0","0","0","0","0","0","0","0","0","0","0","0","0","0","0","0","0","0","0","0","0"
"00004019","제2수원지","00000027","지원52","20221003","0","0","1","0","0","0","1","0","0","0","0","0","0","0","0","0","0","0","0","0","0","0","0","0","0","0","0","0","0","0","0","0","0","0","0","0","0","0","0","0","0","0","0","0","0","0","0","0"
"00004020","상무역(북)","00000012","지원25","20221003","0","0","0","0","0","0","0","0","0","0","0","0","0","0","0","0","0","0","1","0","0","0","1","0","0","0","0","0","0","0","0","0","0","0","0","0","0","0","0","0","0","0","0","0","0","0","0","0"
"00004020","상무역(북)","00000044","송암73","20221003","0","0","0","0","0","0","0","0","0","0","0","0","0","0","0","0","2","0","0","0","2","0","0","0","0","0","0","0","0","0","0","0","0","0","0","0","0","0","0","0","0","0","0","0","0","0","0","0"
"00004021","광주송정역(동)","00000010","송정19","20221003","1","0","2","0","1","0","2","0","0","0","0","0","0","0","0","0","1","1","2","1","1","0","2","0","0","0","0","0","0","1","0","1","0","0","2","0","0","0","2","0","0","0","0","0","0","0","0","0"
"00004021","광주송정역(동)","00000081","진곡196","20221003","1","3","7","3","1","3","6","3","0","0","0","0","0","0","1","0","5","3","2","3","5","3","2","3","0","0","0","0","0","0","0","0","0","1","5","1","0","1","5","1","0","0","0","0","0","0","0","0"
"00004034","선운휴먼시아","00000094","송정93","20221003","3","2","0","2","3","2","0","2","0","0","0","0","0","0","0","0","0","0","0","0","0","0","0","0","0","0","0","0","0","0","0","0","0","0","0","0","0","0","0","0","0","0","0","0","0","0","0","0"
"00004034","선운휴먼시아","00000103","송정100","20221003","1","3","0","3","1","3","0","3","0","0","0","0","0","0","0","0","0","0","0","0","0","0","0","0","0","0","0","0","0","0","0","0","0","0","0","0","0","0","0","0","0","0","0","0","0","0","0","0"
"00004034","선운휴먼시아","00000115","선운14","20221003","9","6","8","6","9","5","8","5","0","1","0","1","0","0","0","0","0","0","0","0","0","0","0","0","0","0","0","0","0","0","0","0","0","0","0","0","0","0","0","0","0","0","0","0","0","0","0","0"
"00004034","선운휴먼시아","00000125","선운101","20221003","14","9","2","9","14","9","2","9","0","0","0","0","0","0","0","0","1","0","0","0","1","0","0","0","0","0","0","0","0","0","0","0","0","0","0","0","0","0","0","0","0","0","0","0","0","0","0","0"
"00004035","선운휴먼시아","00000094","송정93","20221003","0","0","0","0","0","0","0","0","0","0","0","0","0","0","0","0","0","1","0","1","0","1","0","1","0","0","0","0","0","0","0","0","0","0","0","0","0","0","0","0","0","0","0","0","0","0","0","0"
"00004035","선운휴먼시아","00000103","송정100","20221003","0","0","0","0","0","0","0","0","0","0","0","0","0","0","0","0","0","0","0","0","0","0","0","0","0","0","0","0","0","0","0","0","0","0","0","0","0","0","0","0","0","0","0","0","0","0","0","0"
"00004035","선운휴먼시아","00000115","선운14","20221003","0","0","0","0","0","0","0","0","0","0","0","0","0","0","0","0","0","1","3","1","0","1","3","1","0","0","0","0","0","0","0","0","0","0","0","0","0","0","0","0","0","0","0","0","0","0","0","0"
"00004035","선운휴먼시아","00000125","선운101","20221003","0","1","0","1","0","1","0","1","0","0","0","0","0","0","0","0","0","5","1","5","0","5","1","5","0","0","0","0","0","0","0","0","0","0","0","0","0","0","0","0","0","0","0","0","0","0","0","0"
"00004036","수문초교입구","00000092","첨단40","20221003","0","2","0","2","0","2","0","2","0","0","0","0","0","0","0","0","0","0","0","0","0","0","0","0","0","0","0","0","0","0","0","0","0","0","0","0","0","0","0","0","0","0","0","0","0","0","0","0"
"00004037","수문초교입구","00000092","첨단40","20221003","3","0","2","0","3","0","1","0","0","0","1","0","0","0","0","0","0","0","0","0","0","0","0","0","0","0","0","0","0","0","0","0","0","0","0","0","0","0","0","0","0","0","0","0","0","0","0","0"
"00004037","수문초교입구","00000125","선운101","20221003","0","0","2","0","0","0","2","0","0","0","0","0","0","0","0","0","0","0","0","0","0","0","0","0","0","0","0","0","0","0","0","0","0","0","0","0","0","0","0","0","0","0","0","0","0","0","0","0"
"00004038","덕흥마을입구","00000087","1187","20221003","0","0","0","0","0","0","0","0","0","0","0","0","0","0","0","0","1","0","0","0","1","0","0","0","0","0","0","0","0","0","0","0","0","0","0","0","0","0","0","0","0","0","0","0","0","0","0","0"
"00004039","덕흥마을입구","00000059","임곡89","20221003","0","0","1","0","0","0","1","0","0","0","0","0","0","0","0","0","0","0","0","0","0","0","0","0","0","0","0","0","0","0","0","0","0","0","0","0","0","0","0","0","0","0","0","0","0","0","0","0"
"00004039","덕흥마을입구","00000087","1187","20221003","2","1","0","1","2","1","0","1","0","0","0","0","0","0","0","0","0","0","0","0","0","0","0","0","0","0","0","0","0","0","0","0","0","0","0","0","0","0","0","0","0","0","0","0","0","0","0","0"
"00004042","럭키금속","00000103","송정100","20221003","0","0","0","0","0","0","0","0","0","0","0","0","0","0","0","0","0","0","0","0","0","0","0","0","0","0","0","0","0","0","0","0","0","0","0","0","0","0","0","0","0","0","0","0","0","0","0","0"
"00004054","덕흥삼거리","00000039","유덕65","20221003","0","0","0","0","0","0","0","0","0","0","0","0","0","0","0","0","0","0","0","0","0","0","0","0","0","0","0","0","0","0","0","0","0","0","0","0","0","0","0","0","0","0","0","0","0","0","0","0"
"00004054","덕흥삼거리","00000087","1187","20221003","0","0","0","0","0","0","0","0","0","0","0","0","0","0","0","0","0","1","0","1","0","1","0","1","0","0","0","0","0","0","0","0","0","0","0","0","0","0","0","0","0","0","0","0","0","0","0","0"
"00004055","동산교차로","00000012","지원25","20221003","0","0","1","0","0","0","1","0","0","0","0","0","0","0","0","0","0","0","0","0","0","0","0","0","0","0","0","0","0","0","0","0","0","0","0","0","0","0","0","0","0","0","0","0","0","0","0","0"
"00004055","동산교차로","00000044","송암73","20221003","0","0","0","0","0","0","0","0","0","0","0","0","0","0","0","0","0","0","0","0","0","0","0","0","0","0","0","0","0","0","0","0","0","0","0","0","0","0","0","0","0","0","0","0","0","0","0","0"
"00004055","동산교차로","00000088","금호36","20221003","0","1","5","1","0","1","5","1","0","0","0","0","0","0","0","0","0","0","0","0","0","0","0","0","0","0","0","0","0","0","0","0","0","0","0","0","0","0","0","0","0","0","0","0","0","0","0","0"
"00004055","동산교차로","00000095","금호46","20221003","0","0","0","0","0","0","0","0","0","0","0","0","0","0","0","0","0","0","0","0","0","0","0","0","0","0","0","0","0","0","0","0","0","0","0","0","0","0","0","0","0","0","0","0","0","0","0","0"
"00004055","동산교차로","00000100","진월75","20221003","0","0","0","0","0","0","0","0","0","0","0","0","0","0","0","0","0","1","0","1","0","1","0","1","0","0","0","0","0","0","0","0","0","0","0","0","0","0","0","0","0","0","0","0","0","0","0","0"
"00004066","선운중학교","00000115","선운14","20221003","0","0","0","0","0","0","0","0","0","0","0","0","0","0","0","0","0","0","0","0","0","0","0","0","0","0","0","0","0","0","0","0","0","0","0","0","0","0","0","0","0","0","0","0","0","0","0","0"
"00004066","선운중학교","00000125","선운101","20221003","1","0","0","0","1","0","0","0","0","0","0","0","0","0","0","0","0","1","0","1","0","0","0","0","0","0","0","0","0","1","0","1","0","0","0","0","0","0","0","0","0","0","0","0","0","0","0","0"
"00004067","선운중학교","00000115","선운14","20221003","2","6","7","6","2","6","7","6","0","0","0","0","0","0","0","0","0","0","0","0","0","0","0","0","0","0","0","0","0","0","0","0","0","0","0","0","0","0","0","0","0","0","0","0","0","0","0","0"
"00004067","선운중학교","00000125","선운101","20221003","7","9","8","9","7","7","7","7","0","1","0","1","0","1","1","1","0","0","0","0","0","0","0","0","0","0","0","0","0","0","0","0","0","0","0","0","0","0","0","0","0","0","0","0","0","0","0","0"
"00004071","인탑스(서)","00000203","마을700","20221003","1","2","1","2","1","2","1","2","0","0","0","0","0","0","0","0","0","0","0","0","0","0","0","0","0","0","0","0","0","0","0","0","0","0","0","0","0","0","0","0","0","0","0","0","0","0","0","0"
"00004072","인탑스(서)","00000203","마을700","20221003","0","0","0","0","0","0","0","0","0","0","0","0","0","0","0","0","0","0","1","0","0","0","1","0","0","0","0","0","0","0","0","0","0","0","0","0","0","0","0","0","0","0","0","0","0","0","0","0"
"00004073","일신방직","00000203","마을700","20221003","0","0","0","0","0","0","0","0","0","0","0","0","0","0","0","0","0","0","0","0","0","0","0","0","0","0","0","0","0","0","0","0","0","0","0","0","0","0","0","0","0","0","0","0","0","0","0","0"
"00004074","일신방직","00000203","마을700","20221003","0","0","0","0","0","0","0","0","0","0","0","0","0","0","0","0","0","0","1","0","0","0","1","0","0","0","0","0","0","0","0","0","0","0","0","0","0","0","0","0","0","0","0","0","0","0","0","0"
"00004075","남해철강(서)","00000203","마을700","20221003","0","0","0","0","0","0","0","0","0","0","0","0","0","0","0","0","0","0","0","0","0","0","0","0","0","0","0","0","0","0","0","0","0","0","0","0","0","0","0","0","0","0","0","0","0","0","0","0"
"00004077","월전공원(남)","00000203","마을700","20221003","0","1","1","1","0","1","1","1","0","0","0","0","0","0","0","0","0","0","0","0","0","0","0","0","0","0","0","0","0","0","0","0","0","0","0","0","0","0","0","0","0","0","0","0","0","0","0","0"
"00004079","월전마을","00000203","마을700","20221003","4","13","10","13","4","13","9","13","0","0","0","0","0","0","1","0","0","0","1","0","0","0","1","0","0","0","0","0","0","0","0","0","0","0","0","0","0","0","0","0","0","0","0","0","0","0","0","0"
"00004091","광신스크랩","00000203","마을700","20221003","0","3","7","3","0","3","7","3","0","0","0","0","0","0","0","0","1","0","0","0","1","0","0","0","0","0","0","0","0","0","0","0","0","0","0","0","0","0","0","0","0","0","0","0","0","0","0","0"
"00004092","광신스크랩","00000203","마을700","20221003","0","1","4","1","0","1","4","1","0","0","0","0","0","0","0","0","0","0","0","0","0","0","0","0","0","0","0","0","0","0","0","0","0","0","0","0","0","0","0","0","0","0","0","0","0","0","0","0"
"00004093","세화","00000203","마을700","20221003","0","0","0","0","0","0","0","0","0","0","0","0","0","0","0","0","1","0","0","0","1","0","0","0","0","0","0","0","0","0","0","0","0","0","0","0","0","0","0","0","0","0","0","0","0","0","0","0"
"00004094","세화","00000203","마을700","20221003","0","0","1","0","0","0","1","0","0","0","0","0","0","0","0","0","0","0","0","0","0","0","0","0","0","0","0","0","0","0","0","0","0","0","0","0","0","0","0","0","0","0","0","0","0","0","0","0"
"00004095","서암기계","00000203","마을700","20221003","0","0","2","0","0","0","2","0","0","0","0","0","0","0","0","0","0","0","0","0","0","0","0","0","0","0","0","0","0","0","0","0","0","0","0","0","0","0","0","0","0","0","0","0","0","0","0","0"
"00004096","서암기계","00000203","마을700","20221003","0","0","0","0","0","0","0","0","0","0","0","0","0","0","0","0","1","0","0","0","1","0","0","0","0","0","0","0","0","0","0","0","0","0","0","0","0","0","0","0","0","0","0","0","0","0","0","0"
"00004097","동일물산","00000203","마을700","20221003","1","2","4","2","1","2","4","2","0","0","0","0","0","0","0","0","1","0","0","0","1","0","0","0","0","0","0","0","0","0","0","0","0","0","0","0","0","0","0","0","0","0","0","0","0","0","0","0"
"00004098","동일물산","00000203","마을700","20221003","1","0","2","0","1","0","2","0","0","0","0","0","0","0","0","0","0","0","0","0","0","0","0","0","0","0","0","0","0","0","0","0","0","0","0","0","0","0","0","0","0","0","0","0","0","0","0","0"
"00004103","비아동주민센터(앞)","00000203","마을700","20221003","6","10","5","10","5","7","5","7","0","0","0","0","1","3","0","3","3","2","1","2","3","2","1","2","0","0","0","0","0","0","0","0","2","4","1","4","2","1","0","1","0","2","0","2","0","1","1","1"
"00004104","비아동주민센터(앞)","00000203","마을700","20221003","1","6","4","6","1","5","4","5","0","0","0","0","0","1","0","1","2","5","2","5","2","5","1","5","0","0","0","0","0","0","1","0","1","0","0","0","1","0","0","0","0","0","0","0","0","0","0","0"
"00004105","비아중","00000203","마을700","20221003","2","0","0","0","2","0","0","0","0","0","0","0","0","0","0","0","0","0","0","0","0","0","0","0","0","0","0","0","0","0","0","0","0","0","0","0","0","0","0","0","0","0","0","0","0","0","0","0"
"00004106","공군부대후문","00000010","송정19","20221003","2","0","0","0","2","0","0","0","0","0","0","0","0","0","0","0","0","0","0","0","0","0","0","0","0","0","0","0","0","0","0","0","0","0","0","0","0","0","0","0","0","0","0","0","0","0","0","0"
"00004106","공군부대후문","00000023","지원45","20221003","0","1","0","1","0","0","0","0","0","0","0","0","0","1","0","1","0","0","0","0","0","0","0","0","0","0","0","0","0","0","0","0","0","0","0","0","0","0","0","0","0","0","0","0","0","0","0","0"
"00004106","공군부대후문","00000044","송암73","20221003","1","2","1","2","1","1","1","1","0","0","0","0","0","1","0","1","0","0","0","0","0","0","0","0","0","0","0","0","0","0","0","0","0","0","0","0","0","0","0","0","0","0","0","0","0","0","0","0"
"00004106","공군부대후문","00000066","송정96","20221003","0","0","0","0","0","0","0","0","0","0","0","0","0","0","0","0","1","0","0","0","1","0","0","0","0","0","0","0","0","0","0","0","0","0","0","0","0","0","0","0","0","0","0","0","0","0","0","0"
"00004106","공군부대후문","00000081","진곡196","20221003","1","0","0","0","0","0","0","0","0","0","0","0","1","0","0","0","0","0","0","0","0","0","0","0","0","0","0","0","0","0","0","0","0","0","0","0","0","0","0","0","0","0","0","0","0","0","0","0"
"00004106","공군부대후문","00000092","첨단40","20221003","0","1","1","1","0","1","1","1","0","0","0","0","0","0","0","0","0","0","0","0","0","0","0","0","0","0","0","0","0","0","0","0","0","0","0","0","0","0","0","0","0","0","0","0","0","0","0","0"
"00004106","공군부대후문","00000125","선운101","20221003","0","1","0","1","0","1","0","1","0","0","0","0","0","0","0","0","0","0","0","0","0","0","0","0","0","0","0","0","0","0","0","0","0","0","0","0","0","0","0","0","0","0","0","0","0","0","0","0"
"00004106","공군부대후문","00000203","마을700","20221003","1","0","1","0","0","0","1","0","0","0","0","0","1","0","0","0","0","0","0","0","0","0","0","0","0","0","0","0","0","0","0","0","1","0","0","0","1","0","0","0","0","0","0","0","0","0","0","0"
"00004107","근형기업","00000203","마을700","20221003","0","0","0","0","0","0","0","0","0","0","0","0","0","0","0","0","0","2","0","2","0","2","0","2","0","0","0","0","0","0","0","0","0","0","0","0","0","0","0","0","0","0","0","0","0","0","0","0"
"00004108","근형기업","00000203","마을700","20221003","0","0","2","0","0","0","2","0","0","0","0","0","0","0","0","0","0","0","0","0","0","0","0","0","0","0","0","0","0","0","0","0","0","0","0","0","0","0","0","0","0","0","0","0","0","0","0","0"
"00004109","평동역(동)","00000203","마을700","20221003","1","0","0","0","1","0","0","0","0","0","0","0","0","0","0","0","1","0","0","0","1","0","0","0","0","0","0","0","0","0","0","0","1","0","1","0","1","0","1","0","0","0","0","0","0","0","0","0"
"00004118","골옷교","00000043","송암72","20221003","1","1","0","1","1","1","0","1","0","0","0","0","0","0","0","0","0","1","0","1","0","1","0","1","0","0","0","0","0","0","0","0","0","0","0","0","0","0","0","0","0","0","0","0","0","0","0","0"
"00004118","골옷교","00000096","일곡10","20221003","2","2","0","2","2","1","0","1","0","0","0","0","0","1","0","1","0","1","0","1","0","1","0","1","0","0","0","0","0","0","0","0","0","0","0","0","0","0","0","0","0","0","0","0","0","0","0","0"
"00004118","골옷교","00000098","수완49","20221003","0","0","0","0","0","0","0","0","0","0","0","0","0","0","0","0","0","0","3","0","0","0","3","0","0","0","0","0","0","0","0","0","0","0","0","0","0","0","0","0","0","0","0","0","0","0","0","0"
"00004118","골옷교","00000125","선운101","20221003","0","0","0","0","0","0","0","0","0","0","0","0","0","0","0","0","2","0","1","0","2","0","1","0","0","0","0","0","0","0","0","0","0","0","0","0","0","0","0","0","0","0","0","0","0","0","0","0"
"00004119","골옷교","00000043","송암72","20221003","0","1","0","1","0","1","0","1","0","0","0","0","0","0","0","0","0","0","0","0","0","0","0","0","0","0","0","0","0","0","0","0","0","0","0","0","0","0","0","0","0","0","0","0","0","0","0","0"
"00004119","골옷교","00000096","일곡10","20221003","1","0","0","0","1","0","0","0","0","0","0","0","0","0","0","0","1","0","0","0","1","0","0","0","0","0","0","0","0","0","0","0","0","0","0","0","0","0","0","0","0","0","0","0","0","0","0","0"
"00004119","골옷교","00000098","수완49","20221003","1","1","0","1","1","1","0","1","0","0","0","0","0","0","0","0","0","0","0","0","0","0","0","0","0","0","0","0","0","0","0","0","0","0","0","0","0","0","0","0","0","0","0","0","0","0","0","0"
"00004119","골옷교","00000125","선운101","20221003","1","0","1","0","1","0","1","0","0","0","0","0","0","0","0","0","0","0","0","0","0","0","0","0","0","0","0","0","0","0","0","0","0","0","0","0","0","0","0","0","0","0","0","0","0","0","0","0"
"00004133","풍암고정문","00000201","마을760","20221003","1","2","0","2","1","2","0","2","0","0","0","0","0","0","0","0","0","0","0","0","0","0","0","0","0","0","0","0","0","0","0","0","0","0","0","0","0","0","0","0","0","0","0","0","0","0","0","0"
"00004134","풍암동부아파트","00000201","마을760","20221003","0","2","2","2","0","2","0","2","0","0","0","0","0","0","2","0","0","0","0","0","0","0","0","0","0","0","0","0","0","0","0","0","0","0","0","0","0","0","0","0","0","0","0","0","0","0","0","0"
"00004141","운천역(북)","00000201","마을760","20221003","5","2","7","2","5","2","6","2","0","0","0","0","0","0","1","0","0","1","0","1","0","1","0","1","0","0","0","0","0","0","0","0","2","2","4","2","1","0","4","0","0","0","0","0","1","2","0","2"
"00004142","운천역(북)","00000201","마을760","20221003","0","1","3","1","0","1","3","1","0","0","0","0","0","0","0","0","3","3","3","3","2","3","3","3","0","0","0","0","1","0","0","0","0","0","2","0","0","0","2","0","0","0","0","0","0","0","0","0"
"00004143","상무고","00000201","마을760","20221003","0","1","0","1","0","1","0","1","0","0","0","0","0","0","0","0","0","0","0","0","0","0","0","0","0","0","0","0","0","0","0","0","0","0","0","0","0","0","0","0","0","0","0","0","0","0","0","0"
"00004144","중흥아파트사거리","00000201","마을760","20221003","1","3","0","3","1","2","0","2","0","0","0","0","0","1","0","1","1","2","2","2","1","2","2","2","0","0","0","0","0","0","0","0","0","0","0","0","0","0","0","0","0","0","0","0","0","0","0","0"
"00004145","버들마을사거리","00000201","마을760","20221003","2","0","0","0","2","0","0","0","0","0","0","0","0","0","0","0","1","0","0","0","1","0","0","0","0","0","0","0","0","0","0","0","0","0","0","0","0","0","0","0","0","0","0","0","0","0","0","0"
"00004146","버들마을사거리","00000201","마을760","20221003","2","3","3","3","2","2","2","2","0","0","0","0","0","1","1","1","0","0","0","0","0","0","0","0","0","0","0","0","0","0","0","0","0","0","1","0","0","0","1","0","0","0","0","0","0","0","0","0"
"00004147","금호베어스타운","00000201","마을760","20221003","1","0","0","0","0","0","0","0","0","0","0","0","1","0","0","0","0","0","0","0","0","0","0","0","0","0","0","0","0","0","0","0","0","0","0","0","0","0","0","0","0","0","0","0","0","0","0","0"
"00004150","중흥아파트사거리","00000201","마을760","20221003","1","1","6","1","1","1","6","1","0","0","0","0","0","0","0","0","0","1","2","1","0","1","2","1","0","0","0","0","0","0","0","0","0","0","0","0","0","0","0","0","0","0","0","0","0","0","0","0"
"00004151","광주학생문화회관","00000201","마을760","20221003","1","1","1","1","1","1","1","1","0","0","0","0","0","0","0","0","2","1","3","1","2","1","3","1","0","0","0","0","0","0","0","0","0","0","0","0","0","0","0","0","0","0","0","0","0","0","0","0"
"00004152","금호호반아파트1차","00000201","마을760","20221003","0","0","2","0","0","0","2","0","0","0","0","0","0","0","0","0","1","1","2","1","1","1","2","1","0","0","0","0","0","0","0","0","0","0","0","0","0","0","0","0","0","0","0","0","0","0","0","0"
"00004155","앵남역","00000074","진월177","20221003","0","0","0","0","0","0","0","0","0","0","0","0","0","0","0","0","0","0","0","0","0","0","0","0","0","0","0","0","0","0","0","0","0","0","0","0","0","0","0","0","0","0","0","0","0","0","0","0"
"00004156","앵남역","00000074","진월177","20221003","0","0","0","0","0","0","0","0","0","0","0","0","0","0","0","0","0","0","0","0","0","0","0","0","0","0","0","0","0","0","0","0","0","0","0","0","0","0","0","0","0","0","0","0","0","0","0","0"
"00004157","앵남2구","00000074","진월177","20221003","0","0","0","0","0","0","0","0","0","0","0","0","0","0","0","0","0","0","0","0","0","0","0","0","0","0","0","0","0","0","0","0","0","0","0","0","0","0","0","0","0","0","0","0","0","0","0","0"
"00004158","앵남2구","00000074","진월177","20221003","0","0","0","0","0","0","0","0","0","0","0","0","0","0","0","0","0","0","0","0","0","0","0","0","0","0","0","0","0","0","0","0","0","0","0","0","0","0","0","0","0","0","0","0","0","0","0","0"
"00004159","화남마을","00000074","진월177","20221003","0","0","0","0","0","0","0","0","0","0","0","0","0","0","0","0","0","0","0","0","0","0","0","0","0","0","0","0","0","0","0","0","0","0","0","0","0","0","0","0","0","0","0","0","0","0","0","0"
"00004160","화남마을","00000074","진월177","20221003","0","0","0","0","0","0","0","0","0","0","0","0","0","0","0","0","0","0","0","0","0","0","0","0","0","0","0","0","0","0","0","0","0","0","0","0","0","0","0","0","0","0","0","0","0","0","0","0"
"00004161","원화리","00000074","진월177","20221003","0","0","1","0","0","0","1","0","0","0","0","0","0","0","0","0","0","0","0","0","0","0","0","0","0","0","0","0","0","0","0","0","0","0","0","0","0","0","0","0","0","0","0","0","0","0","0","0"
"00004162","원화리","00000074","진월177","20221003","0","0","0","0","0","0","0","0","0","0","0","0","0","0","0","0","0","0","0","0","0","0","0","0","0","0","0","0","0","0","0","0","0","0","0","0","0","0","0","0","0","0","0","0","0","0","0","0"
"00004163","원동마을","00000074","진월177","20221003","0","0","0","0","0","0","0","0","0","0","0","0","0","0","0","0","0","0","0","0","0","0","0","0","0","0","0","0","0","0","0","0","0","0","0","0","0","0","0","0","0","0","0","0","0","0","0","0"
"00004164","원동마을","00000074","진월177","20221003","0","0","0","0","0","0","0","0","0","0","0","0","0","0","0","0","0","0","0","0","0","0","0","0","0","0","0","0","0","0","0","0","0","0","0","0","0","0","0","0","0","0","0","0","0","0","0","0"
"00004165","도곡온천단지입구","00000074","진월177","20221003","0","0","0","0","0","0","0","0","0","0","0","0","0","0","0","0","0","0","0","0","0","0","0","0","0","0","0","0","0","0","0","0","0","0","0","0","0","0","0","0","0","0","0","0","0","0","0","0"
"00004166","도곡온천단지입구","00000074","진월177","20221003","0","0","0","0","0","0","0","0","0","0","0","0","0","0","0","0","0","0","0","0","0","0","0","0","0","0","0","0","0","0","0","0","0","0","0","0","0","0","0","0","0","0","0","0","0","0","0","0"
"00004167","도곡온천단지","00000074","진월177","20221003","0","0","0","0","0","0","0","0","0","0","0","0","0","0","0","0","0","0","0","0","0","0","0","0","0","0","0","0","0","0","0","0","0","0","0","0","0","0","0","0","0","0","0","0","0","0","0","0"
"00004175","전남학숙","00000074","진월177","20221003","0","0","0","0","0","0","0","0","0","0","0","0","0","0","0","0","0","0","0","0","0","0","0","0","0","0","0","0","0","0","0","0","0","0","0","0","0","0","0","0","0","0","0","0","0","0","0","0"
"00004176","효령노인복지타운","00000086","518","20221003","0","0","0","0","0","0","0","0","0","0","0","0","0","0","0","0","0","2","0","2","0","2","0","2","0","0","0","0","0","0","0","0","3","0","0","0","3","0","0","0","0","0","0","0","0","0","0","0"
"00004178","남구청","00000014","봉선27","20221003","2","6","6","6","2","6","5","6","0","0","0","0","0","0","1","0","1","5","6","5","1","4","5","4","0","0","0","0","0","1","1","1","1","0","1","0","1","0","1","0","0","0","0","0","0","0","0","0"
"00004178","남구청","00000015","일곡28","20221003","5","4","3","4","4","4","3","4","0","0","0","0","1","0","0","0","3","7","4","7","3","4","3","4","0","0","0","0","0","3","1","3","1","0","1","0","1","0","1","0","0","0","0","0","0","0","0","0"
"00004178","남구청","00000025","운림50","20221003","1","6","12","6","1","4","12","4","0","0","0","0","0","2","0","2","1","2","4","2","1","1","4","1","0","0","0","0","0","1","0","1","1","3","4","3","1","1","4","1","0","0","0","0","0","2","0","2"
"00004178","남구청","00000030","금남55","20221003","0","3","0","3","0","3","0","3","0","0","0","0","0","0","0","0","0","3","1","3","0","3","1","3","0","0","0","0","0","0","0","0","0","1","0","1","0","1","0","1","0","0","0","0","0","0","0","0"
"00004178","남구청","00000068","송정98","20221003","8","3","6","3","7","3","6","3","0","0","0","0","1","0","0","0","5","4","5","4","5","3","5","3","0","0","0","0","0","1","0","1","0","1","0","1","0","1","0","1","0","0","0","0","0","0","0","0"
"00004178","남구청","00000111","송암68","20221003","3","9","7","9","3","8","7","8","0","0","0","0","0","1","0","1","6","6","0","6","6","6","0","6","0","0","0","0","0","0","0","0","0","1","0","1","0","1","0","1","0","0","0","0","0","0","0","0"
"00004179","첨단2부영사랑으로아파트","00000096","일곡10","20221003","1","2","1","2","0","2","0","2","0","0","0","0","1","0","1","0","0","0","0","0","0","0","0","0","0","0","0","0","0","0","0","0","0","0","0","0","0","0","0","0","0","0","0","0","0","0","0","0"
"00004180","빛고을고입구","00000096","일곡10","20221003","2","5","1","5","2","3","1","3","0","0","0","0","0","2","0","2","0","0","1","0","0","0","0","0","0","0","0","0","0","0","1","0","0","0","0","0","0","0","0","0","0","0","0","0","0","0","0","0"
"00004180","빛고을고입구","00000108","송정33","20221003","4","6","3","6","4","4","1","4","0","1","0","1","0","1","2","1","0","0","0","0","0","0","0","0","0","0","0","0","0","0","0","0","2","0","0","0","2","0","0","0","0","0","0","0","0","0","0","0"
"00004180","빛고을고입구","00000116","첨단22","20221003","1","5","2","5","0","3","0","3","0","0","0","0","1","2","2","2","0","0","2","0","0","0","2","0","0","0","0","0","0","0","0","0","0","0","0","0","0","0","0","0","0","0","0","0","0","0","0","0"
"00004180","빛고을고입구","00000203","마을700","20221003","6","1","3","1","6","0","3","0","0","0","0","0","0","1","0","1","0","0","0","0","0","0","0","0","0","0","0","0","0","0","0","0","0","0","0","0","0","0","0","0","0","0","0","0","0","0","0","0"
"00004181","매월종합상가공구단지","00000049","진월78","20221003","0","1","1","1","0","1","1","1","0","0","0","0","0","0","0","0","0","0","0","0","0","0","0","0","0","0","0","0","0","0","0","0","0","0","0","0","0","0","0","0","0","0","0","0","0","0","0","0"
"00004185","노대제","00000034","금남59","20221003","0","0","0","0","0","0","0","0","0","0","0","0","0","0","0","0","0","1","0","1","0","1","0","1","0","0","0","0","0","0","0","0","0","0","0","0","0","0","0","0","0","0","0","0","0","0","0","0"
"00004186","노대제","00000034","금남59","20221003","1","4","2","4","1","4","1","4","0","0","0","0","0","0","1","0","0","0","0","0","0","0","0","0","0","0","0","0","0","0","0","0","0","0","0","0","0","0","0","0","0","0","0","0","0","0","0","0"
"00004186","노대제","00000047","봉선76","20221003","0","0","0","0","0","0","0","0","0","0","0","0","0","0","0","0","0","0","0","0","0","0","0","0","0","0","0","0","0","0","0","0","0","0","0","0","0","0","0","0","0","0","0","0","0","0","0","0"
"00004186","노대제","00000100","진월75","20221003","2","2","1","2","1","1","1","1","0","0","0","0","1","1","0","1","0","0","0","0","0","0","0","0","0","0","0","0","0","0","0","0","0","0","0","0","0","0","0","0","0","0","0","0","0","0","0","0"
"00004193","현대위아","00000009","문흥18","20221003","0","0","0","0","0","0","0","0","0","0","0","0","0","0","0","0","0","0","1","0","0","0","1","0","0","0","0","0","0","0","0","0","0","0","0","0","0","0","0","0","0","0","0","0","0","0","0","0"
"00004193","현대위아","00000096","일곡10","20221003","0","0","0","0","0","0","0","0","0","0","0","0","0","0","0","0","0","0","0","0","0","0","0","0","0","0","0","0","0","0","0","0","0","0","0","0","0","0","0","0","0","0","0","0","0","0","0","0"
"00004194","현대위아","00000009","문흥18","20221003","2","1","5","1","2","1","5","1","0","0","0","0","0","0","0","0","0","0","0","0","0","0","0","0","0","0","0","0","0","0","0","0","0","0","0","0","0","0","0","0","0","0","0","0","0","0","0","0"
"00004194","현대위아","00000096","일곡10","20221003","1","1","0","1","1","1","0","1","0","0","0","0","0","0","0","0","0","0","0","0","0","0","0","0","0","0","0","0","0","0","0","0","0","0","0","0","0","0","0","0","0","0","0","0","0","0","0","0"
"00004195","RTM","00000009","문흥18","20221003","0","0","0","0","0","0","0","0","0","0","0","0","0","0","0","0","0","0","0","0","0","0","0","0","0","0","0","0","0","0","0","0","0","0","0","0","0","0","0","0","0","0","0","0","0","0","0","0"
"00004195","RTM","00000096","일곡10","20221003","0","0","0","0","0","0","0","0","0","0","0","0","0","0","0","0","0","0","0","0","0","0","0","0","0","0","0","0","0","0","0","0","0","0","0","0","0","0","0","0","0","0","0","0","0","0","0","0"
"00004196","RTM","00000009","문흥18","20221003","1","0","6","0","1","0","6","0","0","0","0","0","0","0","0","0","0","0","0","0","0","0","0","0","0","0","0","0","0","0","0","0","0","0","0","0","0","0","0","0","0","0","0","0","0","0","0","0"
"00004196","RTM","00000096","일곡10","20221003","0","0","1","0","0","0","1","0","0","0","0","0","0","0","0","0","0","0","0","0","0","0","0","0","0","0","0","0","0","0","0","0","0","0","0","0","0","0","0","0","0","0","0","0","0","0","0","0"
"00004197","수호","00000009","문흥18","20221003","0","0","0","0","0","0","0","0","0","0","0","0","0","0","0","0","0","0","1","0","0","0","1","0","0","0","0","0","0","0","0","0","0","0","0","0","0","0","0","0","0","0","0","0","0","0","0","0"
"00004198","수호","00000009","문흥18","20221003","0","1","0","1","0","1","0","1","0","0","0","0","0","0","0","0","0","0","0","0","0","0","0","0","0","0","0","0","0","0","0","0","0","0","0","0","0","0","0","0","0","0","0","0","0","0","0","0"
"00004198","수호","00000096","일곡10","20221003","0","3","0","3","0","3","0","3","0","0","0","0","0","0","0","0","0","0","0","0","0","0","0","0","0","0","0","0","0","0","0","0","0","0","0","0","0","0","0","0","0","0","0","0","0","0","0","0"
"00004204","광주교도소","00000013","매월26","20221003","0","0","0","0","0","0","0","0","0","0","0","0","0","0","0","0","0","0","0","0","0","0","0","0","0","0","0","0","0","0","0","0","0","0","0","0","0","0","0","0","0","0","0","0","0","0","0","0"
"00004205","광주교도소","00000013","매월26","20221003","0","0","1","0","0","0","1","0","0","0","0","0","0","0","0","0","0","0","2","0","0","0","2","0","0","0","0","0","0","0","0","0","0","0","0","0","0","0","0","0","0","0","0","0","0","0","0","0"
"00004221","LG전자광주물류센터","00000009","문흥18","20221003","0","0","0","0","0","0","0","0","0","0","0","0","0","0","0","0","1","0","1","0","1","0","1","0","0","0","0","0","0","0","0","0","0","0","0","0","0","0","0","0","0","0","0","0","0","0","0","0"
"00004222","LG전자광주물류센터","00000009","문흥18","20221003","1","1","7","1","1","1","6","1","0","0","1","0","0","0","0","0","0","0","0","0","0","0","0","0","0","0","0","0","0","0","0","0","0","0","0","0","0","0","0","0","0","0","0","0","0","0","0","0"
"00004222","LG전자광주물류센터","00000096","일곡10","20221003","1","0","0","0","1","0","0","0","0","0","0","0","0","0","0","0","0","0","0","0","0","0","0","0","0","0","0","0","0","0","0","0","0","0","0","0","0","0","0","0","0","0","0","0","0","0","0","0"
"00004223","케이엔","00000009","문흥18","20221003","0","0","0","0","0","0","0","0","0","0","0","0","0","0","0","0","2","0","0","0","2","0","0","0","0","0","0","0","0","0","0","0","0","0","0","0","0","0","0","0","0","0","0","0","0","0","0","0"
"00004224","케이엔","00000009","문흥18","20221003","1","2","0","2","1","2","0","2","0","0","0","0","0","0","0","0","0","0","0","0","0","0","0","0","0","0","0","0","0","0","0","0","0","0","0","0","0","0","0","0","0","0","0","0","0","0","0","0"
"00004225","진곡공원","00000081","진곡196","20221003","0","1","2","1","0","1","2","1","0","0","0","0","0","0","0","0","0","0","0","0","0","0","0","0","0","0","0","0","0","0","0","0","0","0","0","0","0","0","0","0","0","0","0","0","0","0","0","0"
"00004226","진곡공원","00000081","진곡196","20221003","0","0","0","0","0","0","0","0","0","0","0","0","0","0","0","0","0","0","0","0","0","0","0","0","0","0","0","0","0","0","0","0","0","0","0","0","0","0","0","0","0","0","0","0","0","0","0","0"
"00004227","선진알미늄","00000081","진곡196","20221003","0","2","0","2","0","2","0","2","0","0","0","0","0","0","0","0","0","0","0","0","0","0","0","0","0","0","0","0","0","0","0","0","0","0","0","0","0","0","0","0","0","0","0","0","0","0","0","0"
"00004229","동명정공","00000081","진곡196","20221003","2","1","0","1","2","1","0","1","0","0","0","0","0","0","0","0","0","0","0","0","0","0","0","0","0","0","0","0","0","0","0","0","0","0","0","0","0","0","0","0","0","0","0","0","0","0","0","0"
"00004231","무등스크린","00000081","진곡196","20221003","0","1","2","1","0","1","2","1","0","0","0","0","0","0","0","0","0","0","0","0","0","0","0","0","0","0","0","0","0","0","0","0","0","0","0","0","0","0","0","0","0","0","0","0","0","0","0","0"
"00004234","명진하이테크","00000081","진곡196","20221003","0","0","0","0","0","0","0","0","0","0","0","0","0","0","0","0","0","1","0","1","0","1","0","1","0","0","0","0","0","0","0","0","0","0","0","0","0","0","0","0","0","0","0","0","0","0","0","0"
"00004235","광주그린카진흥원입구","00000009","문흥18","20221003","0","0","0","0","0","0","0","0","0","0","0","0","0","0","0","0","0","0","0","0","0","0","0","0","0","0","0","0","0","0","0","0","0","0","0","0","0","0","0","0","0","0","0","0","0","0","0","0"
"00004236","광주그린카진흥원입구","00000009","문흥18","20221003","0","1","1","1","0","1","1","1","0","0","0","0","0","0","0","0","0","0","0","0","0","0","0","0","0","0","0","0","0","0","0","0","0","0","0","0","0","0","0","0","0","0","0","0","0","0","0","0"
"00004236","광주그린카진흥원입구","00000081","진곡196","20221003","0","0","1","0","0","0","1","0","0","0","0","0","0","0","0","0","0","0","0","0","0","0","0","0","0","0","0","0","0","0","0","0","0","0","0","0","0","0","0","0","0","0","0","0","0","0","0","0"
"00004238","진곡화물공영차고지","00000081","진곡196","20221003","0","0","1","0","0","0","1","0","0","0","0","0","0","0","0","0","0","0","0","0","0","0","0","0","0","0","0","0","0","0","0","0","0","0","0","0","0","0","0","0","0","0","0","0","0","0","0","0"
"00004239","진곡산단","00000009","문흥18","20221003","0","1","0","1","0","1","0","1","0","0","0","0","0","0","0","0","1","0","0","0","1","0","0","0","0","0","0","0","0","0","0","0","0","0","0","0","0","0","0","0","0","0","0","0","0","0","0","0"
"00004239","진곡산단","00000096","일곡10","20221003","0","0","0","0","0","0","0","0","0","0","0","0","0","0","0","0","0","0","2","0","0","0","2","0","0","0","0","0","0","0","0","0","0","0","0","0","0","0","0","0","0","0","0","0","0","0","0","0"
"00004240","진곡산단","00000009","문흥18","20221003","0","2","3","2","0","2","2","2","0","0","0","0","0","0","1","0","0","0","0","0","0","0","0","0","0","0","0","0","0","0","0","0","0","0","0","0","0","0","0","0","0","0","0","0","0","0","0","0"
"00004240","진곡산단","00000081","진곡196","20221003","1","2","0","2","1","2","0","2","0","0","0","0","0","0","0","0","0","0","0","0","0","0","0","0","0","0","0","0","0","0","0","0","0","0","0","0","0","0","0","0","0","0","0","0","0","0","0","0"
"00004245","KTX체육기지","00000111","송암68","20221003","1","0","4","0","0","0","4","0","0","0","0","0","1","0","0","0","0","0","0","0","0","0","0","0","0","0","0","0","0","0","0","0","0","0","0","0","0","0","0","0","0","0","0","0","0","0","0","0"
"00004246","광주디자인센터","00000108","송정33","20221003","0","0","0","0","0","0","0","0","0","0","0","0","0","0","0","0","0","1","0","1","0","1","0","1","0","0","0","0","0","0","0","0","0","0","0","0","0","0","0","0","0","0","0","0","0","0","0","0"
"00004247","광주디자인센터","00000108","송정33","20221003","1","4","7","4","1","4","7","4","0","0","0","0","0","0","0","0","0","1","0","1","0","1","0","1","0","0","0","0","0","0","0","0","0","0","0","0","0","0","0","0","0","0","0","0","0","0","0","0"
"00004248","기룡마을","00000060","임곡90","20221003","2","1","0","1","2","1","0","1","0","0","0","0","0","0","0","0","0","0","0","0","0","0","0","0","0","0","0","0","0","0","0","0","0","0","0","0","0","0","0","0","0","0","0","0","0","0","0","0"
"00004249","대덕훼미리아파트","00000011","첨단20","20221003","4","4","4","4","3","4","4","4","0","0","0","0","1","0","0","0","0","0","0","0","0","0","0","0","0","0","0","0","0","0","0","0","0","0","0","0","0","0","0","0","0","0","0","0","0","0","0","0"
"00004249","대덕훼미리아파트","00000108","송정33","20221003","5","6","0","6","5","6","0","6","0","0","0","0","0","0","0","0","0","0","2","0","0","0","2","0","0","0","0","0","0","0","0","0","0","0","0","0","0","0","0","0","0","0","0","0","0","0","0","0"
"00004250","대덕훼미리아파트","00000011","첨단20","20221003","6","4","2","4","6","4","2","4","0","0","0","0","0","0","0","0","0","0","0","0","0","0","0","0","0","0","0","0","0","0","0","0","0","0","0","0","0","0","0","0","0","0","0","0","0","0","0","0"
"00004250","대덕훼미리아파트","00000108","송정33","20221003","3","1","3","1","3","0","3","0","0","0","0","0","0","1","0","1","0","1","0","1","0","1","0","1","0","0","0","0","0","0","0","0","0","0","0","0","0","0","0","0","0","0","0","0","0","0","0","0"
"00004251","돈보스코학교","00000102","수완12","20221003","0","1","0","1","0","1","0","1","0","0","0","0","0","0","0","0","0","0","0","0","0","0","0","0","0","0","0","0","0","0","0","0","0","0","0","0","0","0","0","0","0","0","0","0","0","0","0","0"
"00004251","돈보스코학교","00000111","송암68","20221003","3","5","1","5","3","2","1","2","0","1","0","1","0","2","0","2","0","0","0","0","0","0","0","0","0","0","0","0","0","0","0","0","0","0","0","0","0","0","0","0","0","0","0","0","0","0","0","0"
"00004252","돈보스코학교","00000111","송암68","20221003","0","0","0","0","0","0","0","0","0","0","0","0","0","0","0","0","1","0","0","0","1","0","0","0","0","0","0","0","0","0","0","0","0","0","0","0","0","0","0","0","0","0","0","0","0","0","0","0"
"00004254","봉흥마을","00000060","임곡90","20221003","1","0","0","0","1","0","0","0","0","0","0","0","0","0","0","0","0","0","0","0","0","0","0","0","0","0","0","0","0","0","0","0","0","0","0","0","0","0","0","0","0","0","0","0","0","0","0","0"
"00004255","선운리버프라임아파트","00000094","송정93","20221003","0","0","0","0","0","0","0","0","0","0","0","0","0","0","0","0","0","0","0","0","0","0","0","0","0","0","0","0","0","0","0","0","0","0","0","0","0","0","0","0","0","0","0","0","0","0","0","0"
"00004255","선운리버프라임아파트","00000103","송정100","20221003","0","0","0","0","0","0","0","0","0","0","0","0","0","0","0","0","0","0","0","0","0","0","0","0","0","0","0","0","0","0","0","0","0","0","0","0","0","0","0","0","0","0","0","0","0","0","0","0"
"00004255","선운리버프라임아파트","00000115","선운14","20221003","0","0","0","0","0","0","0","0","0","0","0","0","0","0","0","0","0","3","3","3","0","3","3","3","0","0","0","0","0","0","0","0","0","0","0","0","0","0","0","0","0","0","0","0","0","0","0","0"
"00004255","선운리버프라임아파트","00000125","선운101","20221003","0","0","0","0","0","0","0","0","0","0","0","0","0","0","0","0","1","1","1","1","1","1","1","1","0","0","0","0","0","0","0","0","0","0","0","0","0","0","0","0","0","0","0","0","0","0","0","0"
"00004256","선운리버프라임아파트","00000094","송정93","20221003","0","0","0","0","0","0","0","0","0","0","0","0","0","0","0","0","0","2","0","2","0","2","0","2","0","0","0","0","0","0","0","0","0","0","0","0","0","0","0","0","0","0","0","0","0","0","0","0"
"00004256","선운리버프라임아파트","00000115","선운14","20221003","1","1","1","1","1","1","1","1","0","0","0","0","0","0","0","0","0","1","0","1","0","1","0","1","0","0","0","0","0","0","0","0","0","0","0","0","0","0","0","0","0","0","0","0","0","0","0","0"
"00004256","선운리버프라임아파트","00000125","선운101","20221003","1","0","0","0","1","0","0","0","0","0","0","0","0","0","0","0","0","1","0","1","0","1","0","1","0","0","0","0","0","0","0","0","0","0","0","0","0","0","0","0","0","0","0","0","0","0","0","0"
"00004257","우주선어린이공원입구","00000125","선운101","20221003","4","0","0","0","3","0","0","0","0","0","0","0","1","0","0","0","0","0","0","0","0","0","0","0","0","0","0","0","0","0","0","0","0","0","0","0","0","0","0","0","0","0","0","0","0","0","0","0"
"00004258","우주선어린이공원입구","00000125","선운101","20221003","0","0","1","0","0","0","1","0","0","0","0","0","0","0","0","0","0","0","0","0","0","0","0","0","0","0","0","0","0","0","0","0","0","0","0","0","0","0","0","0","0","0","0","0","0","0","0","0"
"00004259","운수마을","00000115","선운14","20221003","0","0","0","0","0","0","0","0","0","0","0","0","0","0","0","0","0","0","2","0","0","0","2","0","0","0","0","0","0","0","0","0","0","0","0","0","0","0","0","0","0","0","0","0","0","0","0","0"
"00004260","운수마을","00000115","선운14","20221003","0","0","1","0","0","0","1","0","0","0","0","0","0","0","0","0","0","1","0","1","0","1","0","1","0","0","0","0","0","0","0","0","0","0","0","0","0","0","0","0","0","0","0","0","0","0","0","0"
"00004261","원사호마을","00000060","임곡90","20221003","0","0","0","0","0","0","0","0","0","0","0","0","0","0","0","0","0","0","1","0","0","0","1","0","0","0","0","0","0","0","0","0","0","0","0","0","0","0","0","0","0","0","0","0","0","0","0","0"
"00004263","지실마을","00000096","일곡10","20221003","2","0","0","0","2","0","0","0","0","0","0","0","0","0","0","0","0","0","0","0","0","0","0","0","0","0","0","0","0","0","0","0","0","0","0","0","0","0","0","0","0","0","0","0","0","0","0","0"
"00004264","지실마을","00000096","일곡10","20221003","0","0","0","0","0","0","0","0","0","0","0","0","0","0","0","0","0","1","0","1","0","1","0","1","0","0","0","0","0","0","0","0","0","0","0","0","0","0","0","0","0","0","0","0","0","0","0","0"
"00004265","첨단병원입구","00000108","송정33","20221003","0","0","0","0","0","0","0","0","0","0","0","0","0","0","0","0","0","0","0","0","0","0","0","0","0","0","0","0","0","0","0","0","0","0","0","0","0","0","0","0","0","0","0","0","0","0","0","0"
"00004266","첨단병원입구","00000108","송정33","20221003","0","0","2","0","0","0","2","0","0","0","0","0","0","0","0","0","1","0","0","0","1","0","0","0","0","0","0","0","0","0","0","0","0","0","0","0","0","0","0","0","0","0","0","0","0","0","0","0"
"00004267","광주국제양궁장","00000024","송암47","20221003","5","5","3","5","5","4","2","4","0","0","1","0","0","1","0","1","0","0","0","0","0","0","0","0","0","0","0","0","0","0","0","0","0","0","0","0","0","0","0","0","0","0","0","0","0","0","0","0"
"00004268","광주국제양궁장","00000024","송암47","20221003","0","0","0","0","0","0","0","0","0","0","0","0","0","0","0","0","0","3","0","3","0","2","0","2","0","0","0","0","0","1","0","1","0","0","0","0","0","0","0","0","0","0","0","0","0","0","0","0"
"00004269","봉주초교","00000024","송암47","20221003","1","1","0","1","1","1","0","1","0","0","0","0","0","0","0","0","0","1","0","1","0","1","0","1","0","0","0","0","0","0","0","0","0","0","0","0","0","0","0","0","0","0","0","0","0","0","0","0"
"00004270","봉주초교","00000024","송암47","20221003","1","0","2","0","1","0","1","0","0","0","0","0","0","0","1","0","0","1","0","1","0","1","0","1","0","0","0","0","0","0","0","0","0","0","0","0","0","0","0","0","0","0","0","0","0","0","0","0"
"00004271","주월명지아파트","00000024","송암47","20221003","2","0","2","0","2","0","2","0","0","0","0","0","0","0","0","0","0","1","0","1","0","1","0","1","0","0","0","0","0","0","0","0","0","0","1","0","0","0","1","0","0","0","0","0","0","0","0","0"
"00004272","주월명지아파트","00000024","송암47","20221003","1","0","2","0","0","0","2","0","0","0","0","0","1","0","0","0","0","2","1","2","0","2","1","2","0","0","0","0","0","0","0","0","0","0","0","0","0","0","0","0","0","0","0","0","0","0","0","0"
"00004273","조선대공과대학","00000006","지원15","20221003","0","0","0","0","0","0","0","0","0","0","0","0","0","0","0","0","4","3","4","3","4","2","3","2","0","0","0","0","0","1","1","1","0","0","0","0","0","0","0","0","0","0","0","0","0","0","0","0"
"00004273","조선대공과대학","00000008","진월17","20221003","3","0","2","0","3","0","2","0","0","0","0","0","0","0","0","0","14","6","7","6","14","6","7","6","0","0","0","0","0","0","0","0","0","0","0","0","0","0","0","0","0","0","0","0","0","0","0","0"
"00004273","조선대공과대학","00000014","봉선27","20221003","0","0","5","0","0","0","5","0","0","0","0","0","0","0","0","0","11","7","9","7","11","7","6","7","0","0","0","0","0","0","3","0","0","0","0","0","0","0","0","0","0","0","0","0","0","0","0","0"
"00004273","조선대공과대학","00000015","일곡28","20221003","0","2","5","2","0","1","4","1","0","0","0","0","0","1","1","1","16","5","6","5","16","4","6","4","0","0","0","0","0","1","0","1","2","0","0","0","2","0","0","0","0","0","0","0","0","0","0","0"
"00004273","조선대공과대학","00000018","운림35","20221003","0","1","1","1","0","1","1","1","0","0","0","0","0","0","0","0","5","8","1","8","5","8","1","8","0","0","0","0","0","0","0","0","0","0","0","0","0","0","0","0","0","0","0","0","0","0","0","0"
"00004273","조선대공과대학","00000068","송정98","20221003","1","0","8","0","1","0","8","0","0","0","0","0","0","0","0","0","2","5","7","5","2","5","7","5","0","0","0","0","0","0","0","0","0","0","1","0","0","0","1","0","0","0","0","0","0","0","0","0"
"00004273","조선대공과대학","00000109","좌석02","20221003","0","1","0","1","0","0","0","0","0","1","0","1","0","0","0","0","1","0","5","0","1","0","5","0","0","0","0","0","0","0","0","0","2","0","0","0","2","0","0","0","0","0","0","0","0","0","0","0"
"00004275","빛고을고입구","00000096","일곡10","20221003","1","5","0","5","1","4","0","4","0","0","0","0","0","1","0","1","0","0","0","0","0","0","0","0","0","0","0","0","0","0","0","0","0","0","2","0","0","0","2","0","0","0","0","0","0","0","0","0"
"00004275","빛고을고입구","00000108","송정33","20221003","2","1","1","1","2","0","1","0","0","0","0","0","0","1","0","1","0","0","0","0","0","0","0","0","0","0","0","0","0","0","0","0","0","0","0","0","0","0","0","0","0","0","0","0","0","0","0","0"
"00004275","빛고을고입구","00000116","첨단22","20221003","9","12","4","12","6","8","4","8","1","2","0","2","2","2","0","2","0","0","1","0","0","0","1","0","0","0","0","0","0","0","0","0","0","0","0","0","0","0","0","0","0","0","0","0","0","0","0","0"
"00004275","빛고을고입구","00000203","마을700","20221003","1","2","1","2","1","2","1","2","0","0","0","0","0","0","0","0","0","0","0","0","0","0","0","0","0","0","0","0","0","0","0","0","0","0","0","0","0","0","0","0","0","0","0","0","0","0","0","0"
"00004276","연제외촌입구","00000108","송정33","20221003","0","0","1","0","0","0","1","0","0","0","0","0","0","0","0","0","0","0","0","0","0","0","0","0","0","0","0","0","0","0","0","0","0","0","0","0","0","0","0","0","0","0","0","0","0","0","0","0"
"00004277","운암3동행정복지센터","00000120","양산60","20221003","2","0","4","0","2","0","3","0","0","0","0","0","0","0","1","0","0","1","1","1","0","1","1","1","0","0","0","0","0","0","0","0","0","0","0","0","0","0","0","0","0","0","0","0","0","0","0","0"
"00004278","운암3동행정복지센터","00000120","양산60","20221003","2","2","1","2","2","2","1","2","0","0","0","0","0","0","0","0","2","8","2","8","2","7","2","7","0","0","0","0","0","1","0","1","0","0","0","0","0","0","0","0","0","0","0","0","0","0","0","0"
"00004279","운암우성아파트","00000120","양산60","20221003","4","5","0","5","4","3","0","3","0","1","0","1","0","1","0","1","0","0","0","0","0","0","0","0","0","0","0","0","0","0","0","0","0","0","1","0","0","0","1","0","0","0","0","0","0","0","0","0"
"00004280","운암우성아파트","00000120","양산60","20221003","4","2","3","2","4","2","3","2","0","0","0","0","0","0","0","0","4","0","1","0","4","0","1","0","0","0","0","0","0","0","0","0","0","0","0","0","0","0","0","0","0","0","0","0","0","0","0","0"
"00004281","첨단2체육공원","00000108","송정33","20221003","0","0","0","0","0","0","0","0","0","0","0","0","0","0","0","0","0","1","0","1","0","1","0","1","0","0","0","0","0","0","0","0","0","0","0","0","0","0","0","0","0","0","0","0","0","0","0","0"
"00004282","첨단2체육공원","00000108","송정33","20221003","1","0","0","0","1","0","0","0","0","0","0","0","0","0","0","0","0","0","0","0","0","0","0","0","0","0","0","0","0","0","0","0","0","0","0","0","0","0","0","0","0","0","0","0","0","0","0","0"
"00004283","화인특장","00000108","송정33","20221003","0","0","0","0","0","0","0","0","0","0","0","0","0","0","0","0","0","0","0","0","0","0","0","0","0","0","0","0","0","0","0","0","0","0","0","0","0","0","0","0","0","0","0","0","0","0","0","0"
"00004284","화인특장","00000108","송정33","20221003","0","0","0","0","0","0","0","0","0","0","0","0","0","0","0","0","0","0","0","0","0","0","0","0","0","0","0","0","0","0","0","0","0","0","0","0","0","0","0","0","0","0","0","0","0","0","0","0"
"00004285","금호저수지입구","00000116","첨단22","20221003","0","0","0","0","0","0","0","0","0","0","0","0","0","0","0","0","1","0","2","0","1","0","2","0","0","0","0","0","0","0","0","0","0","0","0","0","0","0","0","0","0","0","0","0","0","0","0","0"
"00004286","금호저수지입구","00000116","첨단22","20221003","2","1","2","1","2","1","1","1","0","0","1","0","0","0","0","0","0","0","0","0","0","0","0","0","0","0","0","0","0","0","0","0","1","0","0","0","1","0","0","0","0","0","0","0","0","0","0","0"
"00004287","상무역(남)","00000116","첨단22","20221003","1","3","0","3","1","2","0","2","0","0","0","0","0","1","0","1","0","0","1","0","0","0","1","0","0","0","0","0","0","0","0","0","0","3","1","3","0","3","1","3","0","0","0","0","0","0","0","0"
"00004288","상무역(남)","00000116","첨단22","20221003","0","0","3","0","0","0","3","0","0","0","0","0","0","0","0","0","1","4","3","4","1","4","2","4","0","0","0","0","0","0","1","0","0","0","0","0","0","0","0","0","0","0","0","0","0","0","0","0"
"00004289","서구국민체육센터","00000034","금남59","20221003","0","0","0","0","0","0","0","0","0","0","0","0","0","0","0","0","0","0","0","0","0","0","0","0","0","0","0","0","0","0","0","0","0","0","0","0","0","0","0","0","0","0","0","0","0","0","0","0"
"00004290","서구국민체육센터","00000034","금남59","20221003","0","1","2","1","0","1","2","1","0","0","0","0","0","0","0","0","0","2","2","2","0","2","2","2","0","0","0","0","0","0","0","0","0","0","0","0","0","0","0","0","0","0","0","0","0","0","0","0"
"00004292","월드컵경기장 정문","00000034","금남59","20221003","0","0","1","0","0","0","1","0","0","0","0","0","0","0","0","0","1","1","0","1","1","1","0","1","0","0","0","0","0","0","0","0","0","0","0","0","0","0","0","0","0","0","0","0","0","0","0","0"
"00004293","월드컵경기장주차장","00000034","금남59","20221003","2","3","4","3","2","1","4","1","0","0","0","0","0","2","0","2","0","1","1","1","0","0","1","0","0","0","0","0","0","1","0","1","0","0","0","0","0","0","0","0","0","0","0","0","0","0","0","0"
"00004294","월드컵경기장주차장","00000034","금남59","20221003","0","3","4","3","0","3","4","3","0","0","0","0","0","0","0","0","0","0","1","0","0","0","1","0","0","0","0","0","0","0","0","0","0","0","0","0","0","0","0","0","0","0","0","0","0","0","0","0"
"00004297","자활촌입구","00000116","첨단22","20221003","0","0","0","0","0","0","0","0","0","0","0","0","0","0","0","0","0","0","1","0","0","0","1","0","0","0","0","0","0","0","0","0","0","0","0","0","0","0","0","0","0","0","0","0","0","0","0","0"
"00004299","화정우성아파트","00000034","금남59","20221003","3","4","5","4","3","4","4","4","0","0","0","0","0","0","1","0","0","0","1","0","0","0","1","0","0","0","0","0","0","0","0","0","0","0","0","0","0","0","0","0","0","0","0","0","0","0","0","0"
"00004300","화정우성아파트","00000034","금남59","20221003","6","6","4","6","6","6","4","6","0","0","0","0","0","0","0","0","0","0","1","0","0","0","1","0","0","0","0","0","0","0","0","0","0","0","0","0","0","0","0","0","0","0","0","0","0","0","0","0"
"00004301","희망가아파트","00000116","첨단22","20221003","1","0","0","0","0","0","0","0","0","0","0","0","1","0","0","0","0","0","0","0","0","0","0","0","0","0","0","0","0","0","0","0","0","0","0","0","0","0","0","0","0","0","0","0","0","0","0","0"
"00004302","희망가아파트","00000116","첨단22","20221003","0","1","1","1","0","1","1","1","0","0","0","0","0","0","0","0","2","1","1","1","2","1","1","1","0","0","0","0","0","0","0","0","0","0","0","0","0","0","0","0","0","0","0","0","0","0","0","0"
"00004306","비엔날레주차장","00000108","송정33","20221003","0","0","0","0","0","0","0","0","0","0","0","0","0","0","0","0","0","0","0","0","0","0","0","0","0","0","0","0","0","0","0","0","0","0","0","0","0","0","0","0","0","0","0","0","0","0","0","0"
"00004307","계소리1구","00000072","지원152(능주역)","20221003","0","0","0","0","0","0","0","0","0","0","0","0","0","0","0","0","0","0","0","0","0","0","0","0","0","0","0","0","0","0","0","0","0","0","0","0","0","0","0","0","0","0","0","0","0","0","0","0"
"00004308","계소리1구","00000072","지원152(능주역)","20221003","7","4","0","4","6","4","0","4","0","0","0","0","1","0","0","0","0","0","0","0","0","0","0","0","0","0","0","0","0","0","0","0","0","0","0","0","0","0","0","0","0","0","0","0","0","0","0","0"
"00004316","오성아파트","00000123","지원152(도웅리)","20221003","0","0","5","0","0","0","5","0","0","0","0","0","0","0","0","0","0","0","0","0","0","0","0","0","0","0","0","0","0","0","0","0","0","0","0","0","0","0","0","0","0","0","0","0","0","0","0","0"
"00004317","오성아파트","00000123","지원152(도웅리)","20221003","0","0","0","0","0","0","0","0","0","0","0","0","0","0","0","0","0","0","0","0","0","0","0","0","0","0","0","0","0","0","0","0","0","0","0","0","0","0","0","0","0","0","0","0","0","0","0","0"
"00004324","화순서라아파트","00000072","지원152(능주역)","20221003","0","0","0","0","0","0","0","0","0","0","0","0","0","0","0","0","0","0","0","0","0","0","0","0","0","0","0","0","0","0","0","0","0","0","0","0","0","0","0","0","0","0","0","0","0","0","0","0"
"00004324","화순서라아파트","00000123","지원152(도웅리)","20221003","0","0","0","0","0","0","0","0","0","0","0","0","0","0","0","0","0","0","0","0","0","0","0","0","0","0","0","0","0","0","0","0","0","0","0","0","0","0","0","0","0","0","0","0","0","0","0","0"
"00004325","잠정햇살마을","00000072","지원152(능주역)","20221003","0","0","0","0","0","0","0","0","0","0","0","0","0","0","0","0","0","0","0","0","0","0","0","0","0","0","0","0","0","0","0","0","0","0","0","0","0","0","0","0","0","0","0","0","0","0","0","0"
"00004327","화순서라아파트","00000072","지원152(능주역)","20221003","0","2","0","2","0","2","0","2","0","0","0","0","0","0","0","0","0","0","0","0","0","0","0","0","0","0","0","0","0","0","0","0","0","0","0","0","0","0","0","0","0","0","0","0","0","0","0","0"
"00004327","화순서라아파트","00000123","지원152(도웅리)","20221003","0","0","0","0","0","0","0","0","0","0","0","0","0","0","0","0","0","0","0","0","0","0","0","0","0","0","0","0","0","0","0","0","0","0","0","0","0","0","0","0","0","0","0","0","0","0","0","0"
"00004328","동산마을","00000066","송정96","20221003","0","1","0","1","0","1","0","1","0","0","0","0","0","0","0","0","0","0","0","0","0","0","0","0","0","0","0","0","0","0","0","0","0","0","0","0","0","0","0","0","0","0","0","0","0","0","0","0"
"00004341","광림초교입구","00000120","양산60","20221003","3","2","1","2","3","2","1","2","0","0","0","0","0","0","0","0","2","0","0","0","2","0","0","0","0","0","0","0","0","0","0","0","0","0","0","0","0","0","0","0","0","0","0","0","0","0","0","0"
"00004344","양산GS그린자이아파트","00000120","양산60","20221003","6","1","4","1","6","1","4","1","0","0","0","0","0","0","0","0","0","0","0","0","0","0","0","0","0","0","0","0","0","0","0","0","0","0","0","0","0","0","0","0","0","0","0","0","0","0","0","0"
"00004345","양산GS그린자이아파트","00000120","양산60","20221003","0","1","0","1","0","1","0","1","0","0","0","0","0","0","0","0","0","2","1","2","0","2","1","2","0","0","0","0","0","0","0","0","0","0","0","0","0","0","0","0","0","0","0","0","0","0","0","0"
"00004348","월곡","00000066","송정96","20221003","1","0","3","0","1","0","3","0","0","0","0","0","0","0","0","0","0","0","0","0","0","0","0","0","0","0","0","0","0","0","0","0","0","0","0","0","0","0","0","0","0","0","0","0","0","0","0","0"
"00004349","월곡","00000066","송정96","20221003","0","0","0","0","0","0","0","0","0","0","0","0","0","0","0","0","0","1","0","1","0","1","0","1","0","0","0","0","0","0","0","0","0","0","0","0","0","0","0","0","0","0","0","0","0","0","0","0"
"00004357","임암입구","00000208","마을715(대촌)","20221003","0","3","0","3","0","3","0","3","0","0","0","0","0","0","0","0","0","0","0","0","0","0","0","0","0","0","0","0","0","0","0","0","0","0","0","0","0","0","0","0","0","0","0","0","0","0","0","0"
"00004360","이동입구(서)","00000208","마을715(대촌)","20221003","1","0","0","0","1","0","0","0","0","0","0","0","0","0","0","0","0","1","0","1","0","1","0","1","0","0","0","0","0","0","0","0","0","0","0","0","0","0","0","0","0","0","0","0","0","0","0","0"
"00004361","태양식물원","00000208","마을715(대촌)","20221003","0","0","0","0","0","0","0","0","0","0","0","0","0","0","0","0","0","0","0","0","0","0","0","0","0","0","0","0","0","0","0","0","0","0","0","0","0","0","0","0","0","0","0","0","0","0","0","0"
"00004362","태양식물원","00000208","마을715(대촌)","20221003","0","0","2","0","0","0","0","0","0","0","0","0","0","0","2","0","0","1","0","1","0","1","0","1","0","0","0","0","0","0","0","0","0","0","0","0","0","0","0","0","0","0","0","0","0","0","0","0"
"00004366","고려중","00000211","마을777(우치공원)","20221003","0","2","0","2","0","1","0","1","0","0","0","0","0","1","0","1","0","0","0","0","0","0","0","0","0","0","0","0","0","0","0","0","0","0","0","0","0","0","0","0","0","0","0","0","0","0","0","0"
"00004367","고려중","00000211","마을777(우치공원)","20221003","2","0","2","0","1","0","0","0","1","0","0","0","0","0","2","0","1","0","0","0","1","0","0","0","0","0","0","0","0","0","0","0","0","0","0","0","0","0","0","0","0","0","0","0","0","0","0","0"
"00004368","용봉동 도나우타운","00000211","마을777(우치공원)","20221003","1","0","0","0","1","0","0","0","0","0","0","0","0","0","0","0","0","0","0","0","0","0","0","0","0","0","0","0","0","0","0","0","0","0","0","0","0","0","0","0","0","0","0","0","0","0","0","0"
"00004369","용봉동 도나우타운","00000211","마을777(우치공원)","20221003","0","0","0","0","0","0","0","0","0","0","0","0","0","0","0","0","1","1","0","1","1","1","0","1","0","0","0","0","0","0","0","0","0","0","0","0","0","0","0","0","0","0","0","0","0","0","0","0"
"00004382","문흥지구입구(남)","00000003","매월06","20221003","0","0","0","0","0","0","0","0","0","0","0","0","0","0","0","0","0","0","1","0","0","0","1","0","0","0","0","0","0","0","0","0","0","0","0","0","0","0","0","0","0","0","0","0","0","0","0","0"
"00004382","문흥지구입구(남)","00000024","송암47","20221003","0","0","0","0","0","0","0","0","0","0","0","0","0","0","0","0","0","0","1","0","0","0","1","0","0","0","0","0","0","0","0","0","0","0","0","0","0","0","0","0","0","0","0","0","0","0","0","0"
"00004382","문흥지구입구(남)","00000058","석곡87","20221003","0","0","0","0","0","0","0","0","0","0","0","0","0","0","0","0","0","0","0","0","0","0","0","0","0","0","0","0","0","0","0","0","0","0","0","0","0","0","0","0","0","0","0","0","0","0","0","0"
"00004382","문흥지구입구(남)","00000076","두암181","20221003","1","0","0","0","1","0","0","0","0","0","0","0","0","0","0","0","0","0","0","0","0","0","0","0","0","0","0","0","0","0","0","0","0","0","0","0","0","0","0","0","0","0","0","0","0","0","0","0"
"00004382","문흥지구입구(남)","00000078","충효187","20221003","0","0","0","0","0","0","0","0","0","0","0","0","0","0","0","0","0","0","0","0","0","0","0","0","0","0","0","0","0","0","0","0","0","0","0","0","0","0","0","0","0","0","0","0","0","0","0","0"
"00004382","문흥지구입구(남)","00000086","518","20221003","0","0","0","0","0","0","0","0","0","0","0","0","0","0","0","0","0","0","0","0","0","0","0","0","0","0","0","0","0","0","0","0","0","1","0","1","0","1","0","1","0","0","0","0","0","0","0","0"
"00004387","힐스테이트 각화","00000129","두암81(장등동)","20221003","0","0","0","0","0","0","0","0","0","0","0","0","0","0","0","0","0","1","0","1","0","1","0","1","0","0","0","0","0","0","0","0","0","0","0","0","0","0","0","0","0","0","0","0","0","0","0","0"
"00004388","힐스테이트 각화","00000052","두암81(각화초교)","20221003","1","0","0","0","1","0","0","0","0","0","0","0","0","0","0","0","0","0","0","0","0","0","0","0","0","0","0","0","0","0","0","0","0","0","0","0","0","0","0","0","0","0","0","0","0","0","0","0"
"00004388","힐스테이트 각화","00000057","용전86","20221003","3","0","0","0","2","0","0","0","0","0","0","0","1","0","0","0","0","0","0","0","0","0","0","0","0","0","0","0","0","0","0","0","0","0","0","0","0","0","0","0","0","0","0","0","0","0","0","0"
"00004388","힐스테이트 각화","00000106","두암81(무등파크)","20221003","0","0","0","0","0","0","0","0","0","0","0","0","0","0","0","0","0","0","0","0","0","0","0","0","0","0","0","0","0","0","0","0","0","0","0","0","0","0","0","0","0","0","0","0","0","0","0","0"
"00004388","힐스테이트 각화","00000117","첨단23","20221003","3","2","6","2","3","1","4","1","0","0","0","0","0","1","2","1","0","0","0","0","0","0","0","0","0","0","0","0","0","0","0","0","0","0","0","0","0","0","0","0","0","0","0","0","0","0","0","0"
"00004388","힐스테이트 각화","00000129","두암81(장등동)","20221003","1","0","0","0","1","0","0","0","0","0","0","0","0","0","0","0","0","0","0","0","0","0","0","0","0","0","0","0","0","0","0","0","0","0","0","0","0","0","0","0","0","0","0","0","0","0","0","0"
"00004389","운암산코오롱하늘채아파트","00000017","첨단30","20221003","0","0","5","0","0","0","5","0","0","0","0","0","0","0","0","0","0","0","0","0","0","0","0","0","0","0","0","0","0","0","0","0","0","0","0","0","0","0","0","0","0","0","0","0","0","0","0","0"
"00004389","운암산코오롱하늘채아파트","00000071","228(구151화순사평)","20221003","2","0","0","0","2","0","0","0","0","0","0","0","0","0","0","0","0","0","0","0","0","0","0","0","0","0","0","0","0","0","0","0","0","0","0","0","0","0","0","0","0","0","0","0","0","0","0","0"
"00004389","운암산코오롱하늘채아파트","00000122","228(화순전대병원)","20221003","8","9","4","9","8","8","4","8","0","0","0","0","0","1","0","1","0","0","0","0","0","0","0","0","0","0","0","0","0","0","0","0","0","0","0","0","0","0","0","0","0","0","0","0","0","0","0","0"
"00004389","운암산코오롱하늘채아파트","00000214","마을799","20221003","0","0","2","0","0","0","2","0","0","0","0","0","0","0","0","0","0","0","0","0","0","0","0","0","0","0","0","0","0","0","0","0","0","0","0","0","0","0","0","0","0","0","0","0","0","0","0","0"
"00004390","운암산코오롱하늘채아파트","00000017","첨단30","20221003","0","0","0","0","0","0","0","0","0","0","0","0","0","0","0","0","0","0","0","0","0","0","0","0","0","0","0","0","0","0","0","0","0","0","0","0","0","0","0","0","0","0","0","0","0","0","0","0"
"00004390","운암산코오롱하늘채아파트","00000122","228(화순전대병원)","20221003","0","0","0","0","0","0","0","0","0","0","0","0","0","0","0","0","0","0","0","0","0","0","0","0","0","0","0","0","0","0","0","0","0","0","0","0","0","0","0","0","0","0","0","0","0","0","0","0"
"00004390","운암산코오롱하늘채아파트","00000214","마을799","20221003","1","0","2","0","1","0","2","0","0","0","0","0","0","0","0","0","0","0","0","0","0","0","0","0","0","0","0","0","0","0","0","0","0","0","0","0","0","0","0","0","0","0","0","0","0","0","0","0"
"00004391","용봉현대1차","00000211","마을777(우치공원)","20221003","3","2","3","2","3","2","0","2","0","0","0","0","0","0","3","0","1","1","1","1","1","1","1","1","0","0","0","0","0","0","0","0","0","0","0","0","0","0","0","0","0","0","0","0","0","0","0","0"
"00004392","용봉현대1차","00000211","마을777(우치공원)","20221003","1","2","4","2","1","1","1","1","0","0","1","0","0","1","2","1","0","0","2","0","0","0","2","0","0","0","0","0","0","0","0","0","0","0","0","0","0","0","0","0","0","0","0","0","0","0","0","0"
"00004394","살레시오고입구","00000211","마을777(우치공원)","20221003","0","0","2","0","0","0","2","0","0","0","0","0","0","0","0","0","0","0","0","0","0","0","0","0","0","0","0","0","0","0","0","0","0","0","0","0","0","0","0","0","0","0","0","0","0","0","0","0"
"00004396","살레시오고교","00000214","마을799","20221003","0","0","0","0","0","0","0","0","0","0","0","0","0","0","0","0","0","0","0","0","0","0","0","0","0","0","0","0","0","0","0","0","0","0","0","0","0","0","0","0","0","0","0","0","0","0","0","0"
"00004397","전남대용봉탑","00000211","마을777(우치공원)","20221003","7","13","21","13","7","13","19","13","0","0","0","0","0","0","2","0","1","5","10","5","1","5","10","5","0","0","0","0","0","0","0","0","0","0","2","0","0","0","2","0","0","0","0","0","0","0","0","0"
"00004398","동천6단지","00000211","마을777(우치공원)","20221003","1","0","4","0","1","0","3","0","0","0","0","0","0","0","1","0","0","0","0","0","0","0","0","0","0","0","0","0","0","0","0","0","0","0","1","0","0","0","1","0","0","0","0","0","0","0","0","0"
"00004399","동천6단지","00000211","마을777(우치공원)","20221003","5","1","7","1","5","1","4","1","0","0","0","0","0","0","3","0","0","0","3","0","0","0","1","0","0","0","0","0","0","0","2","0","0","0","0","0","0","0","0","0","0","0","0","0","0","0","0","0"
"00004400","경암근린공원","00000011","첨단20","20221003","0","1","2","1","0","1","2","1","0","0","0","0","0","0","0","0","0","0","0","0","0","0","0","0","0","0","0","0","0","0","0","0","0","0","0","0","0","0","0","0","0","0","0","0","0","0","0","0"
"00004400","경암근린공원","00000059","임곡89","20221003","0","0","0","0","0","0","0","0","0","0","0","0","0","0","0","0","0","0","0","0","0","0","0","0","0","0","0","0","0","0","0","0","0","0","0","0","0","0","0","0","0","0","0","0","0","0","0","0"
"00004400","경암근린공원","00000102","수완12","20221003","0","0","0","0","0","0","0","0","0","0","0","0","0","0","0","0","0","0","0","0","0","0","0","0","0","0","0","0","0","0","0","0","0","0","0","0","0","0","0","0","0","0","0","0","0","0","0","0"
"00004400","경암근린공원","00000125","선운101","20221003","0","0","0","0","0","0","0","0","0","0","0","0","0","0","0","0","0","0","0","0","0","0","0","0","0","0","0","0","0","0","0","0","0","0","0","0","0","0","0","0","0","0","0","0","0","0","0","0"
"00004401","경암근린공원","00000011","첨단20","20221003","1","3","2","3","1","3","2","3","0","0","0","0","0","0","0","0","2","0","0","0","2","0","0","0","0","0","0","0","0","0","0","0","0","0","0","0","0","0","0","0","0","0","0","0","0","0","0","0"
"00004401","경암근린공원","00000059","임곡89","20221003","0","0","0","0","0","0","0","0","0","0","0","0","0","0","0","0","0","1","0","1","0","1","0","1","0","0","0","0","0","0","0","0","0","0","0","0","0","0","0","0","0","0","0","0","0","0","0","0"
"00004401","경암근린공원","00000064","첨단94","20221003","1","0","0","0","1","0","0","0","0","0","0","0","0","0","0","0","0","0","0","0","0","0","0","0","0","0","0","0","0","0","0","0","0","0","0","0","0","0","0","0","0","0","0","0","0","0","0","0"
"00004401","경암근린공원","00000102","수완12","20221003","1","0","3","0","1","0","3","0","0","0","0","0","0","0","0","0","0","0","0","0","0","0","0","0","0","0","0","0","0","0","0","0","0","0","1","0","0","0","1","0","0","0","0","0","0","0","0","0"
"00004401","경암근린공원","00000125","선운101","20221003","0","0","4","0","0","0","4","0","0","0","0","0","0","0","0","0","0","0","0","0","0","0","0","0","0","0","0","0","0","0","0","0","0","0","0","0","0","0","0","0","0","0","0","0","0","0","0","0"
"00004402","하남초교(북)","00000011","첨단20","20221003","3","1","1","1","3","1","1","1","0","0","0","0","0","0","0","0","0","3","0","3","0","3","0","3","0","0","0","0","0","0","0","0","0","0","1","0","0","0","1","0","0","0","0","0","0","0","0","0"
"00004402","하남초교(북)","00000111","송암68","20221003","0","0","0","0","0","0","0","0","0","0","0","0","0","0","0","0","0","1","2","1","0","1","2","1","0","0","0","0","0","0","0","0","0","0","0","0","0","0","0","0","0","0","0","0","0","0","0","0"
"00004403","하남초교(북)","00000011","첨단20","20221003","0","0","0","0","0","0","0","0","0","0","0","0","0","0","0","0","0","0","1","0","0","0","1","0","0","0","0","0","0","0","0","0","0","0","0","0","0","0","0","0","0","0","0","0","0","0","0","0"
"00004406","입하마을","00000047","봉선76","20221003","0","0","0","0","0","0","0","0","0","0","0","0","0","0","0","0","0","0","0","0","0","0","0","0","0","0","0","0","0","0","0","0","0","0","0","0","0","0","0","0","0","0","0","0","0","0","0","0"
"00004406","입하마을","00000114","수완03","20221003","0","0","0","0","0","0","0","0","0","0","0","0","0","0","0","0","2","3","3","3","0","3","3","3","0","0","0","0","2","0","0","0","0","0","0","0","0","0","0","0","0","0","0","0","0","0","0","0"
"00004407","입하마을","00000047","봉선76","20221003","0","0","0","0","0","0","0","0","0","0","0","0","0","0","0","0","0","0","0","0","0","0","0","0","0","0","0","0","0","0","0","0","0","0","0","0","0","0","0","0","0","0","0","0","0","0","0","0"
"00004407","입하마을","00000114","수완03","20221003","5","11","7","11","5","10","7","10","0","0","0","0","0","1","0","1","0","0","0","0","0","0","0","0","0","0","0","0","0","0","0","0","0","0","0","0","0","0","0","0","0","0","0","0","0","0","0","0"
"00004408","광주김치타운입구","00000114","수완03","20221003","6","5","4","5","4","5","2","5","0","0","2","0","2","0","0","0","1","2","2","2","1","2","2","2","0","0","0","0","0","0","0","0","0","0","0","0","0","0","0","0","0","0","0","0","0","0","0","0"
"00004408","광주김치타운입구","00000208","마을715(대촌)","20221003","0","0","0","0","0","0","0","0","0","0","0","0","0","0","0","0","0","0","0","0","0","0","0","0","0","0","0","0","0","0","0","0","0","0","0","0","0","0","0","0","0","0","0","0","0","0","0","0"
"00004409","광주김치타운입구","00000114","수완03","20221003","11","10","2","10","10","8","1","8","0","0","0","0","1","2","1","2","0","0","0","0","0","0","0","0","0","0","0","0","0","0","0","0","0","0","0","0","0","0","0","0","0","0","0","0","0","0","0","0"
"00004409","광주김치타운입구","00000208","마을715(대촌)","20221003","0","1","0","1","0","1","0","1","0","0","0","0","0","0","0","0","0","0","0","0","0","0","0","0","0","0","0","0","0","0","0","0","0","0","0","0","0","0","0","0","0","0","0","0","0","0","0","0"
"00004410","광주효천시티프라디움","00000047","봉선76","20221003","0","0","1","0","0","0","1","0","0","0","0","0","0","0","0","0","0","0","0","0","0","0","0","0","0","0","0","0","0","0","0","0","0","0","0","0","0","0","0","0","0","0","0","0","0","0","0","0"
"00004410","광주효천시티프라디움","00000208","마을715(대촌)","20221003","0","0","2","0","0","0","0","0","0","0","0","0","0","0","2","0","0","0","0","0","0","0","0","0","0","0","0","0","0","0","0","0","0","0","1","0","0","0","1","0","0","0","0","0","0","0","0","0"
"00004411","광주효천시티프라디움","00000047","봉선76","20221003","5","4","3","4","5","2","2","2","0","0","1","0","0","2","0","2","0","0","0","0","0","0","0","0","0","0","0","0","0","0","0","0","0","0","0","0","0","0","0","0","0","0","0","0","0","0","0","0"
"00004411","광주효천시티프라디움","00000208","마을715(대촌)","20221003","6","3","5","3","5","3","4","3","1","0","0","0","0","0","1","0","0","0","0","0","0","0","0","0","0","0","0","0","0","0","0","0","0","0","0","0","0","0","0","0","0","0","0","0","0","0","0","0"
"00004412","신효천마을","00000050","진월79","20221003","0","1","0","1","0","1","0","1","0","0","0","0","0","0","0","0","0","0","0","0","0","0","0","0","0","0","0","0","0","0","0","0","0","0","0","0","0","0","0","0","0","0","0","0","0","0","0","0"
"00004412","신효천마을","00000100","진월75","20221003","0","0","0","0","0","0","0","0","0","0","0","0","0","0","0","0","0","0","0","0","0","0","0","0","0","0","0","0","0","0","0","0","0","1","0","1","0","1","0","1","0","0","0","0","0","0","0","0"
"00004412","신효천마을","00000111","송암68","20221003","1","0","0","0","1","0","0","0","0","0","0","0","0","0","0","0","0","0","0","0","0","0","0","0","0","0","0","0","0","0","0","0","0","0","0","0","0","0","0","0","0","0","0","0","0","0","0","0"
"00004413","용산초교","00000019","봉선37","20221003","0","0","0","0","0","0","0","0","0","0","0","0","0","0","0","0","0","3","6","3","0","2","4","2","0","0","0","0","0","1","2","1","0","0","0","0","0","0","0","0","0","0","0","0","0","0","0","0"
"00004413","용산초교","00000119","지원56","20221003","0","0","0","0","0","0","0","0","0","0","0","0","0","0","0","0","1","3","2","3","1","3","0","3","0","0","0","0","0","0","2","0","0","0","0","0","0","0","0","0","0","0","0","0","0","0","0","0"
"00004414","용산초교","00000019","봉선37","20221003","1","1","2","1","1","0","2","0","0","0","0","0","0","1","0","1","0","0","0","0","0","0","0","0","0","0","0","0","0","0","0","0","0","0","2","0","0","0","2","0","0","0","0","0","0","0","0","0"
"00004414","용산초교","00000119","지원56","20221003","0","1","2","1","0","1","2","1","0","0","0","0","0","0","0","0","0","0","1","0","0","0","1","0","0","0","0","0","0","0","0","0","0","1","0","1","0","1","0","1","0","0","0","0","0","0","0","0"
"00004415","용산지구모아엘가에듀파크","00000014","봉선27","20221003","0","0","0","0","0","0","0","0","0","0","0","0","0","0","0","0","0","0","1","0","0","0","1","0","0","0","0","0","0","0","0","0","0","0","0","0","0","0","0","0","0","0","0","0","0","0","0","0"
"00004415","용산지구모아엘가에듀파크","00000019","봉선37","20221003","0","0","7","0","0","0","5","0","0","0","0","0","0","0","2","0","1","0","0","0","1","0","0","0","0","0","0","0","0","0","0","0","0","0","0","0","0","0","0","0","0","0","0","0","0","0","0","0"
"00004415","용산지구모아엘가에듀파크","00000119","지원56","20221003","0","2","0","2","0","2","0","2","0","0","0","0","0","0","0","0","0","0","0","0","0","0","0","0","0","0","0","0","0","0","0","0","0","0","0","0","0","0","0","0","0","0","0","0","0","0","0","0"
"00004416","용산지구모아엘가에듀파크","00000014","봉선27","20221003","2","5","0","5","2","5","0","5","0","0","0","0","0","0","0","0","0","0","0","0","0","0","0","0","0","0","0","0","0","0","0","0","0","0","0","0","0","0","0","0","0","0","0","0","0","0","0","0"
"00004416","용산지구모아엘가에듀파크","00000019","봉선37","20221003","5","9","5","9","5","5","3","5","0","2","0","2","0","2","2","2","0","0","2","0","0","0","2","0","0","0","0","0","0","0","0","0","0","0","0","0","0","0","0","0","0","0","0","0","0","0","0","0"
"00004416","용산지구모아엘가에듀파크","00000068","송정98","20221003","1","6","4","6","1","6","3","6","0","0","0","0","0","0","1","0","0","0","0","0","0","0","0","0","0","0","0","0","0","0","0","0","0","0","0","0","0","0","0","0","0","0","0","0","0","0","0","0"
"00004416","용산지구모아엘가에듀파크","00000119","지원56","20221003","0","0","1","0","0","0","0","0","0","0","0","0","0","0","1","0","1","0","0","0","1","0","0","0","0","0","0","0","0","0","0","0","0","0","0","0","0","0","0","0","0","0","0","0","0","0","0","0"
"00004417","용산지구대성베르힐","00000014","봉선27","20221003","0","0","0","0","0","0","0","0","0","0","0","0","0","0","0","0","1","0","1","0","1","0","1","0","0","0","0","0","0","0","0","0","0","0","0","0","0","0","0","0","0","0","0","0","0","0","0","0"
"00004417","용산지구대성베르힐","00000019","봉선37","20221003","4","2","2","2","4","2","1","2","0","0","0","0","0","0","1","0","1","0","2","0","1","0","2","0","0","0","0","0","0","0","0","0","0","0","0","0","0","0","0","0","0","0","0","0","0","0","0","0"
"00004417","용산지구대성베르힐","00000068","송정98","20221003","0","0","0","0","0","0","0","0","0","0","0","0","0","0","0","0","0","1","5","1","0","1","4","1","0","0","0","0","0","0","1","0","0","0","0","0","0","0","0","0","0","0","0","0","0","0","0","0"
"00004417","용산지구대성베르힐","00000119","지원56","20221003","1","3","0","3","1","2","0","2","0","0","0","0","0","1","0","1","0","0","1","0","0","0","0","0","0","0","1","0","0","0","0","0","0","0","0","0","0","0","0","0","0","0","0","0","0","0","0","0"
"00004418","용산지구대성베르힐","00000014","봉선27","20221003","1","13","5","13","1","11","2","11","0","0","0","0","0","2","3","2","0","0","0","0","0","0","0","0","0","0","0","0","0","0","0","0","0","1","0","1","0","1","0","1","0","0","0","0","0","0","0","0"
"00004418","용산지구대성베르힐","00000019","봉선37","20221003","16","15","11","15","15","13","9","13","0","1","0","1","1","1","2","1","0","1","2","1","0","1","2","1","0","0","0","0","0","0","0","0","0","0","0","0","0","0","0","0","0","0","0","0","0","0","0","0"
"00004418","용산지구대성베르힐","00000068","송정98","20221003","7","11","10","11","7","7","9","7","0","3","0","3","0","1","1","1","0","0","0","0","0","0","0","0","0","0","0","0","0","0","0","0","0","1","0","1","0","1","0","1","0","0","0","0","0","0","0","0"
"00004418","용산지구대성베르힐","00000119","지원56","20221003","4","7","2","7","4","5","1","5","0","0","0","0","0","2","1","2","0","2","2","2","0","1","1","1","0","0","1","0","0","1","0","1","0","0","0","0","0","0","0","0","0","0","0","0","0","0","0","0"
"00004419","지원2동행정복지센터","00000019","봉선37","20221003","4","6","8","6","3","4","7","4","0","0","0","0","1","2","1","2","0","0","0","0","0","0","0","0","0","0","0","0","0","0","0","0","3","3","4","3","2","2","4","2","0","0","0","0","1","1","0","1"
"00004419","지원2동행정복지센터","00000119","지원56","20221003","3","9","3","9","2","4","2","4","0","0","1","0","1","5","0","5","0","0","0","0","0","0","0","0","0","0","0","0","0","0","0","0","0","3","3","3","0","2","2","2","0","0","0","0","0","1","1","1"
"00004420","지원2동행정복지센터","00000019","봉선37","20221003","2","0","0","0","2","0","0","0","0","0","0","0","0","0","0","0","2","1","4","1","2","1","3","1","0","0","0","0","0","0","1","0","0","0","0","0","0","0","0","0","0","0","0","0","0","0","0","0"
"00004420","지원2동행정복지센터","00000119","지원56","20221003","0","0","0","0","0","0","0","0","0","0","0","0","0","0","0","0","1","2","1","2","1","1","0","1","0","0","0","0","0","1","1","1","0","0","0","0","0","0","0","0","0","0","0","0","0","0","0","0"
"00004424","로제비앙아파트","00000208","마을715(대촌)","20221003","0","0","0","0","0","0","0","0","0","0","0","0","0","0","0","0","0","0","0","0","0","0","0","0","0","0","0","0","0","0","0","0","0","0","0","0","0","0","0","0","0","0","0","0","0","0","0","0"
"00004425","로제비앙아파트","00000208","마을715(대촌)","20221003","1","0","0","0","1","0","0","0","0","0","0","0","0","0","0","0","0","0","0","0","0","0","0","0","0","0","0","0","0","0","0","0","0","0","0","0","0","0","0","0","0","0","0","0","0","0","0","0"
"00004426","두산위브아파트","00000208","마을715(대촌)","20221003","0","3","0","3","0","3","0","3","0","0","0","0","0","0","0","0","0","0","0","0","0","0","0","0","0","0","0","0","0","0","0","0","0","0","0","0","0","0","0","0","0","0","0","0","0","0","0","0"
"00004427","두산위브아파트","00000208","마을715(대촌)","20221003","0","0","0","0","0","0","0","0","0","0","0","0","0","0","0","0","0","0","1","0","0","0","1","0","0","0","0","0","0","0","0","0","0","0","0","0","0","0","0","0","0","0","0","0","0","0","0","0"
"00004431","임동주공아파트","00000055","용전84","20221003","1","0","0","0","1","0","0","0","0","0","0","0","0","0","0","0","0","0","0","0","0","0","0","0","0","0","0","0","0","0","0","0","0","0","0","0","0","0","0","0","0","0","0","0","0","0","0","0"
"00004432","연제외촌","00000056","용전85","20221003","1","0","1","0","1","0","0","0","0","0","0","0","0","0","1","0","0","0","1","0","0","0","1","0","0","0","0","0","0","0","0","0","0","0","0","0","0","0","0","0","0","0","0","0","0","0","0","0"
"00004433","연제외촌","00000056","용전85","20221003","0","0","1","0","0","0","1","0","0","0","0","0","0","0","0","0","0","0","0","0","0","0","0","0","0","0","0","0","0","0","0","0","0","0","0","0","0","0","0","0","0","0","0","0","0","0","0","0"
"00004434","힐스테이트연제아파트","00000056","용전85","20221003","1","4","0","4","1","3","0","3","0","0","0","0","0","1","0","1","0","0","0","0","0","0","0","0","0","0","0","0","0","0","0","0","0","0","0","0","0","0","0","0","0","0","0","0","0","0","0","0"
"00004434","힐스테이트연제아파트","00000108","송정33","20221003","5","7","4","7","4","5","3","5","0","1","0","1","1","1","1","1","0","0","0","0","0","0","0","0","0","0","0","0","0","0","0","0","0","0","0","0","0","0","0","0","0","0","0","0","0","0","0","0"
"00004434","힐스테이트연제아파트","00000214","마을799","20221003","0","1","2","1","0","1","1","1","0","0","0","0","0","0","1","0","0","0","0","0","0","0","0","0","0","0","0","0","0","0","0","0","0","0","0","0","0","0","0","0","0","0","0","0","0","0","0","0"
"00004435","힐스테이트연제아파트","00000056","용전85","20221003","5","12","4","12","2","10","4","10","0","0","0","0","3","2","0","2","0","0","0","0","0","0","0","0","0","0","0","0","0","0","0","0","0","0","0","0","0","0","0","0","0","0","0","0","0","0","0","0"
"00004435","힐스테이트연제아파트","00000108","송정33","20221003","0","2","1","2","0","0","1","0","0","0","0","0","0","2","0","2","0","0","0","0","0","0","0","0","0","0","0","0","0","0","0","0","0","0","0","0","0","0","0","0","0","0","0","0","0","0","0","0"
"00004435","힐스테이트연제아파트","00000214","마을799","20221003","0","1","0","1","0","1","0","1","0","0","0","0","0","0","0","0","0","0","0","0","0","0","0","0","0","0","0","0","0","0","0","0","0","0","0","0","0","0","0","0","0","0","0","0","0","0","0","0"
"00004437","광주고","00000208","마을715(대촌)","20221003","2","0","1","0","2","0","1","0","0","0","0","0","0","0","0","0","0","0","0","0","0","0","0","0","0","0","0","0","0","0","0","0","0","0","0","0","0","0","0","0","0","0","0","0","0","0","0","0"
"00004438","광주고","00000208","마을715(대촌)","20221003","0","0","0","0","0","0","0","0","0","0","0","0","0","0","0","0","0","1","0","1","0","1","0","1","0","0","0","0","0","0","0","0","0","0","0","0","0","0","0","0","0","0","0","0","0","0","0","0"
"00004439","중흥에코파크","00000208","마을715(대촌)","20221003","3","0","3","0","3","0","3","0","0","0","0","0","0","0","0","0","0","0","0","0","0","0","0","0","0","0","0","0","0","0","0","0","0","0","0","0","0","0","0","0","0","0","0","0","0","0","0","0"
"00004440","중흥에코파크","00000208","마을715(대촌)","20221003","0","0","0","0","0","0","0","0","0","0","0","0","0","0","0","0","0","0","0","0","0","0","0","0","0","0","0","0","0","0","0","0","0","0","0","0","0","0","0","0","0","0","0","0","0","0","0","0"
"00004441","광주축산농협산수동","00000208","마을715(대촌)","20221003","0","0","0","0","0","0","0","0","0","0","0","0","0","0","0","0","0","2","0","2","0","2","0","2","0","0","0","0","0","0","0","0","0","0","0","0","0","0","0","0","0","0","0","0","0","0","0","0"
"00004447","광주경제자유구역청","00000065","첨단95","20221003","0","1","0","1","0","1","0","1","0","0","0","0","0","0","0","0","0","0","0","0","0","0","0","0","0","0","0","0","0","0","0","0","0","0","0","0","0","0","0","0","0","0","0","0","0","0","0","0"
"00004448","광주경제자유구역청","00000065","첨단95","20221003","0","0","0","0","0","0","0","0","0","0","0","0","0","0","0","0","0","2","0","2","0","2","0","2","0","0","0","0","0","0","0","0","0","0","0","0","0","0","0","0","0","0","0","0","0","0","0","0"
"00004449","효천1LH1단지아파트","00000208","마을715(대촌)","20221003","0","0","0","0","0","0","0","0","0","0","0","0","0","0","0","0","0","0","0","0","0","0","0","0","0","0","0","0","0","0","0","0","0","0","0","0","0","0","0","0","0","0","0","0","0","0","0","0"
"00004450","효천1LH1단지아파트","00000208","마을715(대촌)","20221003","0","3","0","3","0","3","0","3","0","0","0","0","0","0","0","0","0","0","0","0","0","0","0","0","0","0","0","0","0","0","0","0","0","0","0","0","0","0","0","0","0","0","0","0","0","0","0","0"
"00004451","도촌제","00000090","문흥39","20221003","0","0","1","0","0","0","1","0","0","0","0","0","0","0","0","0","0","0","0","0","0","0","0","0","0","0","0","0","0","0","0","0","0","0","0","0","0","0","0","0","0","0","0","0","0","0","0","0"
"00004451","도촌제","00000095","금호46","20221003","0","0","0","0","0","0","0","0","0","0","0","0","0","0","0","0","0","0","1","0","0","0","1","0","0","0","0","0","0","0","0","0","0","0","0","0","0","0","0","0","0","0","0","0","0","0","0","0"
"00004451","도촌제","00000096","일곡10","20221003","0","0","1","0","0","0","1","0","0","0","0","0","0","0","0","0","0","0","0","0","0","0","0","0","0","0","0","0","0","0","0","0","0","0","0","0","0","0","0","0","0","0","0","0","0","0","0","0"
"00004451","도촌제","00000108","송정33","20221003","0","0","0","0","0","0","0","0","0","0","0","0","0","0","0","0","0","1","0","1","0","1","0","1","0","0","0","0","0","0","0","0","0","0","0","0","0","0","0","0","0","0","0","0","0","0","0","0"
"00004452","도촌제","00000090","문흥39","20221003","0","0","0","0","0","0","0","0","0","0","0","0","0","0","0","0","0","0","0","0","0","0","0","0","0","0","0","0","0","0","0","0","0","0","0","0","0","0","0","0","0","0","0","0","0","0","0","0"
"00004452","도촌제","00000095","금호46","20221003","0","0","0","0","0","0","0","0","0","0","0","0","0","0","0","0","0","0","0","0","0","0","0","0","0","0","0","0","0","0","0","0","0","0","0","0","0","0","0","0","0","0","0","0","0","0","0","0"
"00004452","도촌제","00000096","일곡10","20221003","0","0","0","0","0","0","0","0","0","0","0","0","0","0","0","0","1","1","0","1","1","1","0","1","0","0","0","0","0","0","0","0","0","0","0","0","0","0","0","0","0","0","0","0","0","0","0","0"
"00004453","남부대시립국제수영장","00000213","마을788","20221003","0","0","1","0","0","0","1","0","0","0","0","0","0","0","0","0","0","0","0","0","0","0","0","0","0","0","0","0","0","0","0","0","0","0","0","0","0","0","0","0","0","0","0","0","0","0","0","0"
"00004456","두암중","00000213","마을788","20221003","2","0","0","0","2","0","0","0","0","0","0","0","0","0","0","0","0","0","0","0","0","0","0","0","0","0","0","0","0","0","0","0","0","0","0","0","0","0","0","0","0","0","0","0","0","0","0","0"
"00004457","시화문화마을문화관","00000213","마을788","20221003","1","0","0","0","1","0","0","0","0","0","0","0","0","0","0","0","0","0","0","0","0","0","0","0","0","0","0","0","0","0","0","0","0","0","0","0","0","0","0","0","0","0","0","0","0","0","0","0"
"00004458","시화문화마을문화관","00000213","마을788","20221003","14","23","28","23","13","23","23","23","0","0","1","0","1","0","4","0","5","6","7","6","5","6","7","6","0","0","0","0","0","0","0","0","6","3","10","3","6","3","10","3","0","0","0","0","0","0","0","0"
"00004459","효천물빛노닐터","00000208","마을715(대촌)","20221003","0","0","0","0","0","0","0","0","0","0","0","0","0","0","0","0","0","0","0","0","0","0","0","0","0","0","0","0","0","0","0","0","0","0","0","0","0","0","0","0","0","0","0","0","0","0","0","0"
"00004461","광명아파트","00000214","마을799","20221003","0","1","0","1","0","0","0","0","0","0","0","0","0","1","0","1","0","0","0","0","0","0","0","0","0","0","0","0","0","0","0","0","0","0","0","0","0","0","0","0","0","0","0","0","0","0","0","0"
"00004462","광명아파트","00000214","마을799","20221003","0","1","0","1","0","1","0","1","0","0","0","0","0","0","0","0","0","0","1","0","0","0","1","0","0","0","0","0","0","0","0","0","0","0","0","0","0","0","0","0","0","0","0","0","0","0","0","0"
"00004463","한국전기연구원","00000041","대촌70","20221003","0","0","0","0","0","0","0","0","0","0","0","0","0","0","0","0","0","0","0","0","0","0","0","0","0","0","0","0","0","0","0","0","1","0","0","0","1","0","0","0","0","0","0","0","0","0","0","0"
"00004464","한국전기연구원","00000035","매월61(칠석)","20221003","1","5","4","5","1","1","3","1","0","0","0","0","0","4","1","4","0","0","0","0","0","0","0","0","0","0","0","0","0","0","0","0","0","0","1","0","0","0","1","0","0","0","0","0","0","0","0","0"
"00004464","한국전기연구원","00000040","대촌69","20221003","1","2","0","2","1","2","0","2","0","0","0","0","0","0","0","0","0","0","0","0","0","0","0","0","0","0","0","0","0","0","0","0","0","0","0","0","0","0","0","0","0","0","0","0","0","0","0","0"
"00004464","한국전기연구원","00000041","대촌70","20221003","2","5","1","5","1","2","1","2","0","0","0","0","1","3","0","3","0","0","0","0","0","0","0","0","0","0","0","0","0","0","0","0","0","0","0","0","0","0","0","0","0","0","0","0","0","0","0","0"
"00004465","한국기초과학지원연구원","00000035","매월61(칠석)","20221003","0","2","0","2","0","2","0","2","0","0","0","0","0","0","0","0","0","0","3","0","0","0","2","0","0","0","1","0","0","0","0","0","0","0","0","0","0","0","0","0","0","0","0","0","0","0","0","0"
"00004465","한국기초과학지원연구원","00000040","대촌69","20221003","0","0","0","0","0","0","0","0","0","0","0","0","0","0","0","0","0","0","1","0","0","0","1","0","0","0","0","0","0","0","0","0","0","0","0","0","0","0","0","0","0","0","0","0","0","0","0","0"
"00004465","한국기초과학지원연구원","00000041","대촌70","20221003","0","0","0","0","0","0","0","0","0","0","0","0","0","0","0","0","0","0","0","0","0","0","0","0","0","0","0","0","0","0","0","0","0","0","0","0","0","0","0","0","0","0","0","0","0","0","0","0"
"00004466","한국기초과학지원연구원","00000035","매월61(칠석)","20221003","0","4","4","4","0","4","4","4","0","0","0","0","0","0","0","0","0","0","0","0","0","0","0","0","0","0","0","0","0","0","0","0","0","0","0","0","0","0","0","0","0","0","0","0","0","0","0","0"
"00004466","한국기초과학지원연구원","00000040","대촌69","20221003","1","1","0","1","1","0","0","0","0","0","0","0","0","1","0","1","0","0","0","0","0","0","0","0","0","0","0","0","0","0","0","0","0","0","0","0","0","0","0","0","0","0","0","0","0","0","0","0"
"00004466","한국기초과학지원연구원","00000041","대촌70","20221003","3","2","2","2","2","0","2","0","0","0","0","0","1","2","0","2","0","0","1","0","0","0","1","0","0","0","0","0","0","0","0","0","0","0","0","0","0","0","0","0","0","0","0","0","0","0","0","0"
"00004468","도금마을회관","00000208","마을715(대촌)","20221003","0","0","1","0","0","0","1","0","0","0","0","0","0","0","0","0","0","0","0","0","0","0","0","0","0","0","0","0","0","0","0","0","0","0","0","0","0","0","0","0","0","0","0","0","0","0","0","0"
"00004469","용연동","00000027","지원52","20221003","1","1","2","1","1","1","2","1","0","0","0","0","0","0","0","0","0","0","0","0","0","0","0","0","0","0","0","0","0","0","0","0","0","0","0","0","0","0","0","0","0","0","0","0","0","0","0","0"
"00004471","상무역입구","00000214","마을799","20221003","0","0","0","0","0","0","0","0","0","0","0","0","0","0","0","0","0","0","0","0","0","0","0","0","0","0","0","0","0","0","0","0","0","0","0","0","0","0","0","0","0","0","0","0","0","0","0","0"
"00004476","김대중컨벤션센터후문","00000214","마을799","20221003","0","0","0","0","0","0","0","0","0","0","0","0","0","0","0","0","0","0","0","0","0","0","0","0","0","0","0","0","0","0","0","0","0","0","0","0","0","0","0","0","0","0","0","0","0","0","0","0"
"00005053","연합의원","00000073","대촌170","20221003","0","2","0","2","0","1","0","1","0","0","0","0","0","1","0","1","0","0","0","0","0","0","0","0","0","0","0","0","0","0","0","0","0","0","0","0","0","0","0","0","0","0","0","0","0","0","0","0"
"00005054","연합의원","00000073","대촌170","20221003","0","0","0","0","0","0","0","0","0","0","0","0","0","0","0","0","0","0","0","0","0","0","0","0","0","0","0","0","0","0","0","0","0","0","0","0","0","0","0","0","0","0","0","0","0","0","0","0"
"00005300","교촌마을","00000073","대촌170","20221003","0","0","0","0","0","0","0","0","0","0","0","0","0","0","0","0","0","0","0","0","0","0","0","0","0","0","0","0","0","0","0","0","0","0","0","0","0","0","0","0","0","0","0","0","0","0","0","0"
"00006660","금호2동주민센터","00000201","마을760","20221003","0","1","0","1","0","0","0","0","0","0","0","0","0","1","0","1","0","1","0","1","0","1","0","1","0","0","0","0","0","0","0","0","0","0","0","0","0","0","0","0","0","0","0","0","0","0","0","0"
"00006661","금호2동주민센터","00000201","마을760","20221003","6","6","6","6","6","5","5","5","0","0","0","0","0","1","1","1","0","0","1","0","0","0","1","0","0","0","0","0","0","0","0","0","0","0","0","0","0","0","0","0","0","0","0","0","0","0","0","0"
"00006662","EG아파트","00000201","마을760","20221003","1","0","2","0","1","0","1","0","0","0","0","0","0","0","1","0","0","0","0","0","0","0","0","0","0","0","0","0","0","0","0","0","0","0","0","0","0","0","0","0","0","0","0","0","0","0","0","0"
"00006663","EG아파트","00000201","마을760","20221003","0","0","3","0","0","0","1","0","0","0","0","0","0","0","2","0","0","1","0","1","0","1","0","1","0","0","0","0","0","0","0","0","0","0","0","0","0","0","0","0","0","0","0","0","0","0","0","0"
"00006664","보건환경연구원","00000011","첨단20","20221003","0","1","0","1","0","1","0","1","0","0","0","0","0","0","0","0","0","0","3","0","0","0","3","0","0","0","0","0","0","0","0","0","0","0","0","0","0","0","0","0","0","0","0","0","0","0","0","0"
"00006664","보건환경연구원","00000025","운림50","20221003","9","7","5","7","9","6","5","6","0","0","0","0","0","1","0","1","1","4","2","4","1","4","2","4","0","0","0","0","0","0","0","0","0","1","1","1","0","1","1","1","0","0","0","0","0","0","0","0"
"00006664","보건환경연구원","00000035","매월61(칠석)","20221003","3","6","2","6","3","6","2","6","0","0","0","0","0","0","0","0","3","1","1","1","3","1","1","1","0","0","0","0","0","0","0","0","0","0","0","0","0","0","0","0","0","0","0","0","0","0","0","0"
"00006664","보건환경연구원","00000044","송암73","20221003","11","8","8","8","11","8","6","8","0","0","0","0","0","0","2","0","4","1","3","1","4","1","3","1","0","0","0","0","0","0","0","0","0","0","1","0","0","0","1","0","0","0","0","0","0","0","0","0"
"00006664","보건환경연구원","00000048","진월77","20221003","1","2","1","2","1","2","0","2","0","0","0","0","0","0","1","0","0","0","0","0","0","0","0","0","0","0","0","0","0","0","0","0","0","0","0","0","0","0","0","0","0","0","0","0","0","0","0","0"
"00006665","평촌도요지","00000078","충효187","20221003","0","0","0","0","0","0","0","0","0","0","0","0","0","0","0","0","0","0","0","0","0","0","0","0","0","0","0","0","0","0","0","0","0","0","0","0","0","0","0","0","0","0","0","0","0","0","0","0"
"00006667","신용중입구","00000108","송정33","20221003","1","0","0","0","1","0","0","0","0","0","0","0","0","0","0","0","0","0","3","0","0","0","3","0","0","0","0","0","0","0","0","0","0","0","0","0","0","0","0","0","0","0","0","0","0","0","0","0"
"00006667","신용중입구","00000116","첨단22","20221003","5","10","7","10","5","8","5","8","0","0","0","0","0","2","2","2","0","0","0","0","0","0","0","0","0","0","0","0","0","0","0","0","0","0","0","0","0","0","0","0","0","0","0","0","0","0","0","0"
"00006667","신용중입구","00000214","마을799","20221003","0","0","1","0","0","0","1","0","0","0","0","0","0","0","0","0","0","0","0","0","0","0","0","0","0","0","0","0","0","0","0","0","0","0","0","0","0","0","0","0","0","0","0","0","0","0","0","0"
"00006668","신용중입구","00000108","송정33","20221003","2","2","4","2","1","2","3","2","0","0","1","0","1","0","0","0","0","0","0","0","0","0","0","0","0","0","0","0","0","0","0","0","0","0","0","0","0","0","0","0","0","0","0","0","0","0","0","0"
"00006668","신용중입구","00000116","첨단22","20221003","2","0","7","0","1","0","6","0","0","0","0","0","1","0","1","0","1","0","0","0","1","0","0","0","0","0","0","0","0","0","0","0","0","0","0","0","0","0","0","0","0","0","0","0","0","0","0","0"
"00006668","신용중입구","00000214","마을799","20221003","0","0","0","0","0","0","0","0","0","0","0","0","0","0","0","0","0","0","0","0","0","0","0","0","0","0","0","0","0","0","0","0","0","0","0","0","0","0","0","0","0","0","0","0","0","0","0","0"
"00006669","첨단2호반아파트","00000108","송정33","20221003","0","5","10","5","0","2","9","2","0","2","0","2","0","1","1","1","0","0","0","0","0","0","0","0","0","0","0","0","0","0","0","0","0","0","0","0","0","0","0","0","0","0","0","0","0","0","0","0"
"00006669","첨단2호반아파트","00000116","첨단22","20221003","7","9","17","9","7","6","17","6","0","1","0","1","0","2","0","2","0","0","0","0","0","0","0","0","0","0","0","0","0","0","0","0","0","0","0","0","0","0","0","0","0","0","0","0","0","0","0","0"
"00006669","첨단2호반아파트","00000214","마을799","20221003","1","4","0","4","1","4","0","4","0","0","0","0","0","0","0","0","0","0","0","0","0","0","0","0","0","0","0","0","0","0","0","0","0","0","0","0","0","0","0","0","0","0","0","0","0","0","0","0"
"00006670","첨단2호반아파트","00000108","송정33","20221003","3","5","7","5","2","4","5","4","0","0","0","0","1","1","2","1","0","1","0","1","0","1","0","1","0","0","0","0","0","0","0","0","0","0","0","0","0","0","0","0","0","0","0","0","0","0","0","0"
"00006670","첨단2호반아파트","00000116","첨단22","20221003","0","4","4","4","0","4","3","4","0","0","0","0","0","0","1","0","0","5","3","5","0","3","2","3","0","2","0","2","0","0","1","0","0","0","0","0","0","0","0","0","0","0","0","0","0","0","0","0"
"00006670","첨단2호반아파트","00000214","마을799","20221003","1","0","1","0","0","0","1","0","0","0","0","0","1","0","0","0","0","1","0","1","0","1","0","1","0","0","0","0","0","0","0","0","0","0","0","0","0","0","0","0","0","0","0","0","0","0","0","0"
"00006671","첨단과학산업단지","00000108","송정33","20221003","1","0","0","0","1","0","0","0","0","0","0","0","0","0","0","0","0","0","0","0","0","0","0","0","0","0","0","0","0","0","0","0","0","0","0","0","0","0","0","0","0","0","0","0","0","0","0","0"
"00006671","첨단과학산업단지","00000116","첨단22","20221003","0","3","3","3","0","3","3","3","0","0","0","0","0","0","0","0","2","2","3","2","2","1","3","1","0","0","0","0","0","1","0","1","0","1","0","1","0","1","0","1","0","0","0","0","0","0","0","0"
"00006672","첨단과학산업단지","00000108","송정33","20221003","0","0","0","0","0","0","0","0","0","0","0","0","0","0","0","0","0","0","0","0","0","0","0","0","0","0","0","0","0","0","0","0","0","0","0","0","0","0","0","0","0","0","0","0","0","0","0","0"
"00006672","첨단과학산업단지","00000116","첨단22","20221003","0","0","0","0","0","0","0","0","0","0","0","0","0","0","0","0","0","0","1","0","0","0","1","0","0","0","0","0","0","0","0","0","0","0","0","0","0","0","0","0","0","0","0","0","0","0","0","0"
"00006673","보훈회관(518민주화운동교육관)","00000020","일곡38","20221003","0","1","2","1","0","1","2","1","0","0","0","0","0","0","0","0","0","0","1","0","0","0","1","0","0","0","0","0","0","0","0","0","0","0","0","0","0","0","0","0","0","0","0","0","0","0","0","0"
"00006674","보훈회관(518민주화운동교육관)","00000020","일곡38","20221003","0","0","0","0","0","0","0","0","0","0","0","0","0","0","0","0","0","0","0","0","0","0","0","0","0","0","0","0","0","0","0","0","0","0","0","0","0","0","0","0","0","0","0","0","0","0","0","0"
"00006677","시립제2요양병원","00000024","송암47","20221003","0","0","1","0","0","0","1","0","0","0","0","0","0","0","0","0","0","0","0","0","0","0","0","0","0","0","0","0","0","0","0","0","0","0","0","0","0","0","0","0","0","0","0","0","0","0","0","0"
"00006677","시립제2요양병원","00000065","첨단95","20221003","0","0","0","0","0","0","0","0","0","0","0","0","0","0","0","0","0","0","0","0","0","0","0","0","0","0","0","0","0","0","0","0","0","0","0","0","0","0","0","0","0","0","0","0","0","0","0","0"
"00006678","시립제2요양병원","00000024","송암47","20221003","1","0","0","0","1","0","0","0","0","0","0","0","0","0","0","0","0","0","0","0","0","0","0","0","0","0","0","0","0","0","0","0","0","0","0","0","0","0","0","0","0","0","0","0","0","0","0","0"
"00006678","시립제2요양병원","00000030","금남55","20221003","2","1","0","1","2","1","0","1","0","0","0","0","0","0","0","0","0","0","0","0","0","0","0","0","0","0","0","0","0","0","0","0","0","0","0","0","0","0","0","0","0","0","0","0","0","0","0","0"
"00006678","시립제2요양병원","00000034","금남59","20221003","1","2","0","2","1","2","0","2","0","0","0","0","0","0","0","0","0","0","0","0","0","0","0","0","0","0","0","0","0","0","0","0","0","0","0","0","0","0","0","0","0","0","0","0","0","0","0","0"
"00006678","시립제2요양병원","00000065","첨단95","20221003","0","0","4","0","0","0","4","0","0","0","0","0","0","0","0","0","0","0","0","0","0","0","0","0","0","0","0","0","0","0","0","0","0","0","0","0","0","0","0","0","0","0","0","0","0","0","0","0"
"00006678","시립제2요양병원","00000074","진월177","20221003","0","0","0","0","0","0","0","0","0","0","0","0","0","0","0","0","0","0","0","0","0","0","0","0","0","0","0","0","0","0","0","0","0","0","0","0","0","0","0","0","0","0","0","0","0","0","0","0"
"00006680","지원화훼단지","00000006","지원15","20221003","0","0","0","0","0","0","0","0","0","0","0","0","0","0","0","0","0","1","0","1","0","1","0","1","0","0","0","0","0","0","0","0","0","0","0","0","0","0","0","0","0","0","0","0","0","0","0","0"
"00006680","지원화훼단지","00000012","지원25","20221003","0","0","0","0","0","0","0","0","0","0","0","0","0","0","0","0","0","1","1","1","0","1","1","1","0","0","0","0","0","0","0","0","0","0","0","0","0","0","0","0","0","0","0","0","0","0","0","0"
"00006680","지원화훼단지","00000023","지원45","20221003","0","0","0","0","0","0","0","0","0","0","0","0","0","0","0","0","0","2","1","2","0","2","1","2","0","0","0","0","0","0","0","0","0","0","0","0","0","0","0","0","0","0","0","0","0","0","0","0"
"00006680","지원화훼단지","00000027","지원52","20221003","0","0","0","0","0","0","0","0","0","0","0","0","0","0","0","0","1","0","1","0","1","0","1","0","0","0","0","0","0","0","0","0","0","0","0","0","0","0","0","0","0","0","0","0","0","0","0","0"
"00006680","지원화훼단지","00000071","228(구151화순사평)","20221003","0","0","0","0","0","0","0","0","0","0","0","0","0","0","0","0","6","0","0","0","6","0","0","0","0","0","0","0","0","0","0","0","0","0","0","0","0","0","0","0","0","0","0","0","0","0","0","0"
"00006680","지원화훼단지","00000072","지원152(능주역)","20221003","0","0","0","0","0","0","0","0","0","0","0","0","0","0","0","0","0","1","0","1","0","1","0","1","0","0","0","0","0","0","0","0","0","0","0","0","0","0","0","0","0","0","0","0","0","0","0","0"
"00006680","지원화훼단지","00000122","228(화순전대병원)","20221003","0","0","0","0","0","0","0","0","0","0","0","0","0","0","0","0","0","1","4","1","0","1","4","1","0","0","0","0","0","0","0","0","0","0","0","0","0","0","0","0","0","0","0","0","0","0","0","0"
"00006680","지원화훼단지","00000123","지원152(도웅리)","20221003","0","0","0","0","0","0","0","0","0","0","0","0","0","0","0","0","0","0","1","0","0","0","1","0","0","0","0","0","0","0","0","0","0","0","0","0","0","0","0","0","0","0","0","0","0","0","0","0"
"00006681","신기교","00000100","진월75","20221003","0","0","1","0","0","0","1","0","0","0","0","0","0","0","0","0","0","0","0","0","0","0","0","0","0","0","0","0","0","0","0","0","0","0","0","0","0","0","0","0","0","0","0","0","0","0","0","0"
"00006681","신기교","00000111","송암68","20221003","2","0","0","0","2","0","0","0","0","0","0","0","0","0","0","0","1","0","1","0","1","0","1","0","0","0","0","0","0","0","0","0","0","0","0","0","0","0","0","0","0","0","0","0","0","0","0","0"
"00006681","신기교","00000114","수완03","20221003","0","1","0","1","0","1","0","1","0","0","0","0","0","0","0","0","1","2","1","2","1","2","1","2","0","0","0","0","0","0","0","0","0","1","0","1","0","1","0","1","0","0","0","0","0","0","0","0"
"00006682","신기교","00000047","봉선76","20221003","0","1","0","1","0","1","0","1","0","0","0","0","0","0","0","0","0","0","0","0","0","0","0","0","0","0","0","0","0","0","0","0","0","0","0","0","0","0","0","0","0","0","0","0","0","0","0","0"
"00006682","신기교","00000100","진월75","20221003","0","2","0","2","0","2","0","2","0","0","0","0","0","0","0","0","0","0","0","0","0","0","0","0","0","0","0","0","0","0","0","0","0","0","0","0","0","0","0","0","0","0","0","0","0","0","0","0"
"00006682","신기교","00000111","송암68","20221003","4","4","0","4","4","4","0","4","0","0","0","0","0","0","0","0","0","0","0","0","0","0","0","0","0","0","0","0","0","0","0","0","0","1","0","1","0","1","0","1","0","0","0","0","0","0","0","0"
"00006682","신기교","00000114","수완03","20221003","2","10","8","10","2","9","8","9","0","1","0","1","0","0","0","0","0","0","0","0","0","0","0","0","0","0","0","0","0","0","0","0","0","0","0","0","0","0","0","0","0","0","0","0","0","0","0","0"
"00006683","대동마을","00000047","봉선76","20221003","1","0","0","0","1","0","0","0","0","0","0","0","0","0","0","0","0","1","0","1","0","1","0","1","0","0","0","0","0","0","0","0","0","0","0","0","0","0","0","0","0","0","0","0","0","0","0","0"
"00006683","대동마을","00000050","진월79","20221003","4","4","2","4","3","4","2","4","1","0","0","0","0","0","0","0","0","0","0","0","0","0","0","0","0","0","0","0","0","0","0","0","0","0","0","0","0","0","0","0","0","0","0","0","0","0","0","0"
"00006683","대동마을","00000100","진월75","20221003","1","1","0","1","1","1","0","1","0","0","0","0","0","0","0","0","0","0","0","0","0","0","0","0","0","0","0","0","0","0","0","0","0","0","0","0","0","0","0","0","0","0","0","0","0","0","0","0"
"00006683","대동마을","00000111","송암68","20221003","1","0","0","0","1","0","0","0","0","0","0","0","0","0","0","0","0","0","1","0","0","0","1","0","0","0","0","0","0","0","0","0","0","0","0","0","0","0","0","0","0","0","0","0","0","0","0","0"
"00006683","대동마을","00000114","수완03","20221003","2","4","4","4","2","2","1","2","0","0","0","0","0","2","3","2","0","0","4","0","0","0","4","0","0","0","0","0","0","0","0","0","0","0","0","0","0","0","0","0","0","0","0","0","0","0","0","0"
"00006684","대동마을","00000047","봉선76","20221003","1","2","2","2","1","1","2","1","0","0","0","0","0","1","0","1","1","0","0","0","1","0","0","0","0","0","0","0","0","0","0","0","0","0","0","0","0","0","0","0","0","0","0","0","0","0","0","0"
"00006684","대동마을","00000050","진월79","20221003","0","0","0","0","0","0","0","0","0","0","0","0","0","0","0","0","0","2","0","2","0","2","0","2","0","0","0","0","0","0","0","0","0","0","0","0","0","0","0","0","0","0","0","0","0","0","0","0"
"00006684","대동마을","00000100","진월75","20221003","4","3","4","3","4","2","4","2","0","0","0","0","0","1","0","1","0","0","0","0","0","0","0","0","0","0","0","0","0","0","0","0","0","0","0","0","0","0","0","0","0","0","0","0","0","0","0","0"
"00006684","대동마을","00000111","송암68","20221003","2","8","5","8","2","6","4","6","0","0","0","0","0","2","1","2","0","0","0","0","0","0","0","0","0","0","0","0","0","0","0","0","0","1","0","1","0","1","0","1","0","0","0","0","0","0","0","0"
"00006684","대동마을","00000114","수완03","20221003","28","41","21","41","27","40","18","40","0","0","0","0","1","1","3","1","0","1","0","1","0","1","0","1","0","0","0","0","0","0","0","0","1","0","0","0","1","0","0","0","0","0","0","0","0","0","0","0"
"00006685","효천초교","00000047","봉선76","20221003","0","1","1","1","0","1","1","1","0","0","0","0","0","0","0","0","0","0","0","0","0","0","0","0","0","0","0","0","0","0","0","0","1","0","0","0","1","0","0","0","0","0","0","0","0","0","0","0"
"00006685","효천초교","00000050","진월79","20221003","2","0","0","0","1","0","0","0","0","0","0","0","1","0","0","0","1","1","0","1","1","1","0","1","0","0","0","0","0","0","0","0","0","0","0","0","0","0","0","0","0","0","0","0","0","0","0","0"
"00006685","효천초교","00000100","진월75","20221003","0","9","3","9","0","4","2","4","0","3","0","3","0","2","1","2","0","0","0","0","0","0","0","0","0","0","0","0","0","0","0","0","0","0","0","0","0","0","0","0","0","0","0","0","0","0","0","0"
"00006685","효천초교","00000111","송암68","20221003","2","7","3","7","2","6","3","6","0","0","0","0","0","1","0","1","0","0","0","0","0","0","0","0","0","0","0","0","0","0","0","0","0","0","0","0","0","0","0","0","0","0","0","0","0","0","0","0"
"00006685","효천초교","00000114","수완03","20221003","19","23","22","23","17","18","18","18","0","3","0","3","2","2","4","2","0","0","0","0","0","0","0","0","0","0","0","0","0","0","0","0","0","0","0","0","0","0","0","0","0","0","0","0","0","0","0","0"
"00006686","효천초교","00000047","봉선76","20221003","1","0","0","0","1","0","0","0","0","0","0","0","0","0","0","0","0","0","0","0","0","0","0","0","0","0","0","0","0","0","0","0","0","0","0","0","0","0","0","0","0","0","0","0","0","0","0","0"
"00006686","효천초교","00000050","진월79","20221003","4","1","1","1","4","1","1","1","0","0","0","0","0","0","0","0","0","0","0","0","0","0","0","0","0","0","0","0","0","0","0","0","0","0","0","0","0","0","0","0","0","0","0","0","0","0","0","0"
"00006686","효천초교","00000100","진월75","20221003","0","1","0","1","0","1","0","1","0","0","0","0","0","0","0","0","0","0","0","0","0","0","0","0","0","0","0","0","0","0","0","0","0","0","0","0","0","0","0","0","0","0","0","0","0","0","0","0"
"00006686","효천초교","00000111","송암68","20221003","1","0","0","0","1","0","0","0","0","0","0","0","0","0","0","0","0","0","1","0","0","0","1","0","0","0","0","0","0","0","0","0","0","0","0","0","0","0","0","0","0","0","0","0","0","0","0","0"
"00006686","효천초교","00000114","수완03","20221003","2","2","2","2","2","2","0","2","0","0","1","0","0","0","1","0","2","1","1","1","2","1","0","1","0","0","0","0","0","0","1","0","0","0","1","0","0","0","1","0","0","0","0","0","0","0","0","0"
"00006687","효천천년나무3단지","00000050","진월79","20221003","9","5","2","5","9","3","2","3","0","0","0","0","0","2","0","2","0","0","0","0","0","0","0","0","0","0","0","0","0","0","0","0","0","0","0","0","0","0","0","0","0","0","0","0","0","0","0","0"
"00006688","신효천마을","00000047","봉선76","20221003","1","0","0","0","1","0","0","0","0","0","0","0","0","0","0","0","0","0","0","0","0","0","0","0","0","0","0","0","0","0","0","0","0","0","0","0","0","0","0","0","0","0","0","0","0","0","0","0"
"00006688","신효천마을","00000050","진월79","20221003","0","0","0","0","0","0","0","0","0","0","0","0","0","0","0","0","0","1","0","1","0","1","0","1","0","0","0","0","0","0","0","0","0","0","0","0","0","0","0","0","0","0","0","0","0","0","0","0"
"00006688","신효천마을","00000100","진월75","20221003","1","0","0","0","1","0","0","0","0","0","0","0","0","0","0","0","0","0","0","0","0","0","0","0","0","0","0","0","0","0","0","0","0","0","0","0","0","0","0","0","0","0","0","0","0","0","0","0"
"00006688","신효천마을","00000111","송암68","20221003","1","0","2","0","1","0","2","0","0","0","0","0","0","0","0","0","0","0","0","0","0","0","0","0","0","0","0","0","0","0","0","0","0","0","0","0","0","0","0","0","0","0","0","0","0","0","0","0"
"00006689","빛고을전남대병원","00000034","금남59","20221003","0","0","0","0","0","0","0","0","0","0","0","0","0","0","0","0","0","0","0","0","0","0","0","0","0","0","0","0","0","0","0","0","0","0","0","0","0","0","0","0","0","0","0","0","0","0","0","0"
"00006689","빛고을전남대병원","00000065","첨단95","20221003","0","0","0","0","0","0","0","0","0","0","0","0","0","0","0","0","1","1","0","1","1","1","0","1","0","0","0","0","0","0","0","0","0","0","0","0","0","0","0","0","0","0","0","0","0","0","0","0"
"00006690","신수교","00000116","첨단22","20221003","0","0","0","0","0","0","0","0","0","0","0","0","0","0","0","0","2","0","0","0","1","0","0","0","0","0","0","0","1","0","0","0","0","0","0","0","0","0","0","0","0","0","0","0","0","0","0","0"
"00006691","연제외촌입구","00000108","송정33","20221003","0","2","1","2","0","2","1","2","0","0","0","0","0","0","0","0","0","0","0","0","0","0","0","0","0","0","0","0","0","0","0","0","0","0","0","0","0","0","0","0","0","0","0","0","0","0","0","0"
"00006691","연제외촌입구","00000116","첨단22","20221003","3","3","1","3","3","2","1","2","0","1","0","1","0","0","0","0","0","0","0","0","0","0","0","0","0","0","0","0","0","0","0","0","0","0","0","0","0","0","0","0","0","0","0","0","0","0","0","0"
"00006692","빛고을로입구","00000116","첨단22","20221003","1","0","0","0","1","0","0","0","0","0","0","0","0","0","0","0","0","0","0","0","0","0","0","0","0","0","0","0","0","0","0","0","0","0","0","0","0","0","0","0","0","0","0","0","0","0","0","0"
"00006692","빛고을로입구","00000214","마을799","20221003","1","0","0","0","1","0","0","0","0","0","0","0","0","0","0","0","0","0","0","0","0","0","0","0","0","0","0","0","0","0","0","0","0","0","0","0","0","0","0","0","0","0","0","0","0","0","0","0"
"00006693","화암마을위","00000087","1187","20221003","1","0","0","0","1","0","0","0","0","0","0","0","0","0","0","0","0","0","0","0","0","0","0","0","0","0","0","0","0","0","0","0","0","0","0","0","0","0","0","0","0","0","0","0","0","0","0","0"
"00006693","화암마을위","00000097","1187-1","20221003","0","0","0","0","0","0","0","0","0","0","0","0","0","0","0","0","0","0","0","0","0","0","0","0","0","0","0","0","0","0","0","0","0","0","0","0","0","0","0","0","0","0","0","0","0","0","0","0"
"00006694","화암마을위","00000078","충효187","20221003","0","0","0","0","0","0","0","0","0","0","0","0","0","0","0","0","0","0","0","0","0","0","0","0","0","0","0","0","0","0","0","0","0","0","0","0","0","0","0","0","0","0","0","0","0","0","0","0"
"00006694","화암마을위","00000087","1187","20221003","0","0","0","0","0","0","0","0","0","0","0","0","0","0","0","0","0","0","0","0","0","0","0","0","0","0","0","0","0","0","0","0","0","0","0","0","0","0","0","0","0","0","0","0","0","0","0","0"
"00006695","무등산국립공원(증심사)","00000047","봉선76","20221003","0","0","2","0","0","0","2","0","0","0","0","0","0","0","0","0","0","0","0","0","0","0","0","0","0","0","0","0","0","0","0","0","0","0","0","0","0","0","0","0","0","0","0","0","0","0","0","0"
"00006698","육판서길","00000027","지원52","20221003","0","0","0","0","0","0","0","0","0","0","0","0","0","0","0","0","1","0","0","0","1","0","0","0","0","0","0","0","0","0","0","0","0","0","0","0","0","0","0","0","0","0","0","0","0","0","0","0"
"00006699","보훈회관(서)","00000012","지원25","20221003","0","1","0","1","0","1","0","1","0","0","0","0","0","0","0","0","0","0","0","0","0","0","0","0","0","0","0","0","0","0","0","0","0","0","0","0","0","0","0","0","0","0","0","0","0","0","0","0"
"00006699","보훈회관(서)","00000023","지원45","20221003","0","0","1","0","0","0","1","0","0","0","0","0","0","0","0","0","0","0","0","0","0","0","0","0","0","0","0","0","0","0","0","0","0","0","0","0","0","0","0","0","0","0","0","0","0","0","0","0"
"00006700","보훈회관(서)","00000012","지원25","20221003","0","1","0","1","0","1","0","1","0","0","0","0","0","0","0","0","0","0","0","0","0","0","0","0","0","0","0","0","0","0","0","0","0","0","0","0","0","0","0","0","0","0","0","0","0","0","0","0"
"00006700","보훈회관(서)","00000023","지원45","20221003","0","0","1","0","0","0","1","0","0","0","0","0","0","0","0","0","0","0","0","0","0","0","0","0","0","0","0","0","0","0","0","0","0","0","0","0","0","0","0","0","0","0","0","0","0","0","0","0"
"00006703","제일장식","00000072","지원152(능주역)","20221003","0","0","0","0","0","0","0","0","0","0","0","0","0","0","0","0","0","0","0","0","0","0","0","0","0","0","0","0","0","0","0","0","0","0","0","0","0","0","0","0","0","0","0","0","0","0","0","0"
"00006703","제일장식","00000123","지원152(도웅리)","20221003","0","0","0","0","0","0","0","0","0","0","0","0","0","0","0","0","0","0","0","0","0","0","0","0","0","0","0","0","0","0","0","0","0","0","0","0","0","0","0","0","0","0","0","0","0","0","0","0"
"00006704","다사랑병원","00000012","지원25","20221003","0","0","0","0","0","0","0","0","0","0","0","0","0","0","0","0","0","1","0","1","0","1","0","1","0","0","0","0","0","0","0","0","0","0","0","0","0","0","0","0","0","0","0","0","0","0","0","0"
"00006704","다사랑병원","00000100","진월75","20221003","0","0","0","0","0","0","0","0","0","0","0","0","0","0","0","0","0","2","1","2","0","2","1","2","0","0","0","0","0","0","0","0","0","0","0","0","0","0","0","0","0","0","0","0","0","0","0","0"
"00006705","다사랑병원","00000012","지원25","20221003","0","0","1","0","0","0","1","0","0","0","0","0","0","0","0","0","0","0","0","0","0","0","0","0","0","0","0","0","0","0","0","0","0","0","0","0","0","0","0","0","0","0","0","0","0","0","0","0"
"00006705","다사랑병원","00000100","진월75","20221003","0","0","0","0","0","0","0","0","0","0","0","0","0","0","0","0","0","0","0","0","0","0","0","0","0","0","0","0","0","0","0","0","0","0","0","0","0","0","0","0","0","0","0","0","0","0","0","0"
"00006706","하남1교","00000009","문흥18","20221003","1","0","0","0","1","0","0","0","0","0","0","0","0","0","0","0","1","1","0","1","1","1","0","1","0","0","0","0","0","0","0","0","0","0","0","0","0","0","0","0","0","0","0","0","0","0","0","0"
"00006706","하남1교","00000102","수완12","20221003","0","0","0","0","0","0","0","0","0","0","0","0","0","0","0","0","0","0","0","0","0","0","0","0","0","0","0","0","0","0","0","0","0","0","0","0","0","0","0","0","0","0","0","0","0","0","0","0"
"00006707","하남1교","00000009","문흥18","20221003","0","0","0","0","0","0","0","0","0","0","0","0","0","0","0","0","1","1","2","1","1","1","2","1","0","0","0","0","0","0","0","0","0","0","0","0","0","0","0","0","0","0","0","0","0","0","0","0"
"00006709","운암마을","00000093","송정97","20221003","0","2","0","2","0","2","0","2","0","0","0","0","0","0","0","0","0","0","0","0","0","0","0","0","0","0","0","0","0","0","0","0","0","0","0","0","0","0","0","0","0","0","0","0","0","0","0","0"
"00006710","문화예술위원회","00000109","좌석02","20221003","0","0","0","0","0","0","0","0","0","0","0","0","0","0","0","0","0","0","0","0","0","0","0","0","0","0","0","0","0","0","0","0","0","0","0","0","0","0","0","0","0","0","0","0","0","0","0","0"
"00006711","호수공원","00000109","좌석02","20221003","0","0","0","0","0","0","0","0","0","0","0","0","0","0","0","0","0","0","0","0","0","0","0","0","0","0","0","0","0","0","0","0","0","0","0","0","0","0","0","0","0","0","0","0","0","0","0","0"
"00006712","우정사업정보센터","00000109","좌석02","20221003","0","0","0","0","0","0","0","0","0","0","0","0","0","0","0","0","0","0","0","0","0","0","0","0","0","0","0","0","0","0","0","0","0","0","0","0","0","0","0","0","0","0","0","0","0","0","0","0"
"00006713","국립전파연구원","00000109","좌석02","20221003","1","0","0","0","1","0","0","0","0","0","0","0","0","0","0","0","0","0","0","0","0","0","0","0","0","0","0","0","0","0","0","0","0","0","0","0","0","0","0","0","0","0","0","0","0","0","0","0"
"00006714","한빛1교","00000109","좌석02","20221003","0","0","0","0","0","0","0","0","0","0","0","0","0","0","0","0","0","0","0","0","0","0","0","0","0","0","0","0","0","0","0","0","0","0","0","0","0","0","0","0","0","0","0","0","0","0","0","0"
"00006716","혁신로","00000109","좌석02","20221003","0","0","0","0","0","0","0","0","0","0","0","0","0","0","0","0","0","0","0","0","0","0","0","0","0","0","0","0","0","0","0","0","0","0","0","0","0","0","0","0","0","0","0","0","0","0","0","0"
"00006717","빛가람행정복지센터","00000109","좌석02","20221003","0","3","0","3","0","3","0","3","0","0","0","0","0","0","0","0","0","0","0","0","0","0","0","0","0","0","0","0","0","0","0","0","0","0","0","0","0","0","0","0","0","0","0","0","0","0","0","0"
"00006718","한전KDN","00000109","좌석02","20221003","0","1","0","1","0","1","0","1","0","0","0","0","0","0","0","0","0","0","0","0","0","0","0","0","0","0","0","0","0","0","0","0","0","0","0","0","0","0","0","0","0","0","0","0","0","0","0","0"
"00006720","조선대장미원","00000031","419","20221003","0","1","1","1","0","1","1","1","0","0","0","0","0","0","0","0","0","1","0","1","0","1","0","1","0","0","0","0","0","0","0","0","0","0","0","0","0","0","0","0","0","0","0","0","0","0","0","0"
"00006720","조선대장미원","00000032","금남57","20221003","0","2","6","2","0","2","6","2","0","0","0","0","0","0","0","0","0","0","0","0","0","0","0","0","0","0","0","0","0","0","0","0","0","0","0","0","0","0","0","0","0","0","0","0","0","0","0","0"
"00006720","조선대장미원","00000035","매월61(칠석)","20221003","0","0","0","0","0","0","0","0","0","0","0","0","0","0","0","0","0","0","0","0","0","0","0","0","0","0","0","0","0","0","0","0","0","0","0","0","0","0","0","0","0","0","0","0","0","0","0","0"
"00006720","조선대장미원","00000058","석곡87","20221003","0","2","1","2","0","0","1","0","0","0","0","0","0","2","0","2","0","0","0","0","0","0","0","0","0","0","0","0","0","0","0","0","0","0","0","0","0","0","0","0","0","0","0","0","0","0","0","0"
"00006721","조선대병원입구","00000031","419","20221003","0","0","0","0","0","0","0","0","0","0","0","0","0","0","0","0","0","0","0","0","0","0","0","0","0","0","0","0","0","0","0","0","0","0","1","0","0","0","1","0","0","0","0","0","0","0","0","0"
"00006721","조선대병원입구","00000032","금남57","20221003","0","0","0","0","0","0","0","0","0","0","0","0","0","0","0","0","0","0","0","0","0","0","0","0","0","0","0","0","0","0","0","0","0","0","0","0","0","0","0","0","0","0","0","0","0","0","0","0"
"00006721","조선대병원입구","00000035","매월61(칠석)","20221003","0","0","0","0","0","0","0","0","0","0","0","0","0","0","0","0","1","1","0","1","1","1","0","1","0","0","0","0","0","0","0","0","0","0","0","0","0","0","0","0","0","0","0","0","0","0","0","0"
"00006722","조선대대학원","00000031","419","20221003","0","0","0","0","0","0","0","0","0","0","0","0","0","0","0","0","0","0","1","0","0","0","0","0","0","0","0","0","0","0","1","0","0","0","0","0","0","0","0","0","0","0","0","0","0","0","0","0"
"00006722","조선대대학원","00000032","금남57","20221003","0","0","0","0","0","0","0","0","0","0","0","0","0","0","0","0","1","0","0","0","1","0","0","0","0","0","0","0","0","0","0","0","0","0","0","0","0","0","0","0","0","0","0","0","0","0","0","0"
"00006722","조선대대학원","00000035","매월61(칠석)","20221003","0","0","0","0","0","0","0","0","0","0","0","0","0","0","0","0","0","1","4","1","0","1","4","1","0","0","0","0","0","0","0","0","0","0","0","0","0","0","0","0","0","0","0","0","0","0","0","0"
"00006723","조선대해오름관","00000031","419","20221003","0","1","0","1","0","1","0","1","0","0","0","0","0","0","0","0","0","0","0","0","0","0","0","0","0","0","0","0","0","0","0","0","0","0","0","0","0","0","0","0","0","0","0","0","0","0","0","0"
"00006723","조선대해오름관","00000032","금남57","20221003","0","2","2","2","0","2","2","2","0","0","0","0","0","0","0","0","0","0","0","0","0","0","0","0","0","0","0","0","0","0","0","0","0","0","0","0","0","0","0","0","0","0","0","0","0","0","0","0"
"00006723","조선대해오름관","00000035","매월61(칠석)","20221003","0","3","5","3","0","3","5","3","0","0","0","0","0","0","0","0","0","0","0","0","0","0","0","0","0","0","0","0","0","0","0","0","0","0","0","0","0","0","0","0","0","0","0","0","0","0","0","0"
"00006724","조선대해오름관","00000031","419","20221003","0","0","0","0","0","0","0","0","0","0","0","0","0","0","0","0","0","0","0","0","0","0","0","0","0","0","0","0","0","0","0","0","0","0","0","0","0","0","0","0","0","0","0","0","0","0","0","0"
"00006724","조선대해오름관","00000032","금남57","20221003","0","0","1","0","0","0","1","0","0","0","0","0","0","0","0","0","0","0","1","0","0","0","1","0","0","0","0","0","0","0","0","0","0","0","0","0","0","0","0","0","0","0","0","0","0","0","0","0"
"00006724","조선대해오름관","00000035","매월61(칠석)","20221003","0","0","1","0","0","0","1","0","0","0","0","0","0","0","0","0","0","0","0","0","0","0","0","0","0","0","0","0","0","0","0","0","0","0","0","0","0","0","0","0","0","0","0","0","0","0","0","0"
"00006737","서창사거리","00000025","운림50","20221003","0","0","0","0","0","0","0","0","0","0","0","0","0","0","0","0","0","1","0","1","0","1","0","1","0","0","0","0","0","0","0","0","0","0","0","0","0","0","0","0","0","0","0","0","0","0","0","0"
"00006737","서창사거리","00000038","상무64","20221003","0","0","0","0","0","0","0","0","0","0","0","0","0","0","0","0","0","0","1","0","0","0","1","0","0","0","0","0","0","0","0","0","0","0","0","0","0","0","0","0","0","0","0","0","0","0","0","0"
"00006737","서창사거리","00000040","대촌69","20221003","0","0","0","0","0","0","0","0","0","0","0","0","0","0","0","0","2","0","1","0","2","0","1","0","0","0","0","0","0","0","0","0","0","0","0","0","0","0","0","0","0","0","0","0","0","0","0","0"
"00006737","서창사거리","00000083","대촌270","20221003","0","0","0","0","0","0","0","0","0","0","0","0","0","0","0","0","0","0","0","0","0","0","0","0","0","0","0","0","0","0","0","0","0","0","0","0","0","0","0","0","0","0","0","0","0","0","0","0"
"00006737","서창사거리","00000100","진월75","20221003","0","0","0","0","0","0","0","0","0","0","0","0","0","0","0","0","2","0","1","0","2","0","1","0","0","0","0","0","0","0","0","0","0","0","0","0","0","0","0","0","0","0","0","0","0","0","0","0"
"00006738","화순부영아파트","00000071","228(구151화순사평)","20221003","0","0","0","0","0","0","0","0","0","0","0","0","0","0","0","0","0","0","0","0","0","0","0","0","0","0","0","0","0","0","0","0","0","0","0","0","0","0","0","0","0","0","0","0","0","0","0","0"
"00006738","화순부영아파트","00000072","지원152(능주역)","20221003","1","1","0","1","1","1","0","1","0","0","0","0","0","0","0","0","0","1","0","1","0","1","0","1","0","0","0","0","0","0","0","0","0","0","0","0","0","0","0","0","0","0","0","0","0","0","0","0"
"00006738","화순부영아파트","00000122","228(화순전대병원)","20221003","0","0","0","0","0","0","0","0","0","0","0","0","0","0","0","0","0","0","0","0","0","0","0","0","0","0","0","0","0","0","0","0","0","0","0","0","0","0","0","0","0","0","0","0","0","0","0","0"
"00006738","화순부영아파트","00000123","지원152(도웅리)","20221003","0","0","0","0","0","0","0","0","0","0","0","0","0","0","0","0","0","0","0","0","0","0","0","0","0","0","0","0","0","0","0","0","0","0","0","0","0","0","0","0","0","0","0","0","0","0","0","0"
"00006748","전력거래소","00000109","좌석02","20221003","0","0","0","0","0","0","0","0","0","0","0","0","0","0","0","0","0","0","0","0","0","0","0","0","0","0","0","0","0","0","0","0","0","0","0","0","0","0","0","0","0","0","0","0","0","0","0","0"
"00006749","한국농촌경제연구원","00000109","좌석02","20221003","0","2","1","2","0","2","1","2","0","0","0","0","0","0","0","0","0","0","0","0","0","0","0","0","0","0","0","0","0","0","0","0","0","0","0","0","0","0","0","0","0","0","0","0","0","0","0","0"
"00007139","광주시립1요양병원","00000125","선운101","20221003","0","0","0","0","0","0","0","0","0","0","0","0","0","0","0","0","0","0","0","0","0","0","0","0","0","0","0","0","0","0","0","0","0","0","0","0","0","0","0","0","0","0","0","0","0","0","0","0"
